		timesteps		t		Temperature		Kin		Pot		TotalE
		0		0		8.13803		6103.52		-4257.43		1846.09
		50		0.498883		5.93588		4451.91		-2605.9		1846.01
		100		0.997765		3.84807		2886.05		-1039.97		1846.09
		150		1.49665		4.33287		3249.65		-1403.58		1846.07
		200		1.99553		4.17237		3129.27		-1283.19		1846.08
		250		2.49441		4.07737		3058.03		-1211.94		1846.09
		300		2.9933		4.08898		3066.73		-1220.63		1846.1
		350		3.49218		4.16994		3127.45		-1281.37		1846.08
		400		3.99106		3.93384		2950.38		-1104.27		1846.11
		450		4.48994		4.16867		3126.5		-1280.43		1846.07
		500		4.98883		3.91689		2937.67		-1091.57		1846.1
		550		5.48771		3.91548		2936.61		-1090.52		1846.09
		600		5.98659		4.05808		3043.56		-1197.47		1846.09
		650		6.48547		4.13665		3102.49		-1256.41		1846.08
		700		6.98436		4.04867		3036.5		-1190.42		1846.09
		750		7.48324		3.99653		2997.4		-1151.3		1846.1
		800		7.98212		4.15359		3115.19		-1269.11		1846.08
		850		8.48101		3.93641		2952.31		-1106.2		1846.1
		900		8.97989		3.96617		2974.63		-1128.54		1846.08
		950		9.47877		3.87668		2907.51		-1061.42		1846.09
		1000		9.97765		4.09679		3072.6		-1226.53		1846.07
		1050		10.4765		4.05947		3044.6		-1198.51		1846.1
		1100		10.9754		3.93887		2954.15		-1108.06		1846.09
		1150		11.4743		3.9559		2966.92		-1120.83		1846.1
		1200		11.9732		4.078		3058.5		-1212.41		1846.09
		1250		12.4721		3.94433		2958.25		-1112.15		1846.1
		1300		12.9709		4.09808		3073.56		-1227.49		1846.08
		1350		13.4698		3.87349		2905.12		-1059.02		1846.1
		1400		13.9687		3.78923		2841.92		-995.848		1846.07
		1450		14.4676		3.89208		2919.06		-1072.98		1846.08
		1500		14.9665		4.05379		3040.34		-1194.26		1846.08
		1550		15.4654		4.08817		3066.12		-1220.06		1846.07
		1600		15.9642		3.86999		2902.49		-1056.4		1846.09
		1650		16.4631		4.02473		3018.55		-1172.47		1846.08
		1700		16.962		3.91062		2932.96		-1086.86		1846.1
		1750		17.4609		3.88517		2913.88		-1067.78		1846.1
		1800		17.9598		3.89531		2921.49		-1075.38		1846.1
		1850		18.4587		3.99652		2997.39		-1151.3		1846.09
		1900		18.9575		4.03413		3025.6		-1179.51		1846.08
		1950		19.4564		4.14805		3111.03		-1264.96		1846.07
		2000		19.9553		3.99686		2997.64		-1151.54		1846.1
		2050		20.4542		4.00793		3005.95		-1159.86		1846.09
		2100		20.9531		3.989		2991.75		-1145.66		1846.09
		2150		21.452		3.98463		2988.47		-1142.39		1846.08
		2200		21.9508		4.00961		3007.21		-1161.11		1846.1
		2250		22.4497		3.98647		2989.85		-1143.77		1846.09
		2300		22.9486		4.05155		3038.67		-1192.59		1846.08
		2350		23.4475		4.0449		3033.68		-1187.6		1846.08
		2400		23.9464		3.89855		2923.91		-1077.8		1846.11
		2450		24.4453		4.00223		3001.68		-1155.58		1846.09
		2500		24.9441		3.98277		2987.08		-1140.99		1846.08
		2550		25.443		4.0278		3020.85		-1174.77		1846.08
		2600		25.9419		4.05216		3039.12		-1193.03		1846.09
		2650		26.4408		3.97615		2982.12		-1136.02		1846.1
		2700		26.9397		4.08849		3066.37		-1220.29		1846.08
		2750		27.4385		3.94128		2955.96		-1109.87		1846.1
		2800		27.9374		3.9035		2927.63		-1081.54		1846.09
		2850		28.4363		3.83307		2874.8		-1028.71		1846.09
		2900		28.9352		3.83269		2874.52		-1028.43		1846.09
		2950		29.4341		4.00131		3000.98		-1154.89		1846.09
		3000		29.933		4.07529		3056.47		-1210.39		1846.08
		3050		30.4318		4.14342		3107.57		-1261.48		1846.09
		3100		30.9307		4.12639		3094.79		-1248.69		1846.1
		3150		31.4296		4.15495		3116.21		-1270.12		1846.09
		3200		31.9285		3.90286		2927.14		-1081.04		1846.11
		3250		32.4274		4.06687		3050.15		-1204.08		1846.08
		3300		32.9263		4.08793		3065.95		-1219.87		1846.09
		3350		33.4251		4.06592		3049.44		-1203.35		1846.09
		3400		33.924		3.98572		2989.29		-1143.19		1846.1
		3450		34.4229		3.93487		2951.15		-1105.07		1846.08
		3500		34.9218		3.90611		2929.58		-1083.5		1846.08
		3550		35.4207		3.93874		2954.06		-1107.96		1846.09
		3600		35.9196		4.03227		3024.2		-1178.12		1846.08
		3650		36.4184		3.94241		2956.8		-1110.71		1846.09
		3700		36.9173		3.94831		2961.23		-1115.15		1846.08
		3750		37.4162		3.85746		2893.1		-1047		1846.1
		3800		37.9151		3.97874		2984.06		-1137.98		1846.07
		3850		38.414		4.00725		3005.44		-1159.35		1846.09
		3900		38.9128		3.95079		2963.09		-1117		1846.08
		3950		39.4117		3.97826		2983.7		-1137.61		1846.08
		4000		39.9106		4.059		3044.25		-1198.16		1846.09
		4050		40.4095		4.17579		3131.84		-1285.75		1846.08
		4100		40.9084		4.04187		3031.4		-1185.32		1846.08
		4150		41.4073		3.98925		2991.94		-1145.85		1846.09
		4200		41.9061		3.96796		2975.97		-1129.87		1846.1
		4250		42.405		3.91028		2932.71		-1086.63		1846.08
		4300		42.9039		3.99088		2993.16		-1147.08		1846.08
		4350		43.4028		3.97285		2979.64		-1133.55		1846.09
		4400		43.9017		4.01584		3011.88		-1165.8		1846.08
		4450		44.4006		3.91269		2934.52		-1088.42		1846.1
		4500		44.8994		3.92944		2947.08		-1101		1846.08
		4550		45.3983		3.9063		2929.73		-1083.64		1846.09
		4600		45.8972		3.93023		2947.68		-1101.58		1846.09
		4650		46.3961		3.92585		2944.38		-1098.29		1846.09
		4700		46.895		3.9332		2949.9		-1103.82		1846.09
		4750		47.3939		3.98162		2986.21		-1140.13		1846.08
		4800		47.8927		3.96706		2975.29		-1129.2		1846.09
		4850		48.3916		4.0138		3010.35		-1164.25		1846.09
		4900		48.8905		4.06781		3050.86		-1204.76		1846.1
		4950		49.3894		4.03492		3026.19		-1180.09		1846.1
		5000		49.8883		4.01113		3008.35		-1162.26		1846.09
		5050		50.3872		3.9124		2934.3		-1088.2		1846.1
		5100		50.886		4.17997		3134.98		-1288.9		1846.08
		5150		51.3849		4.00064		3000.48		-1154.39		1846.09
		5200		51.8838		3.95104		2963.28		-1117.19		1846.09
		5250		52.3827		3.96131		2970.98		-1124.89		1846.09
		5300		52.8816		3.90789		2930.92		-1084.81		1846.1
		5350		53.3804		4.03298		3024.73		-1178.64		1846.09
		5400		53.8793		3.99586		2996.9		-1150.81		1846.08
		5450		54.3782		3.78763		2840.72		-994.614		1846.11
		5500		54.8771		4.03402		3025.52		-1179.44		1846.08
		5550		55.376		3.83098		2873.23		-1027.13		1846.1
		5600		55.8749		3.92671		2945.04		-1098.96		1846.08
		5650		56.3737		3.96025		2970.19		-1124.1		1846.09
		5700		56.8726		3.98412		2988.09		-1142.01		1846.08
		5750		57.3715		3.86391		2897.93		-1051.84		1846.09
		5800		57.8704		3.87864		2908.98		-1062.87		1846.11
		5850		58.3693		4.09441		3070.81		-1224.73		1846.08
		5900		58.8682		4.06665		3049.99		-1203.89		1846.1
		5950		59.367		4.2083		3156.23		-1310.14		1846.08
		6000		59.8659		4.00055		3000.41		-1154.31		1846.1
		6050		60.3648		4.09252		3069.39		-1223.3		1846.09
		6100		60.8637		3.98302		2987.27		-1141.17		1846.1
		6150		61.3626		3.96599		2974.49		-1128.4		1846.09
		6200		61.8615		3.97912		2984.34		-1138.25		1846.09
		6250		62.3603		3.92849		2946.37		-1100.27		1846.1
		6300		62.8592		4.0184		3013.8		-1167.71		1846.09
		6350		63.3581		3.97453		2980.89		-1134.81		1846.09
		6400		63.857		3.96187		2971.4		-1125.32		1846.08
		6450		64.3559		3.96854		2976.4		-1130.31		1846.1
		6500		64.8547		3.99939		2999.54		-1153.45		1846.09
		6550		65.3536		3.96863		2976.47		-1130.37		1846.1
		6600		65.8525		4.20895		3156.71		-1310.65		1846.06
		6650		66.3514		3.85607		2892.05		-1045.95		1846.1
		6700		66.8503		3.98097		2985.73		-1139.64		1846.08
		6750		67.3492		3.89537		2921.53		-1075.45		1846.08
		6800		67.848		3.75844		2818.83		-972.736		1846.09
		6850		68.3469		3.77124		2828.43		-982.328		1846.1
		6900		68.8458		3.85271		2889.53		-1043.42		1846.11
		6950		69.3447		4.00776		3005.82		-1159.73		1846.09
		7000		69.8436		3.89422		2920.67		-1074.56		1846.1
		7050		70.3425		3.87347		2905.11		-1059.01		1846.1
		7100		70.8413		3.83506		2876.29		-1030.21		1846.09
		7150		71.3402		3.95344		2965.08		-1119		1846.07
		7200		71.8391		3.90112		2925.84		-1079.75		1846.09
		7250		72.338		3.90524		2928.93		-1082.85		1846.09
		7300		72.8369		3.74		2805		-958.892		1846.11
		7350		73.3358		3.97875		2984.06		-1137.98		1846.08
		7400		73.8346		4.04286		3032.15		-1186.06		1846.09
		7450		74.3335		3.93769		2953.26		-1107.18		1846.08
		7500		74.8324		3.88104		2910.78		-1064.7		1846.07
		7550		75.3313		4.01458		3010.93		-1164.85		1846.08
		7600		75.8302		3.85806		2893.54		-1047.43		1846.11
		7650		76.329		3.86802		2901.01		-1054.93		1846.08
		7700		76.8279		3.97121		2978.41		-1132.33		1846.08
		7750		77.3268		4.1118		3083.85		-1237.77		1846.08
		7800		77.8257		3.98033		2985.25		-1139.14		1846.1
		7850		78.3246		4.11202		3084.01		-1237.93		1846.09
		7900		78.8235		3.976		2982		-1135.92		1846.08
		7950		79.3223		3.94674		2960.06		-1113.96		1846.09
		8000		79.8212		4.03516		3026.37		-1180.28		1846.1
		8050		80.3201		3.90585		2929.39		-1083.28		1846.11
		8100		80.819		4.12474		3093.55		-1247.49		1846.07
		8150		81.3179		3.87881		2909.11		-1063.02		1846.09
		8200		81.8168		4.0085		3006.38		-1160.3		1846.08
		8250		82.3156		4.00287		3002.15		-1156.06		1846.09
		8300		82.8145		4.01553		3011.65		-1165.56		1846.09
		8350		83.3134		4.10511		3078.83		-1232.75		1846.09
		8400		83.8123		3.97625		2982.19		-1136.09		1846.1
		8450		84.3112		3.92153		2941.15		-1095.06		1846.08
		8500		84.8101		3.82977		2872.33		-1026.22		1846.1
		8550		85.3089		4.06686		3050.15		-1204.05		1846.1
		8600		85.8078		4.15347		3115.11		-1269.02		1846.08
		8650		86.3067		4.09478		3071.09		-1225		1846.08
		8700		86.8056		4.03543		3026.57		-1180.48		1846.1
		8750		87.3045		3.91445		2935.84		-1089.72		1846.11
		8800		87.8034		4.14861		3111.46		-1265.37		1846.09
		8850		88.3022		4.04614		3034.61		-1188.52		1846.09
		8900		88.8011		3.96274		2972.05		-1125.96		1846.1
		8950		89.3		4.01415		3010.61		-1164.52		1846.09
		9000		89.7989		3.91912		2939.34		-1093.23		1846.1
		9050		90.2978		4.05257		3039.42		-1193.35		1846.08
		9100		90.7966		3.9862		2989.65		-1143.56		1846.09
		9150		91.2955		3.89635		2922.26		-1076.15		1846.11
		9200		91.7944		3.98512		2988.84		-1142.75		1846.09
		9250		92.2933		3.98858		2991.44		-1145.35		1846.09
		9300		92.7922		3.79112		2843.34		-997.236		1846.11
		9350		93.2911		3.90548		2929.11		-1083.01		1846.09
		9400		93.7899		3.9505		2962.88		-1116.78		1846.09
		9450		94.2888		4.00526		3003.95		-1157.88		1846.07
		9500		94.7877		3.78084		2835.63		-989.527		1846.11
		9550		95.2866		4.03122		3023.41		-1177.34		1846.08
		9600		95.7855		4.05594		3041.95		-1195.86		1846.09
		9650		96.2844		4.00101		3000.76		-1154.67		1846.09
		9700		96.7832		3.94474		2958.56		-1112.45		1846.1
		9750		97.2821		4.18758		3140.69		-1294.61		1846.07
		9800		97.781		4.0306		3022.95		-1176.87		1846.08
		9850		98.2799		4.05953		3044.65		-1198.56		1846.09
		9900		98.7788		4.01057		3007.92		-1161.83		1846.09
		9950		99.2777		3.9807		2985.52		-1139.44		1846.08
		10000		99.7765		4.02756		3020.67		-1174.59		1846.08
		10050		100.275		3.99678		2997.58		-1151.49		1846.09
		10100		100.774		4.12158		3091.18		-1245.1		1846.08
		10150		101.273		3.94361		2957.71		-1111.61		1846.09
		10200		101.772		3.98311		2987.33		-1141.24		1846.09
		10250		102.271		4.04098		3030.74		-1184.64		1846.1
		10300		102.77		4.1105		3082.88		-1236.78		1846.09
		10350		103.269		3.95001		2962.51		-1116.42		1846.09
		10400		103.768		3.96271		2972.03		-1125.95		1846.08
		10450		104.266		3.95627		2967.2		-1121.12		1846.08
		10500		104.765		3.93169		2948.77		-1102.68		1846.09
		10550		105.264		3.94981		2962.36		-1116.28		1846.08
		10600		105.763		3.94431		2958.23		-1112.15		1846.09
		10650		106.262		3.94449		2958.37		-1112.27		1846.09
		10700		106.761		3.90584		2929.38		-1083.29		1846.09
		10750		107.26		3.89881		2924.11		-1078.01		1846.1
		10800		107.759		4.13918		3104.39		-1258.31		1846.07
		10850		108.258		3.98117		2985.88		-1139.78		1846.09
		10900		108.756		3.93451		2950.88		-1104.79		1846.09
		10950		109.255		3.93991		2954.93		-1108.84		1846.1
		11000		109.754		4.00618		3004.63		-1158.55		1846.08
		11050		110.253		3.99218		2994.13		-1148.04		1846.09
		11100		110.752		4.06969		3052.26		-1206.17		1846.1
		11150		111.251		3.95531		2966.48		-1120.39		1846.1
		11200		111.75		4.05844		3043.83		-1197.74		1846.09
		11250		112.249		4.06858		3051.43		-1205.34		1846.09
		11300		112.747		4.00099		3000.75		-1154.67		1846.08
		11350		113.246		3.8467		2885.03		-1038.93		1846.1
		11400		113.745		3.93238		2949.29		-1103.2		1846.09
		11450		114.244		3.91254		2934.41		-1088.33		1846.08
		11500		114.743		3.93726		2952.95		-1106.86		1846.08
		11550		115.242		4.11421		3085.65		-1239.58		1846.08
		11600		115.741		4.01234		3009.26		-1163.17		1846.08
		11650		116.24		4.06313		3047.35		-1201.27		1846.08
		11700		116.739		4.05581		3041.85		-1195.76		1846.09
		11750		117.237		4.0336		3025.2		-1179.11		1846.09
		11800		117.736		3.98987		2992.41		-1146.31		1846.1
		11850		118.235		4.04228		3031.71		-1185.64		1846.07
		11900		118.734		3.8145		2860.88		-1014.78		1846.09
		11950		119.233		4.04904		3036.78		-1190.69		1846.09
		12000		119.732		4.01048		3007.86		-1161.76		1846.1
		12050		120.231		3.93567		2951.76		-1105.66		1846.09
		12100		120.73		3.96913		2976.85		-1130.76		1846.09
		12150		121.228		4.01536		3011.52		-1165.44		1846.08
		12200		121.727		3.91002		2932.51		-1086.42		1846.09
		12250		122.226		3.87499		2906.24		-1060.15		1846.09
		12300		122.725		3.95095		2963.21		-1117.13		1846.09
		12350		123.224		3.95183		2963.88		-1117.78		1846.09
		12400		123.723		3.90665		2929.99		-1083.89		1846.1
		12450		124.222		3.76973		2827.3		-981.209		1846.09
		12500		124.721		3.74393		2807.95		-961.854		1846.09
		12550		125.22		3.87118		2903.38		-1057.29		1846.09
		12600		125.718		3.94131		2955.98		-1109.89		1846.09
		12650		126.217		3.91548		2936.61		-1090.53		1846.09
		12700		126.716		3.94761		2960.71		-1114.61		1846.09
		12750		127.215		3.99459		2995.94		-1149.85		1846.1
		12800		127.714		3.94972		2962.29		-1116.18		1846.1
		12850		128.213		3.93702		2952.77		-1106.67		1846.09
		12900		128.712		3.98372		2987.79		-1141.71		1846.08
		12950		129.211		4.00087		3000.65		-1154.57		1846.09
		13000		129.709		3.91353		2935.15		-1089.04		1846.1
		13050		130.208		4.0464		3034.8		-1188.72		1846.08
		13100		130.707		4.10886		3081.65		-1235.56		1846.08
		13150		131.206		4.09799		3073.49		-1227.42		1846.07
		13200		131.705		3.93396		2950.47		-1104.39		1846.08
		13250		132.204		4.13692		3102.69		-1256.61		1846.08
		13300		132.703		4.13399		3100.49		-1254.41		1846.08
		13350		133.202		3.96663		2974.97		-1128.87		1846.1
		13400		133.701		3.97001		2977.51		-1131.43		1846.08
		13450		134.199		3.90748		2930.61		-1084.53		1846.09
		13500		134.698		3.78289		2837.16		-991.068		1846.1
		13550		135.197		3.94967		2962.25		-1116.17		1846.08
		13600		135.696		4.08572		3064.29		-1218.21		1846.09
		13650		136.195		3.9342		2950.65		-1104.56		1846.09
		13700		136.694		4.01599		3011.99		-1165.91		1846.09
		13750		137.193		3.99006		2992.54		-1146.45		1846.09
		13800		137.692		4.0657		3049.28		-1203.2		1846.08
		13850		138.191		4.00154		3001.15		-1155.06		1846.09
		13900		138.689		3.94279		2957.09		-1110.99		1846.1
		13950		139.188		3.88561		2914.21		-1068.11		1846.1
		14000		139.687		4.13214		3099.1		-1253.03		1846.08
		14050		140.186		3.94429		2958.22		-1112.13		1846.09
		14100		140.685		3.90454		2928.4		-1082.33		1846.07
		14150		141.184		3.91307		2934.8		-1088.73		1846.08
		14200		141.683		3.92806		2946.04		-1099.95		1846.09
		14250		142.182		4.06179		3046.34		-1200.28		1846.07
		14300		142.68		3.93212		2949.09		-1103.01		1846.08
		14350		143.179		3.92653		2944.89		-1098.8		1846.09
		14400		143.678		3.86078		2895.58		-1049.47		1846.11
		14450		144.177		4.02432		3018.24		-1172.15		1846.09
		14500		144.676		4.13099		3098.25		-1252.16		1846.09
		14550		145.175		4.07233		3054.25		-1208.15		1846.1
		14600		145.674		4.08402		3063.02		-1216.92		1846.09
		14650		146.173		4.03957		3029.68		-1183.58		1846.1
		14700		146.672		3.97811		2983.58		-1137.49		1846.09
		14750		147.17		3.90201		2926.51		-1080.41		1846.1
		14800		147.669		4.02887		3021.66		-1175.58		1846.07
		14850		148.168		3.98543		2989.07		-1142.99		1846.08
		14900		148.667		3.85774		2893.3		-1047.21		1846.09
		14950		149.166		3.92047		2940.35		-1094.26		1846.09
		15000		149.665		3.95928		2969.46		-1123.36		1846.1
		15050		150.164		4.06506		3048.79		-1202.71		1846.09
		15100		150.663		4.09338		3070.04		-1223.95		1846.09
		15150		151.161		3.96854		2976.41		-1130.31		1846.1
		15200		151.66		3.81072		2858.04		-1011.95		1846.09
		15250		152.159		3.89253		2919.4		-1073.32		1846.08
		15300		152.658		3.93055		2947.91		-1101.82		1846.09
		15350		153.157		3.90461		2928.46		-1082.37		1846.09
		15400		153.656		4.04293		3032.2		-1186.12		1846.08
		15450		154.155		3.88922		2916.92		-1070.81		1846.11
		15500		154.654		4.00734		3005.51		-1159.41		1846.09
		15550		155.153		4.04581		3034.36		-1188.27		1846.09
		15600		155.651		4.16597		3124.48		-1278.39		1846.09
		15650		156.15		4.03287		3024.65		-1178.55		1846.1
		15700		156.649		4.00491		3003.68		-1157.6		1846.08
		15750		157.148		3.94208		2956.56		-1110.46		1846.1
		15800		157.647		4.16751		3125.63		-1279.55		1846.08
		15850		158.146		4.12672		3095.04		-1248.96		1846.08
		15900		158.645		4.11091		3083.19		-1237.1		1846.09
		15950		159.144		4.06885		3051.64		-1205.55		1846.09
		16000		159.642		4.00918		3006.89		-1160.8		1846.09
		16050		160.141		4.00799		3006		-1159.9		1846.09
		16100		160.64		4.04742		3035.57		-1189.48		1846.09
		16150		161.139		4.05086		3038.14		-1192.04		1846.1
		16200		161.638		4.06689		3050.17		-1204.08		1846.09
		16250		162.137		3.91286		2934.65		-1088.55		1846.1
		16300		162.636		3.98679		2990.09		-1144		1846.09
		16350		163.135		4.15537		3116.53		-1270.45		1846.08
		16400		163.634		3.96434		2973.26		-1127.15		1846.1
		16450		164.132		3.87769		2908.26		-1062.18		1846.08
		16500		164.631		3.95999		2970		-1123.91		1846.09
		16550		165.13		4.04673		3035.05		-1188.97		1846.08
		16600		165.629		3.84629		2884.72		-1038.61		1846.1
		16650		166.128		4.00922		3006.91		-1160.83		1846.09
		16700		166.627		4.06386		3047.89		-1201.81		1846.08
		16750		167.126		3.95054		2962.91		-1116.81		1846.1
		16800		167.625		3.93275		2949.56		-1103.47		1846.09
		16850		168.123		4.03754		3028.15		-1182.07		1846.08
		16900		168.622		3.86612		2899.59		-1053.48		1846.1
		16950		169.121		4.02164		3016.23		-1170.16		1846.07
		17000		169.62		3.92992		2947.44		-1101.35		1846.09
		17050		170.119		3.87348		2905.11		-1059.02		1846.09
		17100		170.618		3.98012		2985.09		-1139		1846.09
		17150		171.117		3.98231		2986.73		-1140.63		1846.1
		17200		171.616		3.94541		2959.05		-1112.95		1846.1
		17250		172.115		3.91837		2938.77		-1092.68		1846.09
		17300		172.613		3.90411		2928.08		-1081.98		1846.1
		17350		173.112		3.95048		2962.86		-1116.78		1846.08
		17400		173.611		3.93185		2948.89		-1102.8		1846.09
		17450		174.11		4.11764		3088.23		-1242.14		1846.09
		17500		174.609		4.17192		3128.94		-1282.85		1846.09
		17550		175.108		4.17226		3129.2		-1283.11		1846.08
		17600		175.607		4.04515		3033.86		-1187.76		1846.1
		17650		176.106		4.17034		3127.76		-1281.67		1846.08
		17700		176.604		3.97303		2979.77		-1133.67		1846.1
		17750		177.103		4.02253		3016.9		-1170.81		1846.09
		17800		177.602		4.10492		3078.69		-1232.61		1846.09
		17850		178.101		4.06479		3048.6		-1202.51		1846.09
		17900		178.6		4.0653		3048.97		-1202.89		1846.09
		17950		179.099		4.01127		3008.45		-1162.37		1846.08
		18000		179.598		4.04623		3034.67		-1188.58		1846.09
		18050		180.097		4.10154		3076.15		-1230.07		1846.09
		18100		180.596		3.99943		2999.57		-1153.49		1846.08
		18150		181.094		3.87388		2905.41		-1059.3		1846.11
		18200		181.593		4.10139		3076.05		-1229.97		1846.07
		18250		182.092		3.86129		2895.97		-1049.87		1846.09
		18300		182.591		3.79217		2844.13		-998.017		1846.11
		18350		183.09		3.96997		2977.47		-1131.38		1846.09
		18400		183.589		4.02527		3018.95		-1172.86		1846.09
		18450		184.088		4.12632		3094.74		-1248.66		1846.08
		18500		184.587		4.02333		3017.5		-1171.4		1846.1
		18550		185.085		4.07449		3055.86		-1209.77		1846.09
		18600		185.584		4.06264		3046.98		-1200.9		1846.08
		18650		186.083		3.97477		2981.08		-1135		1846.08
		18700		186.582		4.00459		3003.45		-1157.36		1846.08
		18750		187.081		4.10163		3076.22		-1230.14		1846.09
		18800		187.58		4.06633		3049.75		-1203.65		1846.1
		18850		188.079		3.88829		2916.22		-1070.12		1846.1
		18900		188.578		3.9768		2982.6		-1136.51		1846.08
		18950		189.077		4.1003		3075.22		-1229.14		1846.09
		19000		189.575		4.11361		3085.21		-1239.12		1846.09
		19050		190.074		4.04079		3030.59		-1184.51		1846.08
		19100		190.573		3.88578		2914.33		-1068.25		1846.08
		19150		191.072		4.06898		3051.74		-1205.65		1846.09
		19200		191.571		4.12669		3095.02		-1248.92		1846.1
		19250		192.07		3.96894		2976.7		-1130.61		1846.1
		19300		192.569		3.99068		2993.01		-1146.92		1846.09
		19350		193.068		3.98324		2987.43		-1141.33		1846.1
		19400		193.566		3.9534		2965.05		-1118.96		1846.08
		19450		194.065		3.82763		2870.72		-1024.64		1846.08
		19500		194.564		3.8479		2885.92		-1039.81		1846.11
		19550		195.063		4.01446		3010.84		-1164.75		1846.09
		19600		195.562		3.95741		2968.05		-1121.96		1846.09
		19650		196.061		4.01061		3007.96		-1161.87		1846.09
		19700		196.56		4.03347		3025.11		-1179.02		1846.09
		19750		197.059		4.0488		3036.6		-1190.52		1846.09
		19800		197.558		4.00023		3000.17		-1154.07		1846.1
		19850		198.056		4.08807		3066.05		-1219.97		1846.08
		19900		198.555		4.01872		3014.04		-1167.96		1846.08
		19950		199.054		3.9656		2974.2		-1128.12		1846.08
		20000		199.553		3.98527		2988.96		-1142.87		1846.08
		20050		200.052		3.9429		2957.18		-1111.08		1846.1
		20100		200.551		3.99955		2999.66		-1153.58		1846.08
		20150		201.05		3.9006		2925.45		-1079.35		1846.1
		20200		201.549		3.96698		2975.23		-1129.15		1846.08
		20250		202.047		4.01825		3013.69		-1167.61		1846.08
		20300		202.546		3.94485		2958.64		-1112.56		1846.08
		20350		203.045		3.93003		2947.52		-1101.43		1846.09
		20400		203.544		3.99424		2995.68		-1149.6		1846.08
		20450		204.043		3.90035		2925.26		-1079.18		1846.09
		20500		204.542		3.96706		2975.3		-1129.2		1846.09
		20550		205.041		4.03479		3026.09		-1180		1846.09
		20600		205.54		3.88201		2911.51		-1065.41		1846.1
		20650		206.039		3.86541		2899.06		-1052.96		1846.1
		20700		206.537		3.82854		2871.4		-1025.3		1846.11
		20750		207.036		4.01818		3013.63		-1167.56		1846.08
		20800		207.535		3.77372		2830.29		-984.193		1846.1
		20850		208.034		3.98562		2989.21		-1143.14		1846.08
		20900		208.533		4.03837		3028.78		-1182.7		1846.08
		20950		209.032		3.83499		2876.24		-1030.14		1846.11
		21000		209.531		3.86804		2901.03		-1054.92		1846.11
		21050		210.03		3.93142		2948.56		-1102.47		1846.09
		21100		210.528		3.99477		2996.08		-1150		1846.09
		21150		211.027		3.94921		2961.91		-1115.8		1846.1
		21200		211.526		4.07608		3057.06		-1210.97		1846.1
		21250		212.025		4.03203		3024.03		-1177.91		1846.11
		21300		212.524		4.07299		3054.74		-1208.66		1846.08
		21350		213.023		3.87692		2907.69		-1061.6		1846.09
		21400		213.522		3.94184		2956.38		-1110.29		1846.08
		21450		214.021		3.98048		2985.36		-1139.27		1846.09
		21500		214.52		4.09588		3071.91		-1225.84		1846.08
		21550		215.018		4.13124		3098.43		-1252.34		1846.09
		21600		215.517		3.96547		2974.1		-1128		1846.1
		21650		216.016		3.9295		2947.12		-1101.04		1846.09
		21700		216.515		4.10759		3080.69		-1234.61		1846.08
		21750		217.014		3.93922		2954.42		-1108.31		1846.1
		21800		217.513		3.98749		2990.61		-1144.52		1846.09
		21850		218.012		3.92824		2946.18		-1100.08		1846.1
		21900		218.511		3.8454		2884.05		-1037.95		1846.1
		21950		219.009		4.06569		3049.27		-1203.2		1846.07
		22000		219.508		4.06206		3046.54		-1200.46		1846.08
		22050		220.007		3.97211		2979.08		-1133		1846.08
		22100		220.506		3.98222		2986.67		-1140.59		1846.08
		22150		221.005		3.82098		2865.73		-1019.63		1846.1
		22200		221.504		3.88376		2912.82		-1066.75		1846.07
		22250		222.003		3.79868		2849.01		-1002.93		1846.08
		22300		222.502		3.97566		2981.75		-1135.66		1846.08
		22350		223.001		3.93611		2952.08		-1105.99		1846.1
		22400		223.499		4.04657		3034.92		-1188.84		1846.08
		22450		223.998		4.03401		3025.51		-1179.41		1846.1
		22500		224.497		3.81087		2858.15		-1012.04		1846.11
		22550		224.996		3.85234		2889.26		-1043.16		1846.09
		22600		225.495		3.88962		2917.21		-1071.12		1846.09
		22650		225.994		3.96434		2973.25		-1127.16		1846.09
		22700		226.493		4.14318		3107.39		-1261.3		1846.09
		22750		226.992		4.01759		3013.19		-1167.11		1846.09
		22800		227.491		3.989		2991.75		-1145.67		1846.08
		22850		227.989		3.87854		2908.91		-1062.82		1846.09
		22900		228.488		3.93342		2950.07		-1103.98		1846.09
		22950		228.987		3.84186		2881.39		-1035.28		1846.11
		23000		229.486		4.10195		3076.46		-1230.39		1846.08
		23050		229.985		4.01349		3010.12		-1164.02		1846.1
		23100		230.484		4.0672		3050.4		-1204.33		1846.08
		23150		230.983		3.91762		2938.22		-1092.11		1846.11
		23200		231.482		4.1894		3142.05		-1295.97		1846.08
		23250		231.98		3.94723		2960.42		-1114.32		1846.1
		23300		232.479		4.06534		3049.01		-1202.92		1846.08
		23350		232.978		3.80461		2853.46		-1007.36		1846.1
		23400		233.477		3.83719		2877.9		-1031.82		1846.08
		23450		233.976		3.88608		2914.56		-1068.47		1846.09
		23500		234.475		3.92262		2941.96		-1095.87		1846.1
		23550		234.974		3.92878		2946.59		-1100.49		1846.1
		23600		235.473		4.00944		3007.08		-1161		1846.08
		23650		235.972		3.78867		2841.5		-995.392		1846.11
		23700		236.47		3.98773		2990.8		-1144.71		1846.08
		23750		236.969		4.0103		3007.72		-1161.62		1846.1
		23800		237.468		4.18366		3137.75		-1291.66		1846.09
		23850		237.967		4.29532		3221.49		-1375.4		1846.09
		23900		238.466		4.12207		3091.55		-1245.46		1846.09
		23950		238.965		4.14752		3110.64		-1264.57		1846.07
		24000		239.464		4.04745		3035.58		-1189.49		1846.1
		24050		239.963		4.0076		3005.7		-1159.61		1846.09
		24100		240.461		4.00354		3002.65		-1156.56		1846.09
		24150		240.96		4.05471		3041.03		-1194.95		1846.08
		24200		241.459		3.84541		2884.06		-1037.95		1846.11
		24250		241.958		3.94946		2962.09		-1116		1846.1
		24300		242.457		3.96187		2971.4		-1125.32		1846.09
		24350		242.956		3.89695		2922.71		-1076.62		1846.09
		24400		243.455		3.95422		2965.67		-1119.58		1846.09
		24450		243.954		4.00743		3005.57		-1159.49		1846.09
		24500		244.453		4.11829		3088.72		-1242.64		1846.08
		24550		244.951		4.05139		3038.54		-1192.43		1846.11
		24600		245.45		4.15792		3118.44		-1272.36		1846.09
		24650		245.949		3.9397		2954.77		-1108.67		1846.11
		24700		246.448		3.83107		2873.31		-1027.21		1846.1
		24750		246.947		3.87211		2904.08		-1057.98		1846.1
		24800		247.446		4.18292		3137.19		-1291.11		1846.08
		24850		247.945		4.06582		3049.36		-1203.27		1846.1
		24900		248.444		4.02972		3022.29		-1176.2		1846.1
		24950		248.942		3.97475		2981.06		-1134.95		1846.11
		25000		249.441		4.01699		3012.74		-1166.66		1846.09
		25050		249.94		3.81908		2864.31		-1018.22		1846.09
		25100		250.439		3.95877		2969.08		-1122.99		1846.09
		25150		250.938		4.06013		3045.09		-1199		1846.09
		25200		251.437		4.05442		3040.81		-1194.72		1846.1
		25250		251.936		4.05192		3038.94		-1192.86		1846.08
		25300		252.435		3.84727		2885.45		-1039.37		1846.09
		25350		252.934		3.87487		2906.16		-1060.07		1846.09
		25400		253.432		3.94808		2961.06		-1114.98		1846.08
		25450		253.931		3.81592		2861.94		-1015.83		1846.11
		25500		254.43		4.01187		3008.9		-1162.81		1846.1
		25550		254.929		4.0936		3070.2		-1224.12		1846.08
		25600		255.428		3.88936		2917.02		-1070.91		1846.11
		25650		255.927		3.96466		2973.5		-1127.4		1846.09
		25700		256.426		3.94062		2955.46		-1109.37		1846.09
		25750		256.925		4.06331		3047.48		-1201.4		1846.08
		25800		257.423		3.96865		2976.49		-1130.39		1846.1
		25850		257.922		3.89965		2924.73		-1078.64		1846.1
		25900		258.421		4.08347		3062.6		-1216.52		1846.08
		25950		258.92		4.02746		3020.6		-1174.51		1846.08
		26000		259.419		3.90617		2929.63		-1083.55		1846.08
		26050		259.918		3.93666		2952.5		-1106.41		1846.09
		26100		260.417		3.90767		2930.75		-1084.66		1846.09
		26150		260.916		3.98857		2991.42		-1145.35		1846.07
		26200		261.415		3.90183		2926.37		-1080.28		1846.09
		26250		261.913		3.82057		2865.43		-1019.31		1846.12
		26300		262.412		4.1048		3078.6		-1232.52		1846.08
		26350		262.911		3.99308		2994.81		-1148.71		1846.1
		26400		263.41		4.02812		3021.09		-1174.99		1846.09
		26450		263.909		3.87835		2908.77		-1062.66		1846.1
		26500		264.408		3.84386		2882.89		-1036.8		1846.09
		26550		264.907		3.9985		2998.88		-1152.78		1846.09
		26600		265.406		4.14475		3108.56		-1262.48		1846.08
		26650		265.904		3.85261		2889.45		-1043.34		1846.11
		26700		266.403		4.10115		3075.86		-1229.78		1846.08
		26750		266.902		4.08531		3063.99		-1217.9		1846.08
		26800		267.401		3.9772		2982.9		-1136.81		1846.09
		26850		267.9		3.95288		2964.66		-1118.56		1846.09
		26900		268.399		3.96314		2972.36		-1126.28		1846.08
		26950		268.898		3.7881		2841.08		-994.982		1846.1
		27000		269.397		3.90758		2930.69		-1084.61		1846.08
		27050		269.896		3.81727		2862.95		-1016.87		1846.08
		27100		270.394		3.90357		2927.68		-1081.6		1846.08
		27150		270.893		3.95717		2967.88		-1121.78		1846.1
		27200		271.392		4.13552		3101.64		-1255.57		1846.07
		27250		271.891		3.88151		2911.13		-1065.04		1846.09
		27300		272.39		4.0791		3059.33		-1213.26		1846.07
		27350		272.889		3.7634		2822.55		-976.453		1846.1
		27400		273.388		3.8675		2900.62		-1054.54		1846.09
		27450		273.887		4.1101		3082.57		-1236.49		1846.08
		27500		274.385		3.9727		2979.53		-1133.43		1846.1
		27550		274.884		3.92154		2941.16		-1095.07		1846.09
		27600		275.383		3.94062		2955.47		-1109.39		1846.08
		27650		275.882		3.80476		2853.57		-1007.47		1846.1
		27700		276.381		3.97631		2982.23		-1136.16		1846.07
		27750		276.88		3.93437		2950.78		-1104.69		1846.09
		27800		277.379		3.9814		2986.05		-1139.97		1846.08
		27850		277.878		3.92977		2947.33		-1101.24		1846.09
		27900		278.377		4.08775		3065.81		-1219.73		1846.08
		27950		278.875		4.00506		3003.8		-1157.7		1846.1
		28000		279.374		3.97874		2984.05		-1137.96		1846.09
		28050		279.873		3.92024		2940.18		-1094.08		1846.1
		28100		280.372		3.98981		2992.36		-1146.28		1846.08
		28150		280.871		3.8556		2891.7		-1045.6		1846.1
		28200		281.37		3.92348		2942.61		-1096.53		1846.08
		28250		281.869		3.8719		2903.92		-1057.84		1846.09
		28300		282.368		3.99946		2999.59		-1153.5		1846.09
		28350		282.866		3.92415		2943.12		-1097.02		1846.1
		28400		283.365		4.04011		3030.08		-1183.99		1846.09
		28450		283.864		4.2793		3209.47		-1363.39		1846.08
		28500		284.363		4.02351		3017.64		-1171.52		1846.12
		28550		284.862		4.15439		3115.79		-1269.71		1846.08
		28600		285.361		3.94161		2956.2		-1110.12		1846.08
		28650		285.86		3.93112		2948.34		-1102.27		1846.07
		28700		286.359		3.97695		2982.71		-1136.63		1846.08
		28750		286.858		4.02893		3021.7		-1175.61		1846.09
		28800		287.356		4.07077		3053.07		-1206.99		1846.08
		28850		287.855		3.94795		2960.96		-1114.87		1846.09
		28900		288.354		3.99783		2998.37		-1152.29		1846.08
		28950		288.853		3.98386		2987.89		-1141.8		1846.1
		29000		289.352		3.88759		2915.69		-1069.61		1846.08
		29050		289.851		3.87156		2903.67		-1057.59		1846.08
		29100		290.35		4.0765		3057.37		-1211.29		1846.08
		29150		290.849		4.07302		3054.77		-1208.67		1846.09
		29200		291.347		3.98942		2992.07		-1145.97		1846.1
		29250		291.846		3.95104		2963.28		-1117.17		1846.11
		29300		292.345		4.07911		3059.33		-1213.25		1846.08
		29350		292.844		3.88113		2910.85		-1064.75		1846.1
		29400		293.343		3.99161		2993.71		-1147.63		1846.08
		29450		293.842		3.82232		2866.74		-1020.63		1846.1
		29500		294.341		3.97551		2981.63		-1135.55		1846.08
		29550		294.84		3.9194		2939.55		-1093.46		1846.1
		29600		295.339		4.02269		3017.02		-1170.94		1846.08
		29650		295.837		3.91386		2935.4		-1089.31		1846.09
		29700		296.336		3.98653		2989.9		-1143.8		1846.09
		29750		296.835		4.03917		3029.38		-1183.28		1846.1
		29800		297.334		4.12419		3093.14		-1247.07		1846.08
		29850		297.833		3.87356		2905.17		-1059.06		1846.11
		29900		298.332		3.99807		2998.55		-1152.48		1846.07
		29950		298.831		3.93735		2953.01		-1106.92		1846.09
		30000		299.33		3.98593		2989.45		-1143.36		1846.09
		30050		299.828		4.01196		3008.97		-1162.89		1846.08
		30100		300.327		4.03514		3026.36		-1180.27		1846.09
		30150		300.826		3.93769		2953.26		-1107.18		1846.09
		30200		301.325		3.88709		2915.32		-1069.22		1846.1
		30250		301.824		4.03492		3026.19		-1180.11		1846.08
		30300		302.323		4.08832		3066.24		-1220.14		1846.1
		30350		302.822		4.09543		3071.57		-1225.46		1846.11
		30400		303.321		3.99531		2996.48		-1150.39		1846.09
		30450		303.82		4.05862		3043.96		-1197.88		1846.08
		30500		304.318		4.04364		3032.73		-1186.64		1846.09
		30550		304.817		3.99754		2998.16		-1152.07		1846.09
		30600		305.316		4.05904		3044.28		-1198.2		1846.08
		30650		305.815		3.89453		2920.89		-1074.79		1846.11
		30700		306.314		4.05347		3040.1		-1194.02		1846.08
		30750		306.813		4.05578		3041.83		-1195.74		1846.09
		30800		307.312		4.00067		3000.5		-1154.4		1846.1
		30850		307.811		4.05406		3040.55		-1194.45		1846.09
		30900		308.309		4.18146		3136.1		-1290.01		1846.08
		30950		308.808		4.06414		3048.11		-1202.01		1846.09
		31000		309.307		3.83741		2878.06		-1031.97		1846.09
		31050		309.806		3.88847		2916.35		-1070.27		1846.08
		31100		310.305		3.9683		2976.23		-1130.15		1846.08
		31150		310.804		3.89344		2920.08		-1073.99		1846.09
		31200		311.303		4.01944		3014.58		-1168.5		1846.08
		31250		311.802		3.91743		2938.08		-1091.98		1846.09
		31300		312.301		4.06726		3050.44		-1204.35		1846.09
		31350		312.799		4.05331		3039.98		-1193.89		1846.09
		31400		313.298		3.94131		2955.98		-1109.89		1846.09
		31450		313.797		3.98726		2990.45		-1144.36		1846.09
		31500		314.296		4.08897		3066.73		-1220.65		1846.08
		31550		314.795		4.03885		3029.14		-1183.06		1846.08
		31600		315.294		3.84885		2886.64		-1040.55		1846.09
		31650		315.793		3.95881		2969.11		-1123.02		1846.09
		31700		316.292		4.02895		3021.72		-1175.63		1846.09
		31750		316.791		4.0803		3060.22		-1214.15		1846.07
		31800		317.289		3.8979		2923.42		-1077.32		1846.1
		31850		317.788		3.96565		2974.24		-1128.16		1846.08
		31900		318.287		3.9286		2946.45		-1100.37		1846.08
		31950		318.786		3.926		2944.5		-1098.4		1846.09
		32000		319.285		3.93954		2954.66		-1108.57		1846.09
		32050		319.784		3.85581		2891.86		-1045.76		1846.1
		32100		320.283		3.81376		2860.32		-1014.23		1846.09
		32150		320.782		3.95055		2962.91		-1116.82		1846.09
		32200		321.28		4.08141		3061.06		-1214.96		1846.09
		32250		321.779		3.99944		2999.58		-1153.49		1846.09
		32300		322.278		3.86386		2897.9		-1051.8		1846.1
		32350		322.777		3.88834		2916.26		-1070.17		1846.09
		32400		323.276		3.98749		2990.61		-1144.52		1846.09
		32450		323.775		4.08419		3063.14		-1217.06		1846.08
		32500		324.274		3.9444		2958.3		-1112.21		1846.09
		32550		324.773		3.91454		2935.9		-1089.82		1846.09
		32600		325.272		4.0158		3011.85		-1165.76		1846.09
		32650		325.77		3.96732		2975.49		-1129.4		1846.09
		32700		326.269		3.8863		2914.72		-1068.64		1846.09
		32750		326.768		3.88198		2911.49		-1065.39		1846.09
		32800		327.267		3.77998		2834.98		-988.873		1846.11
		32850		327.766		4.07842		3058.82		-1212.74		1846.08
		32900		328.265		4.22724		3170.43		-1324.35		1846.08
		32950		328.764		4.01183		3008.87		-1162.78		1846.09
		33000		329.263		3.8767		2907.53		-1061.44		1846.09
		33050		329.761		4.0079		3005.92		-1159.82		1846.1
		33100		330.26		4.13144		3098.58		-1252.5		1846.08
		33150		330.759		4.06537		3049.03		-1202.93		1846.1
		33200		331.258		3.82872		2871.54		-1025.43		1846.11
		33250		331.757		4.00746		3005.59		-1159.52		1846.08
		33300		332.256		4.05423		3040.67		-1194.58		1846.09
		33350		332.755		4.1177		3088.28		-1242.2		1846.08
		33400		333.254		3.92925		2946.94		-1100.85		1846.09
		33450		333.753		3.94311		2957.33		-1111.23		1846.1
		33500		334.251		4.06887		3051.65		-1205.56		1846.1
		33550		334.75		3.97256		2979.42		-1133.33		1846.09
		33600		335.249		4.02054		3015.4		-1169.32		1846.08
		33650		335.748		4.07465		3055.99		-1209.91		1846.08
		33700		336.247		4.09084		3068.13		-1222.04		1846.09
		33750		336.746		3.98494		2988.7		-1142.6		1846.1
		33800		337.245		4.00066		3000.49		-1154.4		1846.09
		33850		337.744		4.07539		3056.54		-1210.45		1846.09
		33900		338.242		3.95781		2968.36		-1122.26		1846.1
		33950		338.741		3.97781		2983.36		-1137.27		1846.09
		34000		339.24		3.87587		2906.9		-1060.81		1846.09
		34050		339.739		4.00941		3007.06		-1160.97		1846.09
		34100		340.238		4.04385		3032.89		-1186.8		1846.09
		34150		340.737		4.04971		3037.28		-1191.18		1846.1
		34200		341.236		4.1093		3081.97		-1235.89		1846.08
		34250		341.735		3.96436		2973.27		-1127.19		1846.08
		34300		342.234		3.91583		2936.87		-1090.78		1846.09
		34350		342.732		4.0297		3022.27		-1176.19		1846.08
		34400		343.231		3.99657		2997.42		-1151.33		1846.09
		34450		343.73		3.9988		2999.1		-1153.01		1846.09
		34500		344.229		4.09529		3071.46		-1225.39		1846.07
		34550		344.728		3.92915		2946.86		-1100.77		1846.1
		34600		345.227		4.03411		3025.59		-1179.48		1846.11
		34650		345.726		4.18006		3135.05		-1288.96		1846.08
		34700		346.225		4.01428		3010.71		-1164.62		1846.09
		34750		346.723		3.98249		2986.87		-1140.79		1846.08
		34800		347.222		3.86859		2901.45		-1055.34		1846.1
		34850		347.721		4.01805		3013.53		-1167.45		1846.08
		34900		348.22		3.92701		2945.26		-1099.16		1846.1
		34950		348.719		3.96298		2972.24		-1126.15		1846.09
		35000		349.218		4.00054		3000.4		-1154.31		1846.09
		35050		349.717		4.08824		3066.18		-1220.1		1846.08
		35100		350.216		3.91847		2938.85		-1092.74		1846.11
		35150		350.715		4.15437		3115.78		-1269.7		1846.08
		35200		351.213		3.99893		2999.2		-1153.1		1846.09
		35250		351.712		4.01149		3008.62		-1162.55		1846.07
		35300		352.211		3.87822		2908.67		-1062.57		1846.1
		35350		352.71		4.03366		3025.24		-1179.15		1846.09
		35400		353.209		4.11671		3087.53		-1241.45		1846.08
		35450		353.708		3.81335		2860.02		-1013.92		1846.09
		35500		354.207		3.83954		2879.65		-1033.58		1846.08
		35550		354.706		4.03606		3027.04		-1180.96		1846.09
		35600		355.204		4.09203		3069.03		-1222.95		1846.08
		35650		355.703		3.94142		2956.07		-1109.97		1846.1
		35700		356.202		4.01853		3013.9		-1167.82		1846.08
		35750		356.701		3.91069		2933.02		-1086.94		1846.08
		35800		357.2		3.86271		2897.03		-1050.94		1846.09
		35850		357.699		3.97928		2984.46		-1138.39		1846.07
		35900		358.198		3.93192		2948.94		-1102.85		1846.08
		35950		358.697		4.0573		3042.97		-1196.88		1846.09
		36000		359.196		4.05782		3043.37		-1197.27		1846.09
		36050		359.694		4.02651		3019.88		-1173.81		1846.08
		36100		360.193		3.95221		2964.16		-1118.07		1846.09
		36150		360.692		3.76568		2824.26		-978.155		1846.1
		36200		361.191		3.93856		2953.92		-1107.83		1846.09
		36250		361.69		4.01883		3014.13		-1168.04		1846.09
		36300		362.189		4.07962		3059.71		-1213.62		1846.09
		36350		362.688		3.99851		2998.89		-1152.79		1846.1
		36400		363.187		3.94482		2958.62		-1112.53		1846.09
		36450		363.685		4.0082		3006.15		-1160.05		1846.09
		36500		364.184		4.06871		3051.53		-1205.45		1846.08
		36550		364.683		4.07571		3056.78		-1210.7		1846.08
		36600		365.182		4.10317		3077.37		-1231.3		1846.08
		36650		365.681		4.01211		3009.08		-1162.98		1846.1
		36700		366.18		3.98941		2992.06		-1145.99		1846.07
		36750		366.679		3.75766		2818.24		-972.14		1846.1
		36800		367.178		4.05559		3041.69		-1195.62		1846.07
		36850		367.677		3.90446		2928.35		-1082.25		1846.1
		36900		368.175		4.10402		3078.01		-1231.94		1846.08
		36950		368.674		3.90912		2931.84		-1085.72		1846.11
		37000		369.173		4.00741		3005.56		-1159.48		1846.08
		37050		369.672		3.84885		2886.63		-1040.55		1846.09
		37100		370.171		4.05047		3037.86		-1191.78		1846.07
		37150		370.67		3.99517		2996.38		-1150.29		1846.09
		37200		371.169		3.89747		2923.1		-1077.02		1846.08
		37250		371.668		3.81407		2860.56		-1014.46		1846.1
		37300		372.166		4.07978		3059.84		-1213.77		1846.07
		37350		372.665		4.08631		3064.73		-1218.65		1846.09
		37400		373.164		3.98786		2990.89		-1144.8		1846.09
		37450		373.663		4.05338		3040.03		-1193.95		1846.09
		37500		374.162		4.10062		3075.46		-1229.39		1846.07
		37550		374.661		3.96327		2972.46		-1126.36		1846.1
		37600		375.16		4.05909		3044.32		-1198.24		1846.08
		37650		375.659		4.12737		3095.53		-1249.45		1846.07
		37700		376.158		3.93028		2947.71		-1101.6		1846.11
		37750		376.656		4.04423		3033.17		-1187.08		1846.09
		37800		377.155		4.06918		3051.88		-1205.8		1846.08
		37850		377.654		3.88917		2916.88		-1070.79		1846.09
		37900		378.153		3.84751		2885.63		-1039.54		1846.09
		37950		378.652		3.80638		2854.78		-1008.69		1846.09
		38000		379.151		3.87431		2905.74		-1059.67		1846.07
		38050		379.65		3.82572		2869.29		-1023.2		1846.09
		38100		380.149		3.94943		2962.07		-1115.98		1846.09
		38150		380.647		3.90226		2926.69		-1080.6		1846.09
		38200		381.146		3.96885		2976.63		-1130.55		1846.09
		38250		381.645		3.91346		2935.1		-1088.99		1846.11
		38300		382.144		4.04982		3037.37		-1191.29		1846.07
		38350		382.643		3.97343		2980.08		-1133.98		1846.09
		38400		383.142		4.12719		3095.39		-1249.31		1846.09
		38450		383.641		4.01991		3014.93		-1168.83		1846.1
		38500		384.14		4.16573		3124.3		-1278.21		1846.09
		38550		384.639		4.10978		3082.34		-1236.24		1846.1
		38600		385.137		4.00673		3005.05		-1158.97		1846.08
		38650		385.636		3.86521		2898.91		-1052.81		1846.1
		38700		386.135		3.84964		2887.23		-1041.14		1846.09
		38750		386.634		3.91591		2936.93		-1090.86		1846.07
		38800		387.133		3.97323		2979.92		-1133.84		1846.09
		38850		387.632		3.96534		2974.01		-1127.93		1846.08
		38900		388.131		3.78436		2838.27		-992.176		1846.09
		38950		388.63		3.92459		2943.45		-1097.37		1846.08
		39000		389.128		3.94533		2959		-1112.91		1846.09
		39050		389.627		3.96586		2974.4		-1128.3		1846.09
		39100		390.126		4.03661		3027.46		-1181.37		1846.08
		39150		390.625		4.15229		3114.22		-1268.14		1846.07
		39200		391.124		3.90607		2929.55		-1083.45		1846.1
		39250		391.623		3.90853		2931.4		-1085.3		1846.09
		39300		392.122		4.00051		3000.39		-1154.3		1846.08
		39350		392.621		3.92754		2945.65		-1099.55		1846.1
		39400		393.12		3.88763		2915.72		-1069.62		1846.1
		39450		393.618		3.99976		2999.82		-1153.73		1846.09
		39500		394.117		4.04554		3034.15		-1188.07		1846.09
		39550		394.616		3.92633		2944.75		-1098.65		1846.1
		39600		395.115		3.97308		2979.81		-1133.73		1846.09
		39650		395.614		4.12979		3097.34		-1251.27		1846.07
		39700		396.113		3.92677		2945.08		-1098.99		1846.09
		39750		396.612		3.80708		2855.31		-1009.22		1846.09
		39800		397.111		3.89964		2924.73		-1078.66		1846.07
		39850		397.609		3.7722		2829.15		-983.052		1846.1
		39900		398.108		3.89894		2924.21		-1078.12		1846.09
		39950		398.607		3.90939		2932.04		-1085.95		1846.09
		40000		399.106		3.96501		2973.76		-1127.68		1846.08
		40050		399.605		3.92033		2940.25		-1094.16		1846.09
		40100		400.104		3.95197		2963.98		-1117.9		1846.08
		40150		400.603		3.87587		2906.9		-1060.8		1846.1
		40200		401.102		4.01922		3014.41		-1168.33		1846.08
		40250		401.601		3.95768		2968.26		-1122.16		1846.1
		40300		402.099		3.97096		2978.22		-1132.12		1846.1
		40350		402.598		3.89499		2921.25		-1075.16		1846.09
		40400		403.097		3.94194		2956.46		-1110.37		1846.09
		40450		403.596		3.95322		2964.92		-1118.82		1846.1
		40500		404.095		4.1018		3076.35		-1230.26		1846.08
		40550		404.594		4.06644		3049.83		-1203.74		1846.09
		40600		405.093		3.97688		2982.66		-1136.56		1846.09
		40650		405.592		4.05253		3039.4		-1193.3		1846.09
		40700		406.09		4.06891		3051.69		-1205.6		1846.08
		40750		406.589		4.01954		3014.65		-1168.56		1846.1
		40800		407.088		4.05559		3041.69		-1195.62		1846.08
		40850		407.587		3.93633		2952.24		-1106.15		1846.09
		40900		408.086		4.12882		3096.62		-1250.54		1846.08
		40950		408.585		3.9683		2976.23		-1130.13		1846.1
		41000		409.084		4.01995		3014.96		-1168.87		1846.09
		41050		409.583		4.11469		3086.02		-1239.93		1846.08
		41100		410.082		3.87941		2909.56		-1063.45		1846.11
		41150		410.58		4.14726		3110.44		-1264.36		1846.08
		41200		411.079		4.05834		3043.75		-1197.65		1846.1
		41250		411.578		3.97103		2978.27		-1132.17		1846.1
		41300		412.077		3.90365		2927.74		-1081.65		1846.09
		41350		412.576		4.00948		3007.11		-1161.01		1846.1
		41400		413.075		4.11243		3084.32		-1238.22		1846.1
		41450		413.574		3.96635		2974.76		-1128.65		1846.11
		41500		414.073		3.99962		2999.71		-1153.62		1846.1
		41550		414.572		4.03013		3022.6		-1176.52		1846.08
		41600		415.07		3.93866		2954		-1107.9		1846.09
		41650		415.569		4.02862		3021.46		-1175.38		1846.08
		41700		416.068		3.94345		2957.59		-1111.49		1846.09
		41750		416.567		3.80809		2856.06		-1009.97		1846.09
		41800		417.066		3.89368		2920.26		-1074.18		1846.08
		41850		417.565		4.2182		3163.65		-1317.58		1846.07
		41900		418.064		3.90608		2929.56		-1083.46		1846.1
		41950		418.563		3.93501		2951.26		-1105.17		1846.09
		42000		419.061		3.93747		2953.11		-1107.02		1846.09
		42050		419.56		3.90602		2929.51		-1083.43		1846.09
		42100		420.059		4.05594		3041.95		-1195.87		1846.09
		42150		420.558		4.00286		3002.15		-1156.05		1846.09
		42200		421.057		3.91859		2938.94		-1092.85		1846.09
		42250		421.556		4.0055		3004.13		-1158.05		1846.08
		42300		422.055		3.95714		2967.86		-1121.76		1846.1
		42350		422.554		4.08859		3066.45		-1220.37		1846.08
		42400		423.053		4.05157		3038.68		-1192.58		1846.09
		42450		423.551		4.07334		3055		-1208.92		1846.08
		42500		424.05		4.05517		3041.38		-1195.3		1846.08
		42550		424.549		4.00477		3003.58		-1157.49		1846.09
		42600		425.048		3.90444		2928.33		-1082.22		1846.11
		42650		425.547		4.07942		3059.57		-1213.48		1846.08
		42700		426.046		3.99919		2999.39		-1153.31		1846.08
		42750		426.545		4.00208		3001.56		-1155.47		1846.08
		42800		427.044		4.07928		3059.46		-1213.38		1846.09
		42850		427.542		4.08814		3066.1		-1220.02		1846.09
		42900		428.041		4.05684		3042.63		-1196.54		1846.08
		42950		428.54		4.0803		3060.23		-1214.13		1846.1
		43000		429.039		4.0137		3010.28		-1164.17		1846.1
		43050		429.538		4.09926		3074.45		-1228.36		1846.09
		43100		430.037		3.93711		2952.83		-1106.75		1846.08
		43150		430.536		3.78402		2838.01		-991.926		1846.09
		43200		431.035		3.97589		2981.92		-1135.83		1846.08
		43250		431.534		4.13933		3104.5		-1258.42		1846.07
		43300		432.032		3.91626		2937.2		-1091.11		1846.09
		43350		432.531		3.92865		2946.49		-1100.4		1846.09
		43400		433.03		4.0552		3041.4		-1195.31		1846.09
		43450		433.529		3.99442		2995.81		-1149.71		1846.11
		43500		434.028		3.94547		2959.1		-1113		1846.11
		43550		434.527		3.9781		2983.58		-1137.49		1846.08
		43600		435.026		3.99965		2999.74		-1153.65		1846.08
		43650		435.525		4.04168		3031.26		-1185.18		1846.08
		43700		436.023		3.95618		2967.14		-1121.06		1846.08
		43750		436.522		3.90337		2927.53		-1081.45		1846.07
		43800		437.021		3.92795		2945.96		-1099.87		1846.09
		43850		437.52		3.86504		2898.78		-1052.68		1846.1
		43900		438.019		3.86751		2900.63		-1054.53		1846.1
		43950		438.518		4.00299		3002.24		-1156.16		1846.09
		44000		439.017		3.90267		2927		-1080.9		1846.11
		44050		439.516		4.02043		3015.32		-1169.23		1846.09
		44100		440.015		3.83456		2875.92		-1029.82		1846.11
		44150		440.513		4.00154		3001.15		-1155.07		1846.09
		44200		441.012		3.86259		2896.94		-1050.84		1846.1
		44250		441.511		4.07396		3055.47		-1209.4		1846.07
		44300		442.01		3.9066		2929.95		-1083.85		1846.1
		44350		442.509		4.05235		3039.26		-1193.18		1846.08
		44400		443.008		3.9572		2967.9		-1121.8		1846.1
		44450		443.507		3.96943		2977.07		-1130.99		1846.09
		44500		444.006		4.04769		3035.77		-1189.68		1846.09
		44550		444.504		3.98214		2986.61		-1140.51		1846.09
		44600		445.003		4.08194		3061.46		-1215.39		1846.07
		44650		445.502		3.9816		2986.2		-1140.11		1846.09
		44700		446.001		3.91801		2938.5		-1092.4		1846.1
		44750		446.5		3.90184		2926.38		-1080.29		1846.09
		44800		446.999		4.06729		3050.47		-1204.39		1846.08
		44850		447.498		4.0762		3057.15		-1211.06		1846.09
		44900		447.997		3.99876		2999.07		-1152.98		1846.08
		44950		448.496		3.80538		2854.03		-1007.93		1846.1
		45000		448.994		4.03487		3026.15		-1180.08		1846.07
		45050		449.493		4.03985		3029.89		-1183.79		1846.1
		45100		449.992		4.03352		3025.14		-1179.04		1846.1
		45150		450.491		4.02889		3021.67		-1175.58		1846.09
		45200		450.99		4.03502		3026.27		-1180.17		1846.09
		45250		451.489		4.00739		3005.55		-1159.46		1846.09
		45300		451.988		3.91874		2939.05		-1092.97		1846.08
		45350		452.487		3.98225		2986.69		-1140.61		1846.08
		45400		452.985		3.97366		2980.25		-1134.15		1846.1
		45450		453.484		3.97526		2981.44		-1135.36		1846.08
		45500		453.983		3.9362		2952.15		-1106.06		1846.09
		45550		454.482		4.05819		3043.65		-1197.57		1846.08
		45600		454.981		3.85763		2893.22		-1047.12		1846.1
		45650		455.48		3.88		2910		-1063.91		1846.1
		45700		455.979		3.90998		2932.49		-1086.39		1846.09
		45750		456.478		3.96143		2971.07		-1125		1846.07
		45800		456.977		3.92893		2946.69		-1100.6		1846.09
		45850		457.475		4.03891		3029.18		-1183.08		1846.1
		45900		457.974		4.02784		3020.88		-1174.78		1846.09
		45950		458.473		4.07272		3054.54		-1208.47		1846.07
		46000		458.972		3.81828		2863.71		-1017.6		1846.11
		46050		459.471		3.96152		2971.14		-1125.07		1846.08
		46100		459.97		3.8586		2893.95		-1047.87		1846.09
		46150		460.469		3.91814		2938.61		-1092.52		1846.08
		46200		460.968		3.88842		2916.32		-1070.22		1846.1
		46250		461.466		4.11173		3083.8		-1237.72		1846.08
		46300		461.965		3.95733		2968		-1121.91		1846.09
		46350		462.464		3.93437		2950.78		-1104.69		1846.09
		46400		462.963		3.90241		2926.81		-1080.73		1846.08
		46450		463.462		3.89992		2924.94		-1078.85		1846.09
		46500		463.961		4.06537		3049.03		-1202.93		1846.09
		46550		464.46		4.09223		3069.17		-1223.09		1846.08
		46600		464.959		3.88904		2916.78		-1070.67		1846.11
		46650		465.458		4.08567		3064.25		-1218.16		1846.09
		46700		465.956		4.11171		3083.78		-1237.69		1846.09
		46750		466.455		4.10399		3077.99		-1231.9		1846.09
		46800		466.954		4.10428		3078.21		-1232.12		1846.09
		46850		467.453		4.04051		3030.38		-1184.29		1846.09
		46900		467.952		3.96654		2974.91		-1128.81		1846.09
		46950		468.451		4.00313		3002.35		-1156.26		1846.09
		47000		468.95		4.01106		3008.3		-1162.2		1846.1
		47050		469.449		3.92622		2944.66		-1098.58		1846.08
		47100		469.947		3.85255		2889.41		-1043.31		1846.1
		47150		470.446		4.19651		3147.38		-1301.31		1846.07
		47200		470.945		4.08053		3060.4		-1214.32		1846.08
		47250		471.444		4.11481		3086.11		-1240.02		1846.09
		47300		471.943		4.06882		3051.61		-1205.51		1846.11
		47350		472.442		4.04353		3032.65		-1186.56		1846.09
		47400		472.941		3.99728		2997.96		-1151.86		1846.1
		47450		473.44		3.94309		2957.32		-1111.23		1846.09
		47500		473.939		3.85042		2887.81		-1041.72		1846.09
		47550		474.437		3.94032		2955.24		-1109.17		1846.07
		47600		474.936		4.01482		3011.11		-1165.03		1846.08
		47650		475.435		3.99256		2994.42		-1148.32		1846.09
		47700		475.934		3.95912		2969.34		-1123.24		1846.1
		47750		476.433		4.17564		3131.73		-1285.65		1846.08
		47800		476.932		3.97273		2979.54		-1133.44		1846.11
		47850		477.431		4.11396		3085.47		-1239.38		1846.09
		47900		477.93		4.08116		3060.87		-1214.78		1846.09
		47950		478.428		3.97814		2983.6		-1137.5		1846.1
		48000		478.927		4.10918		3081.89		-1235.8		1846.09
		48050		479.426		3.95532		2966.49		-1120.39		1846.1
		48100		479.925		3.87462		2905.97		-1059.86		1846.11
		48150		480.424		4.01289		3009.67		-1163.6		1846.07
		48200		480.923		3.91497		2936.22		-1090.13		1846.09
		48250		481.422		4.0628		3047.1		-1201.02		1846.08
		48300		481.921		3.97574		2981.8		-1135.71		1846.09
		48350		482.42		4.00491		3003.68		-1157.6		1846.08
		48400		482.918		3.92548		2944.11		-1098.03		1846.08
		48450		483.417		3.9081		2931.08		-1084.97		1846.11
		48500		483.916		4.21539		3161.54		-1315.46		1846.09
		48550		484.415		4.00107		3000.8		-1154.72		1846.09
		48600		484.914		3.91227		2934.21		-1088.12		1846.09
		48650		485.413		4.01869		3014.02		-1167.92		1846.09
		48700		485.912		4.07137		3053.53		-1207.45		1846.08
		48750		486.411		4.15778		3118.33		-1272.26		1846.07
		48800		486.909		3.96908		2976.81		-1130.71		1846.1
		48850		487.408		4.04531		3033.98		-1187.89		1846.09
		48900		487.907		3.89656		2922.42		-1076.33		1846.09
		48950		488.406		4.04665		3034.99		-1188.92		1846.07
		49000		488.905		3.94205		2956.54		-1110.45		1846.09
		49050		489.404		3.94708		2960.31		-1114.22		1846.09
		49100		489.903		3.8105		2857.87		-1011.77		1846.1
		49150		490.402		3.8932		2919.9		-1073.81		1846.09
		49200		490.901		3.88496		2913.72		-1067.61		1846.11
		49250		491.399		4.1204		3090.3		-1244.21		1846.09
		49300		491.898		3.99211		2994.09		-1147.99		1846.09
		49350		492.397		3.87414		2905.6		-1059.51		1846.09
		49400		492.896		3.93413		2950.6		-1104.5		1846.1
		49450		493.395		3.87849		2908.87		-1062.76		1846.11
		49500		493.894		4.09337		3070.03		-1223.95		1846.08
		49550		494.393		3.88272		2912.04		-1065.95		1846.09
		49600		494.892		3.88322		2912.42		-1066.33		1846.09
		49650		495.39		3.89802		2923.51		-1077.43		1846.08
		49700		495.889		4.02403		3018.03		-1171.95		1846.08
		49750		496.388		3.90885		2931.64		-1085.53		1846.11
		49800		496.887		4.11834		3088.75		-1242.68		1846.08
		49850		497.386		4.10555		3079.16		-1233.07		1846.09
		49900		497.885		4.0916		3068.7		-1222.61		1846.09
		49950		498.384		4.14855		3111.41		-1265.34		1846.07
