		timesteps		t		Temperature		Kin		Pot		TotalE
		0		0		5.04455		3783.41		-4257.43		-474.015
		100		0.997765		2.06598		1549.49		-2023.45		-473.961
		200		1.99553		2.24712		1685.34		-2159.34		-474.001
		300		2.9933		2.40628		1804.71		-2278.72		-474.008
		400		3.99106		2.54521		1908.91		-2382.92		-474.011
		500		4.98883		2.54005		1905.04		-2379.05		-474.008
		600		5.98659		2.56331		1922.48		-2396.49		-474.007
		700		6.98436		2.59744		1948.08		-2422.1		-474.012
		800		7.98212		2.58073		1935.55		-2409.56		-474.015
		900		8.97989		2.60641		1954.81		-2428.81		-474.006
		1000		9.97765		2.64361		1982.71		-2456.72		-474.012
		1100		10.9754		2.62094		1965.71		-2439.72		-474.009
		1200		11.9732		2.69535		2021.51		-2495.53		-474.012
		1300		12.9709		2.61817		1963.63		-2437.64		-474.013
		1400		13.9687		2.71716		2037.87		-2511.88		-474.011
		1500		14.9665		2.63987		1979.9		-2453.9		-474.001
		1600		15.9642		2.70782		2030.87		-2504.88		-474.01
		1700		16.962		2.69681		2022.6		-2496.61		-474.009
		1800		17.9598		2.77393		2080.45		-2554.47		-474.015
		1900		18.9575		2.67779		2008.35		-2482.36		-474.016
		2000		19.9553		2.61184		1958.88		-2432.89		-474.01
		2100		20.9531		2.71832		2038.74		-2512.75		-474.008
		2200		21.9508		2.7616		2071.2		-2545.2		-474.006
		2300		22.9486		2.68816		2016.12		-2490.13		-474.011
		2400		23.9464		2.74364		2057.73		-2531.74		-474.01
		2500		24.9441		2.66475		1998.56		-2472.57		-474.011
		2600		25.9419		2.73211		2049.08		-2523.1		-474.018
		2700		26.9397		2.71943		2039.57		-2513.59		-474.012
		2800		27.9374		2.61866		1963.99		-2438		-474.007
		2900		28.9352		2.64872		1986.54		-2460.55		-474.009
		3000		29.933		2.70366		2027.74		-2501.75		-474.008
		3100		30.9307		2.67865		2008.99		-2483		-474.012
		3200		31.9285		2.6896		2017.2		-2491.21		-474.01
		3300		32.9263		2.61092		1958.19		-2432.19		-474.003
		3400		33.924		2.73069		2048.02		-2522.02		-474.005
		3500		34.9218		2.72115		2040.86		-2514.87		-474.006
		3600		35.9196		2.58838		1941.29		-2415.3		-474.009
		3700		36.9173		2.63471		1976.03		-2450.05		-474.017
		3800		37.9151		2.74516		2058.87		-2532.89		-474.017
		3900		38.9128		2.66402		1998.02		-2472.02		-474.003
		4000		39.9106		2.6026		1951.95		-2425.96		-474.01
		4100		40.9084		2.6694		2002.05		-2476.06		-474.005
		4200		41.9061		2.54533		1909		-2383.01		-474.01
		4300		42.9039		2.69691		2022.68		-2496.69		-474.01
		4400		43.9017		2.65657		1992.43		-2466.44		-474.012
		4500		44.8994		2.56572		1924.29		-2398.3		-474.011
		4600		45.8972		2.59577		1946.83		-2420.83		-474.003
		4700		46.895		2.66494		1998.71		-2472.72		-474.011
		4800		47.8927		2.57211		1929.08		-2403.1		-474.012
		4900		48.8905		2.58745		1940.58		-2414.59		-474.01
		5000		49.8883		2.66907		2001.8		-2475.82		-474.014
		5100		50.886		2.76003		2070.02		-2544.04		-474.017
		5200		51.8838		2.69676		2022.57		-2496.58		-474.011
		5300		52.8816		2.60349		1952.61		-2426.62		-474.01
		5400		53.8793		2.63971		1979.78		-2453.8		-474.013
		5500		54.8771		2.61344		1960.08		-2434.09		-474.012
		5600		55.8749		2.52657		1894.93		-2368.94		-474.011
		5700		56.8726		2.52083		1890.63		-2364.63		-474.009
		5800		57.8704		2.68764		2015.73		-2489.74		-474.012
		5900		58.8682		2.72352		2042.64		-2516.66		-474.013
		6000		59.8659		2.5954		1946.55		-2420.56		-474.007
		6100		60.8637		2.81346		2110.09		-2584.11		-474.017
		6200		61.8615		2.70858		2031.44		-2505.44		-474.008
		6300		62.8592		2.72197		2041.47		-2515.48		-474.004
		6400		63.857		2.70945		2032.09		-2506.1		-474.007
		6500		64.8547		2.54615		1909.61		-2383.62		-474.013
		6600		65.8525		2.64744		1985.58		-2459.59		-474.016
		6700		66.8503		2.64828		1986.21		-2460.22		-474.01
		6800		67.848		2.60854		1956.41		-2430.42		-474.011
		6900		68.8458		2.59087		1943.15		-2417.16		-474.011
		7000		69.8436		2.67209		2004.07		-2478.08		-474.01
		7100		70.8413		2.55478		1916.09		-2390.1		-474.009
		7200		71.8391		2.58987		1942.41		-2416.41		-474.007
		7300		72.8369		2.47343		1855.08		-2329.08		-474.004
		7400		73.8346		2.5361		1902.08		-2376.08		-474.004
		7500		74.8324		2.61869		1964.02		-2438.03		-474.012
		7600		75.8302		2.47774		1858.31		-2332.31		-474.007
		7700		76.8279		2.58781		1940.86		-2414.87		-474.009
		7800		77.8257		2.52381		1892.85		-2366.87		-474.012
		7900		78.8235		2.61774		1963.3		-2437.32		-474.015
		8000		79.8212		2.65302		1989.76		-2463.78		-474.018
		8100		80.819		2.6491		1986.82		-2460.83		-474.009
		8200		81.8168		2.82045		2115.34		-2589.36		-474.016
		8300		82.8145		2.58914		1941.86		-2415.86		-474.002
		8400		83.8123		2.70218		2026.63		-2500.64		-474.01
		8500		84.8101		2.68647		2014.85		-2488.86		-474.012
		8600		85.8078		2.66103		1995.77		-2469.79		-474.015
		8700		86.8056		2.57881		1934.1		-2408.11		-474.002
		8800		87.8034		2.70985		2032.39		-2506.39		-474.006
		8900		88.8011		2.67469		2006.02		-2480.03		-474.013
		9000		89.7989		2.6272		1970.4		-2444.41		-474.01
		9100		90.7966		2.56879		1926.59		-2400.6		-474.01
		9200		91.7944		2.60295		1952.22		-2426.23		-474.013
		9300		92.7922		2.57692		1932.69		-2406.7		-474.006
		9400		93.7899		2.67227		2004.2		-2478.21		-474.008
		9500		94.7877		2.60149		1951.12		-2425.13		-474.011
		9600		95.7855		2.64518		1983.88		-2457.89		-474.01
		9700		96.7832		2.64861		1986.46		-2460.48		-474.016
		9800		97.781		2.68154		2011.16		-2485.17		-474.014
		9900		98.7788		2.5667		1925.02		-2399.03		-474.002
	-451.031		-64.6238
		10000		99.7765		2.52362		408.826		-473.448		-64.6222
		10100		100.774		2.54754		412.702		-477.326		-64.6237
		10200		101.772		2.58949		419.498		-484.121		-64.6232
		10300		102.77		2.4138		391.036		-455.658		-64.6216
		10400		103.768		2.75251		445.906		-510.532		-64.6257
		10500		104.765		2.57298		416.822		-481.45		-64.6277
		10600		105.763		2.55383		413.72		-478.344		-64.6239
		10700		106.761		2.40122		388.998		-453.619		-64.6213
		10800		107.759		2.51774		407.874		-472.499		-64.6242
		10900		108.756		2.71014		439.043		-503.668		-64.625
		11000		109.754		2.72328		441.171		-505.794		-64.6238
		11100		110.752		2.73472		443.024		-507.65		-64.6252
		11200		111.75		2.93834		476.01		-540.639		-64.6286
		11300		112.747		2.68772		435.411		-500.037		-64.6264
		11400		113.745		2.33333		378		-442.625		-64.6254
		11500		114.743		3.03454		491.596		-556.227		-64.6312
		11600		115.741		2.88052		466.644		-531.274		-64.6301
		11700		116.739		2.59213		419.925		-484.547		-64.6219
		11800		117.736		2.91193		471.733		-536.359		-64.6266
		11900		118.734		2.68931		435.668		-500.299		-64.6303
		12000		119.732		2.52426		408.929		-473.553		-64.6241
		12100		120.73		2.73893		443.707		-508.333		-64.6253
		12200		121.727		2.42503		392.854		-457.476		-64.6223
		12300		122.725		2.79351		452.548		-517.179		-64.6303
		12400		123.723		2.58629		418.979		-483.603		-64.6246
		12500		124.721		2.6717		432.815		-497.442		-64.6264
		12600		125.718		2.73866		443.663		-508.289		-64.6264
		12700		126.716		2.6946		436.524		-501.152		-64.6273
		12800		127.714		2.67319		433.057		-497.682		-64.6249
		12900		128.712		2.80084		453.736		-518.365		-64.6288
		13000		129.709		2.90545		470.683		-535.311		-64.6286
		13100		130.707		2.45297		397.381		-462.008		-64.627
		13200		131.705		2.56413		415.389		-480.017		-64.6282
		13300		132.703		2.68175		434.443		-499.071		-64.6277
		13400		133.701		2.5627		415.157		-479.786		-64.6292
		13500		134.698		2.614		423.468		-488.096		-64.6281
		13600		135.696		2.44347		395.842		-460.466		-64.6246
		13700		136.694		2.46274		398.963		-463.588		-64.6246
		13800		137.692		2.78236		450.743		-515.371		-64.6278
		13900		138.689		2.8083		454.945		-519.573		-64.6284
		14000		139.687		2.698		437.076		-501.701		-64.6254
		14100		140.685		2.49855		404.766		-469.394		-64.6278
		14200		141.683		2.6722		432.896		-497.529		-64.6328
		14300		142.68		2.97473		481.907		-546.541		-64.6338
		14400		143.678		2.66713		432.075		-496.703		-64.6278
		14500		144.676		2.61998		424.437		-489.067		-64.6297
		14600		145.674		2.68354		434.734		-499.364		-64.63
		14700		146.672		2.53852		411.24		-475.869		-64.629
		14800		147.669		2.64459		428.423		-493.053		-64.6305
		14900		148.667		2.58931		419.469		-484.098		-64.6295
		15000		149.665		2.38678		386.658		-451.282		-64.6242
		15100		150.663		2.69904		437.245		-501.876		-64.6306
		15200		151.66		2.74088		444.023		-508.655		-64.6324
		15300		152.658		2.94772		477.531		-542.163		-64.6317
		15400		153.656		2.57468		417.097		-481.727		-64.6296
		15500		154.654		2.679		433.998		-498.629		-64.6317
		15600		155.651		2.82546		457.724		-522.358		-64.6339
		15700		156.649		3.07633		498.365		-563.001		-64.6361
		15800		157.647		2.81771		456.47		-521.102		-64.6322
		15900		158.645		2.61032		422.871		-487.499		-64.6279
		16000		159.642		2.67509		433.365		-497.994		-64.6292
		16100		160.64		2.44214		395.627		-460.257		-64.6299
		16200		161.638		2.72921		442.132		-506.763		-64.6305
		16300		162.636		2.4487		396.69		-461.32		-64.6308
		16400		163.634		2.73958		443.812		-508.443		-64.6312
		16500		164.631		2.68096		434.316		-498.943		-64.6268
		16600		165.629		2.90014		469.822		-534.454		-64.6313
		16700		166.627		2.44416		395.954		-460.584		-64.6304
		16800		167.625		2.61587		423.77		-488.399		-64.629
		16900		168.622		2.61604		423.799		-488.429		-64.63
		17000		169.62		2.6959		436.736		-501.363		-64.6266
		17100		170.618		2.62919		425.929		-490.556		-64.6273
		17200		171.616		2.74953		445.424		-510.053		-64.6293
		17300		172.613		2.84608		461.065		-525.695		-64.6302
		17400		173.611		2.93379		475.273		-539.902		-64.6286
		17500		174.609		2.80952		455.142		-519.774		-64.6325
		17600		175.607		2.82259		457.259		-521.891		-64.6319
		17700		176.604		2.37578		384.877		-449.504		-64.6271
		17800		177.602		2.7976		453.21		-517.839		-64.629
		17900		178.6		2.51566		407.538		-472.166		-64.6283
		18000		179.598		2.62622		425.448		-490.078		-64.6295
		18100		180.596		2.52537		409.11		-473.741		-64.6309
		18200		181.593		2.69066		435.886		-500.514		-64.6282
		18300		182.591		2.94066		476.387		-541.017		-64.6307
		18400		183.589		2.70791		438.682		-503.313		-64.6318
		18500		184.587		2.81151		455.465		-520.095		-64.6302
		18600		185.584		2.88917		468.046		-532.677		-64.6305
		18700		186.582		2.61054		422.908		-487.537		-64.6294
		18800		187.58		2.53699		410.993		-475.622		-64.6291
		18900		188.578		2.73223		442.622		-507.252		-64.6307
		19000		189.575		2.70502		438.214		-502.844		-64.6303
		19100		190.573		2.86645		464.365		-528.994		-64.6293
		19200		191.571		2.75148		445.74		-510.369		-64.6293
		19300		192.569		2.70398		438.045		-502.671		-64.6267
		19400		193.566		2.70369		437.998		-502.625		-64.6268
		19500		194.564		2.44978		396.864		-461.489		-64.6251
		19600		195.562		2.44869		396.688		-461.313		-64.6251
		19700		196.56		2.54329		412.012		-476.637		-64.6243
		19800		197.558		2.78625		451.372		-515.997		-64.6251
		19900		198.555		2.73324		442.785		-507.41		-64.6251
		20000		199.553		2.91224		471.782		-536.408		-64.6259
		20100		200.551		2.71842		440.383		-505.011		-64.6274
		20200		201.549		2.77653		449.797		-514.428		-64.6311
		20300		202.546		2.66891		432.364		-496.993		-64.6288
		20400		203.544		2.45761		398.133		-462.76		-64.6269
		20500		204.542		2.50025		405.04		-469.666		-64.6258
		20600		205.54		2.76263		447.547		-512.173		-64.6268
		20700		206.537		2.58077		418.084		-482.711		-64.6265
		20800		207.535		2.72381		441.257		-505.884		-64.6271
		20900		208.533		2.61061		422.918		-487.548		-64.6292
		21000		209.531		2.53886		411.296		-475.923		-64.6266
		21100		210.528		2.74374		444.485		-509.111		-64.6259
		21200		211.526		2.68966		435.724		-500.349		-64.6244
		21300		212.524		2.63181		426.353		-490.98		-64.6274
		21400		213.522		2.65203		429.63		-494.257		-64.6275
		21500		214.52		2.56385		415.344		-479.972		-64.6283
		21600		215.517		2.71118		439.211		-503.841		-64.6295
		21700		216.515		2.68961		435.716		-500.343		-64.6264
		21800		217.513		2.88577		467.495		-532.122		-64.6272
		21900		218.511		2.68713		435.315		-499.944		-64.629
		22000		219.508		2.73631		443.283		-507.914		-64.6317
		22100		220.506		2.65361		429.885		-494.511		-64.6264
		22200		221.504		2.78224		450.723		-515.349		-64.6265
		22300		222.502		2.63871		427.472		-492.099		-64.6269
		22400		223.499		2.62993		426.048		-490.677		-64.629
		22500		224.497		2.89632		469.203		-533.831		-64.6282
		22600		225.495		2.60787		422.475		-487.101		-64.6265
		22700		226.493		2.77154		448.989		-513.617		-64.6279
		22800		227.491		2.43018		393.688		-458.312		-64.6235
		22900		228.488		2.90678		470.898		-535.527		-64.6284
		23000		229.486		2.65856		430.686		-495.313		-64.6269
		23100		230.484		2.41697		391.549		-456.178		-64.6285
		23200		231.482		2.87756		466.165		-530.797		-64.632
		23300		232.479		2.50125		405.202		-469.834		-64.632
		23400		233.477		2.59247		419.98		-484.608		-64.628
		23500		234.475		2.46679		399.62		-464.244		-64.6239
		23600		235.473		2.82843		458.206		-522.835		-64.6296
		23700		236.47		2.80595		454.564		-519.197		-64.6331
		23800		237.468		2.6873		435.343		-499.973		-64.6302
		23900		238.466		2.5419		411.788		-476.417		-64.6297
		24000		239.464		2.63287		426.525		-491.154		-64.629
		24100		240.461		2.77954		450.285		-514.916		-64.6309
		24200		241.459		2.47925		401.638		-466.268		-64.6306
		24300		242.457		2.61483		423.602		-488.234		-64.6325
		24400		243.455		2.51011		406.638		-471.266		-64.6285
		24500		244.453		2.64092		427.829		-492.46		-64.6304
		24600		245.45		2.7395		443.799		-508.431		-64.6324
		24700		246.448		2.54206		411.815		-476.445		-64.631
		24800		247.446		2.6064		422.237		-486.867		-64.6292
		24900		248.444		2.49929		404.884		-469.51		-64.6253
		25000		249.441		2.71209		439.358		-503.989		-64.6311
		25100		250.439		2.56004		414.727		-479.352		-64.6256
		25200		251.437		2.49708		404.527		-469.153		-64.6267
		25300		252.435		2.51311		407.124		-471.752		-64.6282
		25400		253.432		2.76538		447.992		-512.619		-64.6279
		25500		254.43		2.87912		466.417		-531.046		-64.6287
		25600		255.428		2.85104		461.869		-526.497		-64.6278
		25700		256.426		2.73131		442.473		-507.102		-64.6289
		25800		257.423		2.79757		453.206		-517.833		-64.6266
		25900		258.421		2.58965		419.524		-484.149		-64.625
		26000		259.419		2.6565		430.353		-494.982		-64.6289
		26100		260.417		2.60616		422.198		-486.824		-64.6264
		26200		261.415		2.43725		394.835		-459.462		-64.6265
		26300		262.412		2.50079		405.128		-469.756		-64.6284
		26400		263.41		2.47038		400.201		-464.829		-64.6284
		26500		264.408		2.43462		394.408		-459.036		-64.6285
		26600		265.406		2.42471		392.804		-457.433		-64.6293
		26700		266.403		2.6381		427.373		-492.002		-64.6297
		26800		267.401		2.69773		437.032		-501.662		-64.6298
		26900		268.399		2.44821		396.609		-461.237		-64.6271
		27000		269.397		2.36331		382.857		-447.485		-64.6287
		27100		270.394		2.58186		418.262		-482.89		-64.6288
		27200		271.392		2.43913		395.138		-459.765		-64.6263
		27300		272.39		2.65218		429.653		-494.281		-64.6279
		27400		273.388		2.6274		425.638		-490.268		-64.6298
		27500		274.385		2.51021		406.654		-471.281		-64.6269
		27600		275.383		2.36729		383.501		-448.129		-64.6275
		27700		276.381		2.3379		378.74		-443.367		-64.6274
		27800		277.379		2.62746		425.649		-490.28		-64.6306
		27900		278.377		2.54242		411.872		-476.499		-64.6272
		28000		279.374		2.38105		385.73		-450.355		-64.6249
		28100		280.372		2.30363		373.188		-437.812		-64.6238
		28200		281.37		2.52008		408.253		-472.881		-64.6282
		28300		282.368		2.52641		409.279		-473.908		-64.6296
		28400		283.365		2.57001		416.341		-480.968		-64.627
		28500		284.363		2.57238		416.725		-481.353		-64.6278
		28600		285.361		2.60755		422.423		-487.053		-64.6302
		28700		286.359		2.33111		377.64		-442.272		-64.6314
		28800		287.356		2.64293		428.154		-492.784		-64.6292
		28900		288.354		2.60704		422.341		-486.971		-64.6298
		29000		289.352		2.79122		452.178		-516.809		-64.6318
		29100		290.35		2.75294		445.976		-510.609		-64.6326
		29200		291.347		2.45996		398.514		-463.144		-64.6306
		29300		292.345		2.57523		417.187		-481.814		-64.627
		29400		293.343		2.49389		404.01		-468.637		-64.6265
		29500		294.341		2.76543		447.999		-512.629		-64.6299
		29600		295.339		2.68006		434.17		-498.8		-64.6297
		29700		296.336		2.61936		424.336		-488.968		-64.6314
		29800		297.334		2.98541		483.636		-548.269		-64.6329
		29900		298.332		2.55364		413.69		-478.32		-64.6303
		30000		299.33		2.74321		444.401		-509.03		-64.6288
		30100		300.327		2.62824		425.774		-490.407		-64.6325
		30200		301.325		2.70675		438.493		-503.126		-64.6324
		30300		302.323		2.57619		417.342		-481.972		-64.6291
		30400		303.321		2.72767		441.883		-506.514		-64.6313
		30500		304.318		2.75127		445.706		-510.338		-64.6321
		30600		305.316		2.67327		433.069		-497.702		-64.6325
		30700		306.314		2.65743		430.503		-495.139		-64.6356
		30800		307.312		2.85638		462.733		-527.367		-64.634
		30900		308.309		2.71361		439.604		-504.236		-64.6316
		31000		309.307		2.61885		424.254		-488.889		-64.634
		31100		310.305		2.72289		441.108		-505.74		-64.6316
		31200		311.303		2.8252		457.682		-522.315		-64.6329
		31300		312.301		2.74043		443.949		-508.582		-64.633
		31400		313.298		2.52114		408.424		-473.055		-64.6311
		31500		314.296		2.61172		423.098		-487.732		-64.6345
		31600		315.294		2.45958		398.452		-463.084		-64.632
		31700		316.292		2.75943		447.027		-511.66		-64.6324
		31800		317.289		2.64284		428.14		-492.771		-64.6316
		31900		318.287		2.86806		464.625		-529.265		-64.64
		32000		319.285		2.84968		461.648		-526.286		-64.6375
		32100		320.283		2.71644		440.063		-504.698		-64.6356
		32200		321.28		2.93835		476.013		-540.65		-64.6374
		32300		322.278		2.47073		400.259		-464.895		-64.6364
		32400		323.276		2.81027		455.263		-519.9		-64.6373
		32500		324.274		2.44126		395.484		-460.119		-64.635
		32600		325.272		2.69574		436.71		-501.343		-64.6333
		32700		326.269		2.85728		462.88		-527.519		-64.6391
		32800		327.267		2.69816		437.103		-501.738		-64.6358
		32900		328.265		2.73786		443.534		-508.171		-64.637
		33000		329.263		2.63605		427.039		-491.674		-64.6348
		33100		330.26		2.70129		437.608		-502.242		-64.6338
		33200		331.258		2.76349		447.685		-512.322		-64.6374
		33300		332.256		2.73972		443.835		-508.473		-64.6376
		33400		333.254		2.6872		435.326		-499.963		-64.6376
		33500		334.251		2.58559		418.865		-483.499		-64.6344
		33600		335.249		2.77331		449.277		-513.914		-64.6372
		33700		336.247		2.63385		426.683		-491.322		-64.6382
		33800		337.245		2.8941		468.844		-533.481		-64.6366
		33900		338.242		2.38822		386.892		-451.526		-64.6343
		34000		339.24		2.74		443.879		-508.516		-64.6366
		34100		340.238		2.78157		450.615		-515.249		-64.6345
		34200		341.236		2.75348		446.064		-510.699		-64.6345
		34300		342.234		2.69417		436.455		-501.089		-64.6339
		34400		343.231		2.58753		419.18		-483.813		-64.6335
		34500		344.229		2.6364		427.097		-491.733		-64.6357
		34600		345.227		2.60441		421.915		-486.553		-64.6376
		34700		346.225		2.72502		441.453		-506.089		-64.6354
		34800		347.222		2.61929		424.324		-488.962		-64.6372
		34900		348.22		2.8162		456.224		-520.865		-64.6408
		35000		349.218		2.60398		421.844		-486.481		-64.6367
		35100		350.216		2.82216		457.189		-521.827		-64.638
		35200		351.213		2.7778		450.004		-514.643		-64.639
		35300		352.211		2.56369		415.317		-479.958		-64.6404
		35400		353.209		2.6726		432.96		-497.6		-64.64
		35500		354.207		2.79836		453.335		-517.974		-64.6396
		35600		355.204		2.87145		465.175		-529.816		-64.6409
		35700		356.202		2.24835		364.232		-428.867		-64.6352
		35800		357.2		2.80967		455.167		-519.806		-64.6394
		35900		358.198		2.56744		415.925		-480.565		-64.6391
		36000		359.196		2.61491		423.616		-488.255		-64.639
		36100		360.193		2.5288		409.666		-474.301		-64.6349
		36200		361.191		2.68272		434.6		-499.238		-64.6381
		36300		362.189		2.67955		434.087		-498.725		-64.6382
		36400		363.187		2.71487		439.81		-504.45		-64.64
		36500		364.184		2.52866		409.642		-474.281		-64.6388
		36600		365.182		2.66267		431.352		-495.99		-64.6377
		36700		366.18		2.5944		420.292		-484.926		-64.6339
		36800		367.178		2.45929		398.405		-463.042		-64.6367
		36900		368.175		2.67633		433.565		-498.203		-64.6374
		37000		369.173		2.70496		438.204		-502.841		-64.6372
		37100		370.171		2.76609		448.106		-512.743		-64.6367
		37200		371.169		2.72795		441.928		-506.564		-64.6359
		37300		372.166		2.76826		448.458		-513.097		-64.6394
		37400		373.164		2.6615		431.162		-495.799		-64.6368
		37500		374.162		2.63442		426.776		-491.412		-64.6363
		37600		375.16		2.71332		439.558		-504.194		-64.6362
		37700		376.158		2.96191		479.829		-544.464		-64.6343
		37800		377.155		2.79551		452.873		-517.507		-64.6344
		37900		378.153		2.49604		404.359		-468.996		-64.6366
		38000		379.151		2.50905		406.465		-471.101		-64.6358
		38100		380.149		2.71286		439.483		-504.12		-64.6379
		38200		381.146		2.57302		416.829		-481.467		-64.638
		38300		382.144		2.75168		445.772		-510.413		-64.6404
		38400		383.142		2.59195		419.895		-484.535		-64.6399
		38500		384.14		2.89388		468.809		-533.446		-64.637
		38600		385.137		2.74156		444.133		-508.77		-64.6368
		38700		386.135		2.59369		420.178		-484.813		-64.6352
		38800		387.133		3.06168		495.993		-560.631		-64.6386
		38900		388.131		2.58562		418.87		-483.505		-64.6354
		39000		389.128		2.57344		416.897		-481.535		-64.6376
		39100		390.126		2.52583		409.184		-473.82		-64.6354
		39200		391.124		2.5566		414.169		-478.804		-64.6355
		39300		392.122		2.64714		428.836		-493.469		-64.633
		39400		393.12		2.82569		457.762		-522.399		-64.6368
		39500		394.117		2.52049		408.32		-472.954		-64.6335
		39600		395.115		2.67333		433.079		-497.713		-64.6342
		39700		396.113		2.72507		441.462		-506.095		-64.6335
		39800		397.111		2.44275		395.726		-460.359		-64.6328
		39900		398.108		2.86606		464.302		-528.936		-64.6341
		40000		399.106		2.74444		444.6		-509.237		-64.6367
		40100		400.104		2.57491		417.135		-481.769		-64.634
		40200		401.102		2.84192		460.391		-525.029		-64.6381
		40300		402.099		2.60146		421.436		-486.07		-64.6342
		40400		403.097		2.60756		422.425		-487.06		-64.6346
		40500		404.095		2.68589		435.114		-499.747		-64.6335
		40600		405.093		2.75025		445.54		-510.175		-64.635
		40700		406.09		2.53053		409.945		-474.578		-64.6329
		40800		407.088		2.47014		400.162		-464.797		-64.6347
		40900		408.086		2.80492		454.397		-519.031		-64.6338
		41000		409.084		2.76738		448.315		-512.95		-64.6346
		41100		410.082		2.51019		406.65		-471.281		-64.6308
		41200		411.079		2.8924		468.569		-533.202		-64.6338
		41300		412.077		2.52789		409.517		-474.151		-64.634
		41400		413.075		2.56508		415.543		-480.177		-64.6337
		41500		414.073		2.71179		439.31		-503.945		-64.6343
		41600		415.07		2.6923		436.153		-500.785		-64.6322
		41700		416.068		2.65559		430.206		-494.836		-64.6305
		41800		417.066		2.86541		464.196		-528.832		-64.6358
		41900		418.064		2.5003		405.049		-469.682		-64.6325
		42000		419.061		2.68629		435.18		-499.813		-64.6328
		42100		420.059		2.41983		392.013		-456.644		-64.6304
		42200		421.057		2.64901		429.14		-493.772		-64.6321
		42300		422.055		2.58697		419.089		-483.723		-64.6345
		42400		423.053		2.42321		392.56		-457.192		-64.6326
		42500		424.05		2.51964		408.182		-472.818		-64.636
		42600		425.048		2.46503		399.335		-463.97		-64.6354
		42700		426.046		2.57677		417.437		-482.073		-64.6361
		42800		427.044		2.60234		421.579		-486.212		-64.6338
		42900		428.041		2.66967		432.487		-497.121		-64.634
		43000		429.039		2.53037		409.92		-474.554		-64.6339
		43100		430.037		2.67697		433.668		-498.301		-64.6326
		43200		431.035		2.63013		426.081		-490.712		-64.6314
		43300		432.032		2.86072		463.437		-528.072		-64.6346
		43400		433.03		2.54177		411.767		-476.402		-64.6343
		43500		434.028		2.6092		422.69		-487.324		-64.6336
		43600		435.026		2.44434		395.983		-460.613		-64.6292
		43700		436.023		2.57814		417.658		-482.291		-64.6328
		43800		437.021		2.71816		440.341		-504.977		-64.6359
		43900		438.019		2.62693		425.562		-490.197		-64.6346
		44000		439.017		2.7733		449.275		-513.907		-64.6328
		44100		440.015		2.71502		439.833		-504.469		-64.6361
		44200		441.012		2.62266		424.871		-489.506		-64.6347
		44300		442.01		2.64919		429.169		-493.804		-64.6354
		44400		443.008		2.74751		445.097		-509.733		-64.6357
		44500		444.006		2.84374		460.685		-525.321		-64.6357
		44600		445.003		2.56472		415.485		-480.121		-64.636
		44700		446.001		2.64525		428.53		-493.165		-64.635
		44800		446.999		2.80991		455.205		-519.842		-64.6376
		44900		447.997		2.60314		421.709		-486.347		-64.6374
		45000		448.994		2.13477		345.832		-410.465		-64.6332
		45100		449.992		2.50532		405.862		-470.501		-64.6391
		45200		450.99		2.63727		427.238		-491.877		-64.6382
		45300		451.988		2.78096		450.515		-515.154		-64.6382
		45400		452.985		2.8776		466.172		-530.811		-64.6387
		45500		453.983		2.6001		421.217		-485.851		-64.6343
		45600		454.981		2.35406		381.358		-445.994		-64.6356
		45700		455.979		2.60708		422.348		-486.984		-64.6368
		45800		456.977		2.51277		407.069		-471.705		-64.6358
		45900		457.974		2.5937		420.18		-484.815		-64.6355
		46000		458.972		2.68024		434.199		-498.836		-64.6363
		46100		459.97		2.84178		460.369		-525.008		-64.639
		46200		460.968		2.86253		463.729		-528.368		-64.6386
		46300		461.965		2.59413		420.25		-484.886		-64.6363
		46400		462.963		2.52265		408.669		-473.305		-64.6366
		46500		463.961		2.64372		428.283		-492.92		-64.6375
		46600		464.959		2.60837		422.557		-487.196		-64.639
		46700		465.956		2.46384		399.143		-463.778		-64.635
		46800		466.954		2.62569		425.362		-490.001		-64.6387
		46900		467.952		2.76587		448.071		-512.71		-64.6388
		47000		468.95		2.82208		457.176		-521.817		-64.6409
		47100		469.947		2.56851		416.099		-480.738		-64.6388
		47200		470.945		2.73961		443.817		-508.455		-64.6387
		47300		471.943		2.59669		420.663		-485.301		-64.6373
		47400		472.941		2.81288		455.687		-520.323		-64.6366
		47500		473.939		2.51922		408.113		-472.752		-64.639
		47600		474.936		2.5041		405.664		-470.304		-64.6397
		47700		475.934		2.73637		443.291		-507.931		-64.6399
		47800		476.932		2.56543		415.6		-480.24		-64.6401
		47900		477.93		2.81854		456.604		-521.248		-64.6435
		48000		478.927		2.68855		435.545		-500.186		-64.6413
		48100		479.925		2.72186		440.942		-505.581		-64.6389
		48200		480.923		2.66921		432.412		-497.05		-64.638
		48300		481.921		2.51308		407.119		-471.757		-64.6378
		48400		482.918		2.62033		424.493		-489.13		-64.6373
		48500		483.916		2.60555		422.1		-486.735		-64.6353
		48600		484.914		2.35329		381.232		-445.869		-64.6363
		48700		485.912		2.831		458.621		-523.263		-64.6415
		48800		486.909		2.72633		441.665		-506.306		-64.6407
		48900		487.907		2.75137		445.723		-510.363		-64.6401
		49000		488.905		2.65657		430.365		-495.006		-64.641
		49100		489.903		2.66248		431.322		-495.963		-64.6407
		49200		490.901		2.95464		478.652		-543.293		-64.6407
		49300		491.898		2.58969		419.53		-484.169		-64.639
		49400		492.896		2.55876		414.52		-479.159		-64.6398
		49500		493.894		2.94042		476.348		-540.988		-64.6401
		49600		494.892		2.73128		442.467		-507.103		-64.6363
		49700		495.889		2.57922		417.833		-482.469		-64.6361
		49800		496.887		2.60113		421.383		-486.021		-64.6383
		49900		497.885		2.66233		431.297		-495.94		-64.6436
		50000		498.883		2.8135		455.787		-520.429		-64.6414
		50100		499.88		2.71212		439.364		-504.004		-64.6403
		50200		500.878		2.83155		458.71		-523.351		-64.6406
		50300		501.876		2.63605		427.04		-491.68		-64.6397
		50400		502.874		2.73964		443.821		-508.465		-64.6432
		50500		503.872		2.52382		408.859		-473.498		-64.6393
		50600		504.869		2.79142		452.211		-516.852		-64.6412
		50700		505.867		2.6798		434.128		-498.766		-64.6377
		50800		506.865		2.80918		455.088		-519.729		-64.6415
		50900		507.863		2.63315		426.57		-491.206		-64.636
		51000		508.86		2.81874		456.636		-521.275		-64.639
		51100		509.858		2.77057		448.833		-513.475		-64.6417
		51200		510.856		2.4276		393.272		-457.91		-64.6385
		51300		511.854		2.62084		424.576		-489.212		-64.6356
		51400		512.851		2.78891		451.803		-516.441		-64.6381
		51500		513.849		2.48288		402.227		-466.866		-64.6385
		51600		514.847		2.69014		435.802		-500.44		-64.638
		51700		515.845		2.75085		445.638		-510.275		-64.6373
		51800		516.842		2.5334		410.411		-475.046		-64.6355
		51900		517.84		2.67396		433.181		-497.819		-64.6377
		52000		518.838		2.81752		456.439		-521.079		-64.6397
		52100		519.836		2.49048		403.458		-468.096		-64.6387
		52200		520.834		2.35142		380.93		-445.564		-64.6345
		52300		521.831		2.89792		469.462		-534.102		-64.6392
		52400		522.829		2.60192		421.512		-486.152		-64.6398
		52500		523.827		2.6774		433.739		-498.379		-64.64
		52600		524.825		2.54317		411.993		-476.634		-64.6413
		52700		525.822		2.52511		409.068		-473.707		-64.6387
		52800		526.82		3.01881		489.046		-553.687		-64.6407
		52900		527.818		2.53266		410.291		-474.927		-64.6362
		53000		528.816		2.98014		482.783		-547.425		-64.6424
		53100		529.813		2.5689		416.162		-480.8		-64.6381
		53200		530.811		2.56416		415.393		-480.035		-64.6415
		53300		531.809		2.53582		410.803		-475.444		-64.6404
		53400		532.807		2.58968		419.529		-484.167		-64.6382
		53500		533.804		2.84379		460.694		-525.333		-64.6393
		53600		534.802		2.67985		434.136		-498.773		-64.6369
		53700		535.8		2.53585		410.807		-475.443		-64.6362
		53800		536.798		2.92653		474.098		-538.738		-64.6402
		53900		537.796		2.90019		469.831		-534.469		-64.638
		54000		538.793		2.69387		436.408		-501.044		-64.6364
		54100		539.791		2.47422		400.823		-465.459		-64.6364
		54200		540.789		2.49672		404.469		-469.105		-64.6359
		54300		541.787		2.73563		443.172		-507.808		-64.6362
		54400		542.784		2.5809		418.105		-482.736		-64.6306
		54500		543.782		2.57199		416.663		-481.294		-64.6314
		54600		544.78		2.53277		410.309		-474.944		-64.6352
		54700		545.778		2.46722		399.689		-464.322		-64.6324
		54800		546.775		2.77012		448.759		-513.395		-64.6361
		54900		547.773		2.51769		407.865		-472.5		-64.6348
		55000		548.771		2.76514		447.952		-512.587		-64.6343
		55100		549.769		2.96943		481.047		-545.682		-64.6343
		55200		550.766		2.76238		447.506		-512.14		-64.6345
		55300		551.764		2.53876		411.28		-475.914		-64.6341
		55400		552.762		2.65255		429.713		-494.347		-64.6344
		55500		553.76		2.65194		429.614		-494.247		-64.6328
		55600		554.758		2.7703		448.789		-513.422		-64.633
		55700		555.755		2.77777		449.998		-514.633		-64.6349
		55800		556.753		2.95505		478.719		-543.355		-64.6367
		55900		557.751		2.65412		429.968		-494.603		-64.6347
		56000		558.749		2.30676		373.696		-438.326		-64.6304
		56100		559.746		2.87361		465.525		-530.163		-64.6381
		56200		560.744		2.47102		400.306		-464.938		-64.6324
		56300		561.742		2.55323		413.624		-478.259		-64.6354
		56400		562.74		2.85328		462.231		-526.87		-64.6389
		56500		563.737		2.60886		422.636		-487.27		-64.6339
		56600		564.735		2.70834		438.75		-503.384		-64.6336
		56700		565.733		2.72274		441.083		-505.717		-64.6335
		56800		566.731		2.80684		454.708		-519.345		-64.6369
		56900		567.728		2.67854		433.923		-498.561		-64.6378
		57000		568.726		2.89385		468.804		-533.443		-64.6387
		57100		569.724		2.64264		428.108		-492.745		-64.6377
		57200		570.722		2.78346		450.92		-515.56		-64.6404
		57300		571.72		2.53918		411.347		-475.984		-64.6365
		57400		572.717		2.69039		435.844		-500.483		-64.6395
		57500		573.715		2.66132		431.133		-495.773		-64.64
		57600		574.713		2.64716		428.84		-493.477		-64.6363
		57700		575.711		2.72066		440.747		-505.387		-64.6394
		57800		576.708		2.62924		425.937		-490.577		-64.6399
		57900		577.706		2.72895		442.089		-506.73		-64.641
		58000		578.704		2.57552		417.234		-481.871		-64.6375
		58100		579.702		2.87921		466.432		-531.073		-64.641
		58200		580.699		2.66349		431.486		-496.128		-64.6417
		58300		581.697		2.53393		410.496		-475.134		-64.6379
		58400		582.695		2.67896		433.991		-498.63		-64.6392
		58500		583.693		2.60929		422.705		-487.346		-64.6412
		58600		584.69		2.70556		438.301		-502.941		-64.6396
		58700		585.688		2.72319		441.156		-505.8		-64.6443
		58800		586.686		2.77874		450.156		-514.794		-64.6374
		58900		587.684		2.61778		424.081		-488.716		-64.6351
		59000		588.682		2.67642		433.58		-498.217		-64.6368
		59100		589.679		2.69656		436.843		-501.484		-64.6404
		59200		590.677		2.67059		432.636		-497.277		-64.641
		59300		591.675		2.63767		427.302		-491.942		-64.6402
		59400		592.673		2.77396		449.382		-514.024		-64.6422
		59500		593.67		2.82393		457.476		-522.121		-64.6444
		59600		594.668		2.97037		481.2		-545.842		-64.6419
		59700		595.666		2.48687		402.873		-467.507		-64.6342
		59800		596.664		2.75159		445.757		-510.397		-64.6399
		59900		597.661		2.69852		437.16		-501.798		-64.6389
		60000		598.659		2.46123		398.719		-463.36		-64.6409
		60100		599.657		2.60185		421.5		-486.143		-64.643
		60200		600.655		2.65211		429.642		-494.282		-64.64
		60300		601.653		2.53908		411.331		-475.969		-64.6385
		60400		602.65		2.85645		462.745		-527.387		-64.6421
		60500		603.648		2.8315		458.703		-523.343		-64.6397
		60600		604.646		2.69257		436.196		-500.835		-64.6397
		60700		605.644		2.54149		411.722		-476.362		-64.64
		60800		606.641		2.64593		428.641		-493.278		-64.6371
		60900		607.639		2.2853		370.218		-434.851		-64.6329
		61000		608.637		2.74181		444.174		-508.814		-64.6397
		61100		609.635		2.64536		428.548		-493.185		-64.6371
		61200		610.632		2.62587		425.391		-490.024		-64.6337
		61300		611.63		2.6471		428.83		-493.467		-64.6374
		61400		612.628		2.5138		407.236		-471.872		-64.6365
		61500		613.626		2.76664		448.196		-512.834		-64.6383
		61600		614.623		2.79662		453.052		-517.694		-64.6422
		61700		615.621		2.83871		459.871		-524.514		-64.6423
		61800		616.619		2.75433		446.201		-510.839		-64.6382
		61900		617.617		2.78446		451.083		-515.724		-64.6407
		62000		618.615		2.59435		420.284		-484.925		-64.6411
		62100		619.612		2.52673		409.331		-473.967		-64.6363
		62200		620.61		2.66814		432.239		-496.877		-64.6378
		62300		621.608		2.88932		468.07		-532.706		-64.6367
		62400		622.606		2.55734		414.289		-478.925		-64.6358
		62500		623.603		2.55018		413.129		-477.765		-64.6358
		62600		624.601		2.67387		433.167		-497.804		-64.637
		62700		625.599		2.58239		418.348		-482.986		-64.6378
		62800		626.597		2.71927		440.522		-505.161		-64.6393
		62900		627.594		2.63017		426.088		-490.728		-64.6397
		63000		628.592		2.64515		428.515		-493.154		-64.6393
		63100		629.59		2.8351		459.286		-523.928		-64.642
		63200		630.588		2.73791		443.541		-508.179		-64.6379
		63300		631.585		2.73815		443.58		-508.223		-64.6428
		63400		632.583		2.79478		452.754		-517.398		-64.6437
		63500		633.581		2.63645		427.104		-491.743		-64.639
		63600		634.579		2.60045		421.273		-485.909		-64.6364
		63700		635.577		2.8472		461.247		-525.886		-64.6393
		63800		636.574		2.67542		433.418		-498.057		-64.6391
		63900		637.572		2.68248		434.562		-499.204		-64.6429
		64000		638.57		2.47146		400.376		-465.017		-64.6409
		64100		639.568		2.85965		463.263		-527.903		-64.6407
		64200		640.565		2.72921		442.132		-506.77		-64.6376
		64300		641.563		2.81289		455.689		-520.331		-64.6418
		64400		642.561		2.74942		445.405		-510.047		-64.6419
		64500		643.559		2.73484		443.045		-507.684		-64.6394
		64600		644.556		2.67742		433.742		-498.375		-64.6339
		64700		645.554		2.60238		421.585		-486.224		-64.6383
		64800		646.552		2.58807		419.267		-483.904		-64.6366
		64900		647.55		2.63015		426.084		-490.724		-64.6401
		65000		648.547		2.39256		387.594		-452.231		-64.6367
		65100		649.545		2.47799		401.435		-466.075		-64.6398
		65200		650.543		2.53542		410.737		-475.377		-64.6396
		65300		651.541		2.39435		387.885		-452.52		-64.6359
		65400		652.539		2.59814		420.898		-485.536		-64.6375
		65500		653.536		2.70063		437.502		-502.14		-64.6375
		65600		654.534		2.42404		392.695		-457.332		-64.6377
		65700		655.532		2.51811		407.934		-472.574		-64.6395
		65800		656.53		2.79755		453.203		-517.845		-64.6422
		65900		657.527		2.57654		417.399		-482.035		-64.6358
		66000		658.525		2.3808		385.689		-450.324		-64.6348
		66100		659.523		2.85754		462.921		-527.559		-64.6376
		66200		660.521		2.55832		414.449		-479.083		-64.6344
		66300		661.518		2.5051		405.827		-470.462		-64.6346
		66400		662.516		2.68358		434.739		-499.374		-64.6346
		66500		663.514		2.75924		446.997		-511.638		-64.6404
		66600		664.512		2.60412		421.868		-486.507		-64.6396
		66700		665.509		2.50749		406.214		-470.85		-64.6357
		66800		666.507		2.92154		473.29		-537.932		-64.642
		66900		667.505		2.56597		415.688		-480.328		-64.6405
		67000		668.503		2.74547		444.766		-509.403		-64.6366
		67100		669.501		2.56514		415.553		-480.193		-64.6395
		67200		670.498		2.69459		436.523		-501.159		-64.6357
		67300		671.496		2.41916		391.903		-456.54		-64.6369
		67400		672.494		2.50218		405.354		-469.993		-64.6398
		67500		673.492		2.61199		423.143		-487.782		-64.639
		67600		674.489		2.66352		431.491		-496.128		-64.6373
		67700		675.487		2.50493		405.799		-470.437		-64.6382
		67800		676.485		3.00673		487.09		-551.727		-64.6374
		67900		677.483		2.74606		444.862		-509.495		-64.6333
		68000		678.48		2.87946		466.473		-531.115		-64.6416
		68100		679.478		2.64597		428.648		-493.286		-64.6387
		68200		680.476		2.62299		424.924		-489.562		-64.6377
		68300		681.474		2.66356		431.497		-496.135		-64.6384
		68400		682.472		2.94016		476.306		-540.948		-64.6419
		68500		683.469		2.54424		412.166		-476.807		-64.6408
		68600		684.467		2.47967		401.706		-466.348		-64.642
		68700		685.465		2.7577		446.747		-511.386		-64.6384
		68800		686.463		2.64951		429.221		-493.857		-64.6363
		68900		687.46		2.99899		485.836		-550.478		-64.6425
		69000		688.458		2.44441		395.995		-460.634		-64.6387
		69100		689.456		2.69619		436.783		-501.422		-64.6389
		69200		690.454		2.765		447.93		-512.571		-64.6406
		69300		691.451		2.67673		433.63		-498.266		-64.6366
		69400		692.449		2.71451		439.751		-504.388		-64.6366
		69500		693.447		2.59677		420.676		-485.317		-64.6412
		69600		694.445		2.74958		445.432		-510.073		-64.6412
		69700		695.442		2.90273		470.243		-534.882		-64.6392
		69800		696.44		2.72366		441.232		-505.874		-64.6415
		69900		697.438		2.62861		425.835		-490.475		-64.6403
		70000		698.436		2.72192		440.952		-505.592		-64.6398
		70100		699.434		2.68712		435.314		-499.954		-64.6401
		70200		700.431		2.62204		424.771		-489.409		-64.6385
		70300		701.429		2.60599		422.171		-486.81		-64.6388
		70400		702.427		2.65113		429.483		-494.119		-64.6359
		70500		703.425		2.63397		426.703		-491.337		-64.6349
		70600		704.422		2.77092		448.89		-513.531		-64.6408
		70700		705.42		2.59016		419.607		-484.243		-64.6369
		70800		706.418		3.03506		491.68		-556.319		-64.6383
		70900		707.416		2.91891		472.864		-537.505		-64.641
		71000		708.413		2.71292		439.493		-504.136		-64.6429
		71100		709.411		2.69106		435.952		-500.594		-64.6414
		71200		710.409		2.76606		448.101		-512.744		-64.6427
		71300		711.407		2.70413		438.068		-502.707		-64.6386
		71400		712.404		3.09251		500.987		-565.628		-64.6405
		71500		713.402		2.6979		437.06		-501.703		-64.6426
		71600		714.4		2.85379		462.313		-526.953		-64.6396
		71700		715.398		2.81385		455.843		-520.484		-64.6406
		71800		716.396		2.69096		435.935		-500.576		-64.6412
		71900		717.393		2.53069		409.972		-474.612		-64.6399
		72000		718.391		2.84301		460.568		-525.209		-64.6413
		72100		719.389		2.60557		422.102		-486.741		-64.6392
		72200		720.387		2.65097		429.457		-494.099		-64.6417
		72300		721.384		2.97653		482.199		-546.842		-64.6436
		72400		722.382		2.58366		418.553		-483.195		-64.6418
		72500		723.38		2.60718		422.363		-487.004		-64.6409
		72600		724.378		2.86763		464.555		-529.198		-64.6426
		72700		725.375		2.53859		411.251		-475.89		-64.6391
		72800		726.373		2.74753		445.1		-509.742		-64.642
		72900		727.371		2.59264		420.007		-484.647		-64.6392
		73000		728.369		2.72491		441.436		-506.076		-64.6404
		73100		729.366		2.66599		431.891		-496.529		-64.6383
		73200		730.364		2.723		441.125		-505.765		-64.6394
		73300		731.362		2.66773		432.173		-496.811		-64.6384
		73400		732.36		2.70649		438.452		-503.09		-64.638
		73500		733.358		2.89531		469.04		-533.679		-64.6391
		73600		734.355		2.74909		445.353		-509.993		-64.6399
		73700		735.353		2.63151		426.304		-490.938		-64.6334
		73800		736.351		2.86528		464.176		-528.814		-64.6386
		73900		737.349		2.68011		434.177		-498.816		-64.6383
		74000		738.346		2.53154		410.11		-474.747		-64.6373
		74100		739.344		2.50523		405.847		-470.487		-64.6399
		74200		740.342		2.94096		476.436		-541.08		-64.6439
		74300		741.34		2.9345		475.39		-540.031		-64.6413
		74400		742.337		2.75452		446.232		-510.873		-64.64
		74500		743.335		2.55276		413.547		-478.184		-64.6368
		74600		744.333		2.45857		398.289		-462.925		-64.6358
		74700		745.331		2.61551		423.713		-488.352		-64.6393
		74800		746.328		2.55133		413.315		-477.954		-64.639
		74900		747.326		2.73098		442.419		-507.059		-64.6404
		75000		748.324		2.8778		466.203		-530.848		-64.6446
		75100		749.322		2.81749		456.433		-521.073		-64.6399
		75200		750.32		2.48994		403.37		-468.007		-64.6373
		75300		751.317		2.72024		440.679		-505.32		-64.6411
		75400		752.315		2.56253		415.13		-479.768		-64.6377
		75500		753.313		2.73684		443.368		-508.01		-64.6421
		75600		754.311		2.4968		404.482		-469.123		-64.6412
		75700		755.308		2.70045		437.474		-502.113		-64.6399
		75800		756.306		2.78152		450.606		-515.248		-64.642
		75900		757.304		2.89657		469.245		-533.887		-64.6422
		76000		758.302		2.86479		464.095		-528.734		-64.6392
		76100		759.299		2.56881		416.147		-480.787		-64.6406
		76200		760.297		2.73685		443.369		-508.008		-64.6391
		76300		761.295		2.60232		421.577		-486.216		-64.6393
		76400		762.293		2.64547		428.566		-493.209		-64.6432
		76500		763.29		2.67595		433.504		-498.146		-64.6413
		76600		764.288		2.38739		386.758		-451.397		-64.6385
		76700		765.286		2.65259		429.72		-494.362		-64.6422
		76800		766.284		2.72699		441.773		-506.416		-64.6437
		76900		767.282		2.84156		460.332		-524.973		-64.6412
		77000		768.279		2.49119		403.572		-468.21		-64.6383
		77100		769.277		2.72583		441.584		-506.226		-64.642
		77200		770.275		2.5208		408.369		-473.008		-64.6384
		77300		771.273		2.60028		421.245		-485.884		-64.6398
		77400		772.27		2.43671		394.747		-459.388		-64.6407
		77500		773.268		2.78997		451.974		-516.617		-64.6426
		77600		774.266		2.54422		412.164		-476.802		-64.6379
		77700		775.264		2.70524		438.249		-502.893		-64.6436
		77800		776.261		2.52301		408.728		-473.373		-64.6454
		77900		777.259		2.26118		366.312		-430.95		-64.6385
		78000		778.257		2.50846		406.371		-471.01		-64.6393
		78100		779.255		2.44627		396.296		-460.934		-64.6387
		78200		780.253		2.63299		426.544		-491.186		-64.6415
		78300		781.25		2.5972		420.746		-485.385		-64.6386
		78400		782.248		2.55178		413.388		-478.028		-64.6396
		78500		783.246		2.31896		375.672		-440.311		-64.6389
		78600		784.244		2.59412		420.248		-484.887		-64.6393
		78700		785.241		2.77451		449.47		-514.111		-64.6412
		78800		786.239		2.60692		422.32		-486.961		-64.6403
		78900		787.237		2.65867		430.705		-495.351		-64.6459
		79000		788.235		2.58608		418.945		-483.589		-64.6436
		79100		789.232		2.72357		441.218		-505.863		-64.6455
		79200		790.23		2.67969		434.11		-498.753		-64.6427
		79300		791.228		2.647		428.814		-493.454		-64.64
		79400		792.226		2.81888		456.658		-521.3		-64.6419
		79500		793.223		2.67744		433.745		-498.39		-64.6447
		79600		794.221		2.39504		387.997		-452.636		-64.6399
		79700		795.219		2.71926		440.52		-505.163		-64.6435
		79800		796.217		2.71657		440.084		-504.725		-64.6418
		79900		797.215		2.59369		420.177		-484.82		-64.6423
		80000		798.212		2.63697		427.189		-491.831		-64.6415
		80100		799.21		2.58436		418.667		-483.307		-64.6408
		80200		800.208		2.92993		474.649		-539.293		-64.6437
		80300		801.206		2.74908		445.35		-509.995		-64.6445
		80400		802.203		2.51557		407.522		-472.167		-64.6445
		80500		803.201		2.68588		435.112		-499.758		-64.6453
		80600		804.199		2.64706		428.823		-493.468		-64.6449
		80700		805.197		2.73511		443.089		-507.733		-64.6445
		80800		806.194		2.47411		400.806		-465.451		-64.6454
		80900		807.192		2.53057		409.952		-474.596		-64.6443
		81000		808.19		2.64019		427.711		-492.358		-64.6465
		81100		809.188		2.95077		478.024		-542.674		-64.6497
		81200		810.185		2.62825		425.776		-490.42		-64.644
		81300		811.183		2.72414		441.31		-505.957		-64.647
		81400		812.181		2.61104		422.989		-487.635		-64.646
		81500		813.179		2.64399		428.327		-492.972		-64.645
		81600		814.177		2.50709		406.149		-470.792		-64.6432
		81700		815.174		2.64157		427.934		-492.581		-64.6471
		81800		816.172		2.51807		407.927		-472.572		-64.6445
		81900		817.17		2.77116		448.928		-513.572		-64.6439
		82000		818.168		2.75263		445.926		-510.573		-64.6468
		82100		819.165		2.68262		434.585		-499.23		-64.6452
		82200		820.163		2.44236		395.662		-460.307		-64.6457
		82300		821.161		2.6711		432.719		-497.364		-64.6455
		82400		822.159		2.64033		427.733		-492.381		-64.6476
		82500		823.156		2.61637		423.851		-488.5		-64.6485
		82600		824.154		2.77482		449.521		-514.168		-64.6466
		82700		825.152		2.6378		427.323		-491.971		-64.6479
		82800		826.15		2.71293		439.494		-504.141		-64.6469
		82900		827.147		2.70833		438.75		-503.399		-64.6487
		83000		828.145		2.40857		390.189		-454.834		-64.6446
		83100		829.143		2.64198		428.002		-492.651		-64.649
		83200		830.141		2.58046		418.034		-482.677		-64.6423
		83300		831.139		2.78368		450.956		-515.6		-64.6439
		83400		832.136		2.68814		435.479		-500.124		-64.6454
		83500		833.134		2.50668		406.082		-470.727		-64.645
		83600		834.132		2.59343		420.135		-484.779		-64.6435
		83700		835.13		2.57935		417.855		-482.499		-64.6433
		83800		836.127		2.59381		420.196		-484.843		-64.6464
		83900		837.125		2.80413		454.27		-518.916		-64.6469
		84000		838.123		2.61233		423.198		-487.843		-64.6449
		84100		839.121		2.48062		401.861		-466.504		-64.6437
		84200		840.118		2.75864		446.899		-511.54		-64.6414
		84300		841.116		2.66983		432.513		-497.152		-64.6388
		84400		842.114		2.65081		429.432		-494.075		-64.6429
		84500		843.112		2.64297		428.162		-492.804		-64.642
		84600		844.109		2.9559		478.856		-543.498		-64.6425
		84700		845.107		2.55332		413.638		-478.279		-64.6411
		84800		846.105		2.59401		420.23		-484.87		-64.6402
		84900		847.103		2.37096		384.096		-448.736		-64.64
		85000		848.101		2.88714		467.717		-532.363		-64.6457
		85100		849.098		2.59265		420.009		-484.653		-64.6437
		85200		850.096		2.57025		416.381		-481.023		-64.6413
		85300		851.094		2.71015		439.044		-503.686		-64.6424
		85400		852.092		2.76619		448.122		-512.764		-64.6421
		85500		853.089		2.73264		442.688		-507.327		-64.6392
		85600		854.087		2.6592		430.791		-495.432		-64.641
		85700		855.085		2.52292		408.713		-473.357		-64.6444
		85800		856.083		2.59092		419.729		-484.372		-64.6434
		85900		857.08		2.40009		388.814		-453.457		-64.643
		86000		858.078		2.85667		462.781		-527.424		-64.6436
		86100		859.076		2.49853		404.762		-469.406		-64.6442
		86200		860.074		2.73339		442.81		-507.452		-64.6422
		86300		861.072		2.58786		419.234		-483.873		-64.6398
		86400		862.069		2.62987		426.039		-490.681		-64.6418
		86500		863.067		2.59615		420.577		-485.221		-64.6444
		86600		864.065		2.91579		472.359		-537.002		-64.6434
		86700		865.063		2.40401		389.449		-454.089		-64.6392
		86800		866.06		2.70344		437.957		-502.601		-64.6445
		86900		867.058		2.62212		424.784		-489.428		-64.6435
		87000		868.056		2.68034		434.215		-498.858		-64.6429
		87100		869.054		2.80827		454.94		-519.582		-64.6425
		87200		870.051		2.62604		425.418		-490.062		-64.6439
		87300		871.049		2.99951		485.92		-550.567		-64.6466
		87400		872.047		2.85034		461.755		-526.398		-64.6433
		87500		873.045		2.41836		391.774		-456.413		-64.6397
		87600		874.042		2.88734		467.749		-532.39		-64.641
		87700		875.04		2.68126		434.365		-499.004		-64.6393
		87800		876.038		2.63324		426.585		-491.223		-64.6381
		87900		877.036		2.47333		400.679		-465.317		-64.6387
		88000		878.034		2.57827		417.679		-482.318		-64.6391
		88100		879.031		2.84104		460.249		-524.892		-64.6426
		88200		880.029		2.43841		395.022		-459.661		-64.6389
		88300		881.027		2.76188		447.424		-512.065		-64.6408
		88400		882.025		2.65142		429.53		-494.168		-64.6383
		88500		883.022		2.36547		383.206		-447.843		-64.6373
		88600		884.02		2.67757		433.767		-498.408		-64.6413
		88700		885.018		2.4903		403.428		-468.062		-64.6341
		88800		886.016		2.71423		439.705		-504.347		-64.6415
		88900		887.013		2.66289		431.389		-496.029		-64.6398
		89000		888.011		2.6617		431.196		-495.837		-64.6407
		89100		889.009		2.78934		451.873		-516.517		-64.6436
		89200		890.007		2.80202		453.927		-518.567		-64.6398
		89300		891.004		2.57816		417.662		-482.302		-64.64
		89400		892.002		2.81345		455.779		-520.417		-64.6379
		89500		893		2.57239		416.727		-481.366		-64.6389
		89600		893.998		2.48036		401.818		-466.455		-64.6369
		89700		894.996		2.79664		453.056		-517.696		-64.6401
		89800		895.993		2.98787		484.035		-548.676		-64.6414
		89900		896.991		2.60284		421.659		-486.299		-64.6394
		90000		897.989		2.78405		451.016		-515.656		-64.6401
		90100		898.987		2.65959		430.854		-495.493		-64.6385
		90200		899.984		2.7968		453.081		-517.72		-64.6391
		90300		900.982		2.58125		418.162		-482.798		-64.636
		90400		901.98		2.53718		411.023		-475.659		-64.6354
		90500		902.978		2.83275		458.905		-523.544		-64.6395
		90600		903.975		2.55021		413.134		-477.771		-64.6363
		90700		904.973		2.67935		434.055		-498.693		-64.6381
		90800		905.971		2.77325		449.267		-513.905		-64.6383
		90900		906.969		2.85045		461.773		-526.411		-64.6382
		91000		907.966		2.58408		418.621		-483.257		-64.6367
		91100		908.964		2.61081		422.951		-487.59		-64.6389
		91200		909.962		2.68477		434.933		-499.571		-64.6383
		91300		910.96		2.67442		433.256		-497.894		-64.6376
		91400		911.958		2.75218		445.853		-510.494		-64.6414
		91500		912.955		2.60015		421.225		-485.865		-64.6404
		91600		913.953		2.612		423.144		-487.782		-64.638
		91700		914.951		2.66457		431.66		-496.3		-64.6396
		91800		915.949		2.78282		450.817		-515.457		-64.6407
		91900		916.946		2.73379		442.875		-507.515		-64.6406
		92000		917.944		2.53763		411.096		-475.733		-64.637
		92100		918.942		2.64557		428.582		-493.224		-64.6418
		92200		919.94		2.79108		452.156		-516.8		-64.6442
		92300		920.937		2.95788		479.177		-543.819		-64.6416
		92400		921.935		2.60115		421.386		-486.025		-64.6381
		92500		922.933		2.70063		437.501		-502.143		-64.6417
		92600		923.931		2.49513		404.21		-468.848		-64.638
		92700		924.928		2.58736		419.152		-483.788		-64.6364
		92800		925.926		2.52197		408.56		-473.197		-64.6371
		92900		926.924		2.64252		428.089		-492.727		-64.638
		93000		927.922		2.48057		401.853		-466.492		-64.6394
		93100		928.92		2.5914		419.807		-484.446		-64.6388
		93200		929.917		2.20988		358.001		-422.639		-64.6376
		93300		930.915		2.62586		425.39		-490.029		-64.6388
		93400		931.913		2.85177		461.987		-526.625		-64.6385
		93500		932.911		2.80183		453.896		-518.534		-64.6383
		93600		933.908		2.74299		444.364		-509.003		-64.6394
		93700		934.906		2.72123		440.839		-505.478		-64.6385
		93800		935.904		3.01619		488.624		-553.262		-64.6386
		93900		936.902		2.57097		416.497		-481.136		-64.6385
		94000		937.899		2.61717		423.981		-488.62		-64.6392
		94100		938.897		2.57205		416.672		-481.309		-64.6375
		94200		939.895		2.76874		448.535		-513.174		-64.6386
		94300		940.893		2.57075		416.462		-481.099		-64.6372
		94400		941.89		2.74744		445.085		-509.721		-64.6364
		94500		942.888		2.66503		431.735		-496.376		-64.6411
		94600		943.886		2.75842		446.864		-511.507		-64.6424
		94700		944.884		2.61599		423.79		-488.43		-64.6399
		94800		945.882		2.74709		445.029		-509.668		-64.6387
		94900		946.879		3.02946		490.772		-555.409		-64.637
		95000		947.877		2.80794		454.886		-519.522		-64.6355
		95100		948.875		2.85639		462.736		-527.376		-64.6401
		95200		949.873		2.54794		412.766		-477.407		-64.6412
		95300		950.87		2.78067		450.469		-515.108		-64.639
		95400		951.868		2.33901		378.92		-443.555		-64.635
		95500		952.866		2.90466		470.554		-535.196		-64.6413
		95600		953.864		2.5445		412.208		-476.848		-64.6401
		95700		954.861		2.59564		420.494		-485.135		-64.6407
		95800		955.859		2.45952		398.442		-463.082		-64.6404
		95900		956.857		2.69392		436.415		-501.058		-64.6431
		96000		957.855		2.54375		412.088		-476.726		-64.6384
		96100		958.853		2.61826		424.157		-488.799		-64.6411
		96200		959.85		2.58835		419.313		-483.953		-64.64
		96300		960.848		2.91932		472.929		-537.573		-64.6435
		96400		961.846		2.44636		396.31		-460.948		-64.6388
		96500		962.844		2.89453		468.914		-533.556		-64.6415
		96600		963.841		2.60364		421.79		-486.428		-64.6379
		96700		964.839		2.84082		460.213		-524.853		-64.6398
		96800		965.837		2.79196		452.297		-516.94		-64.6424
		96900		966.835		2.66194		431.235		-495.875		-64.6401
		97000		967.832		2.66378		431.532		-496.174		-64.6417
		97100		968.83		2.75734		446.689		-511.33		-64.6415
		97200		969.828		2.52208		408.577		-473.219		-64.6419
		97300		970.826		2.66094		431.073		-495.715		-64.6419
		97400		971.823		2.71998		440.637		-505.279		-64.642
		97500		972.821		2.73449		442.987		-507.628		-64.6403
		97600		973.819		2.72754		441.861		-506.503		-64.6414
		97700		974.817		2.59799		420.875		-485.514		-64.6392
		97800		975.815		2.83299		458.944		-523.584		-64.6393
		97900		976.812		2.73583		443.204		-507.843		-64.6388
		98000		977.81		2.46704		399.66		-464.301		-64.6401
		98100		978.808		2.43996		395.274		-459.915		-64.6407
		98200		979.806		2.58653		419.017		-483.661		-64.6434
		98300		980.803		2.74859		445.271		-509.914		-64.6428
		98400		981.801		2.62275		424.886		-489.53		-64.6441
		98500		982.799		2.88771		467.808		-532.453		-64.6447
		98600		983.797		2.82234		457.219		-521.862		-64.6428
		98700		984.794		2.51662		407.693		-472.332		-64.6398
		98800		985.792		2.64187		427.984		-492.626		-64.6425
		98900		986.79		2.76728		448.299		-512.941		-64.6415
		99000		987.788		2.81642		456.26		-520.906		-64.6461
		99100		988.785		2.92254		473.452		-538.096		-64.644
		99200		989.783		2.77324		449.265		-513.906		-64.6415
		99300		990.781		2.82191		457.15		-521.788		-64.6383
		99400		991.779		2.74091		444.028		-508.668		-64.6402
		99500		992.777		2.56882		416.149		-480.792		-64.6428
		99600		993.774		2.6182		424.149		-488.793		-64.6445
		99700		994.772		2.71599		439.991		-504.635		-64.6437
		99800		995.77		2.4803		401.808		-466.448		-64.6401
		99900		996.768		2.3678		383.584		-448.223		-64.6389
