		timesteps		t		Temperature		Kin		Pot		TotalE		MSD
		0		0		5.9174		4438.05		-4257.43		180.623		0.00743876
		50		0.498883		4.48694		3365.2		-3184.63		180.57		0.102025
		100		0.997765		2.59157		1943.68		-1763.02		180.66		0.288145
		150		1.49665		2.94397		2207.98		-2027.36		180.619		0.424669
		200		1.99553		2.96755		2225.66		-2045.04		180.622		0.538094
		250		2.49441		2.81613		2112.09		-1931.46		180.629		0.635763
		300		2.9933		2.86742		2150.57		-1969.94		180.628		0.71231
		350		3.49218		2.9654		2224.05		-2043.43		180.623		0.775536
		400		3.99106		2.83393		2125.45		-1944.81		180.633		0.833604
		450		4.48994		2.85117		2138.38		-1957.75		180.632		0.882426
		500		4.98883		2.92391		2192.94		-2012.31		180.628		0.923063
		550		5.48771		2.99292		2244.69		-2064.06		180.629		0.957199
		600		5.98659		3.03137		2273.53		-2092.91		180.625		0.994892
		650		6.48547		2.90615		2179.61		-1998.97		180.641		1.04013
		700		6.98436		2.94281		2207.11		-2026.48		180.628		1.0885
		750		7.48324		2.87879		2159.1		-1978.46		180.631		1.14032
		800		7.98212		2.87014		2152.6		-1971.97		180.631		1.19254
		850		8.48101		2.85149		2138.61		-1957.98		180.631		1.24358
		900		8.97989		2.82641		2119.81		-1939.18		180.628		1.28667
		950		9.47877		2.85142		2138.56		-1957.94		180.627		1.32311
		1000		9.97765		2.85596		2141.97		-1961.34		180.634		1.3574
		1050		10.4765		2.94388		2207.91		-2027.29		180.625		1.39384
		1100		10.9754		2.84049		2130.36		-1949.72		180.641		1.43949
		1150		11.4743		2.92327		2192.45		-2011.83		180.625		1.49304
		1200		11.9732		2.91557		2186.68		-2006.05		180.626		1.55688
		1250		12.4721		2.84318		2132.39		-1951.75		180.638		1.62394
		1300		12.9709		2.80861		2106.46		-1925.83		180.625		1.68448
		1350		13.4698		2.72037		2040.27		-1859.64		180.633		1.73243
		1400		13.9687		2.88884		2166.63		-1986.01		180.62		1.77128
		1450		14.4676		2.82806		2121.04		-1940.42		180.626		1.81165
		1500		14.9665		2.75393		2065.45		-1884.81		180.638		1.84779
		1550		15.4654		2.83137		2123.53		-1942.9		180.622		1.88118
		1600		15.9642		2.72436		2043.27		-1862.63		180.635		1.93041
		1650		16.4631		2.88295		2162.22		-1981.6		180.617		1.98792
		1700		16.962		2.79579		2096.84		-1916.21		180.634		2.05328
		1750		17.4609		2.83666		2127.5		-1946.87		180.625		2.12387
		1800		17.9598		2.82867		2121.5		-1940.88		180.624		2.19739
		1850		18.4587		2.7348		2051.1		-1870.47		180.631		2.27086
		1900		18.9575		2.75968		2069.76		-1889.14		180.628		2.33929
		1950		19.4564		2.74492		2058.69		-1878.06		180.631		2.4044
		2000		19.9553		2.69747		2023.1		-1842.47		180.633		2.47164
		2050		20.4542		2.80497		2103.72		-1923.1		180.621		2.53653
		2100		20.9531		2.75997		2069.97		-1889.34		180.637		2.59911
		2150		21.452		2.77669		2082.52		-1901.89		180.626		2.66303
		2200		21.9508		2.75061		2062.95		-1882.32		180.632		2.74115
		2250		22.4497		2.81074		2108.06		-1927.43		180.629		2.83232
		2300		22.9486		2.73604		2052.03		-1871.39		180.635		2.93784
		2350		23.4475		2.67872		2009.04		-1828.41		180.627		3.04058
		2400		23.9464		2.68498		2013.73		-1833.1		180.629		3.12744
		2450		24.4453		2.75277		2064.58		-1883.95		180.629		3.20395
		2500		24.9441		2.72699		2045.24		-1864.61		180.634		3.28307
		2550		25.443		2.80283		2102.12		-1921.5		180.621		3.36051
		2600		25.9419		2.76254		2071.91		-1891.28		180.631		3.43255
		2650		26.4408		2.82549		2119.12		-1938.5		180.623		3.5011
		2700		26.9397		2.73537		2051.53		-1870.9		180.628		3.58234
		2750		27.4385		2.69165		2018.74		-1838.1		180.637		3.66845
		2800		27.9374		2.82465		2118.49		-1937.86		180.627		3.7513
		2850		28.4363		2.8004		2100.3		-1919.67		180.628		3.83657
		2900		28.9352		2.69526		2021.45		-1840.81		180.64		3.92196
		2950		29.4341		2.77702		2082.77		-1902.14		180.625		4.0092
		3000		29.933		2.65668		1992.51		-1811.87		180.635		4.0993
		3050		30.4318		2.76307		2072.3		-1891.67		180.627		4.18023
		3100		30.9307		2.73434		2050.76		-1870.13		180.629		4.25785
		3150		31.4296		2.5661		1924.57		-1743.93		180.643		4.33461
		3200		31.9285		2.76339		2072.54		-1891.92		180.623		4.40956
		3250		32.4274		2.74592		2059.44		-1878.81		180.63		4.48579
		3300		32.9263		2.65775		1993.32		-1812.69		180.626		4.56178
		3350		33.4251		2.68329		2012.47		-1831.84		180.629		4.63148
		3400		33.924		2.80996		2107.47		-1926.85		180.62		4.69989
		3450		34.4229		2.65759		1993.2		-1812.55		180.643		4.77857
		3500		34.9218		2.72397		2042.98		-1862.35		180.63		4.86246
		3550		35.4207		2.71887		2039.15		-1858.52		180.629		4.95022
		3600		35.9196		2.62129		1965.97		-1785.33		180.636		5.03368
		3650		36.4184		2.75939		2069.54		-1888.92		180.626		5.09504
		3700		36.9173		2.78623		2089.67		-1909.04		180.631		5.15225
		3750		37.4162		2.75517		2066.38		-1885.74		180.633		5.22834
		3800		37.9151		2.76531		2073.98		-1893.35		180.631		5.32396
		3850		38.414		2.66963		2002.22		-1821.59		180.63		5.42437
		3900		38.9128		2.73616		2052.12		-1871.5		180.623		5.52296
		3950		39.4117		2.67345		2005.08		-1824.45		180.639		5.64008
		4000		39.9106		2.73087		2048.15		-1867.52		180.632		5.76862
		4050		40.4095		2.74005		2055.04		-1874.41		180.633		5.89495
		4100		40.9084		2.76574		2074.3		-1893.68		180.625		6.0068
		4150		41.4073		2.71055		2032.91		-1852.28		180.632		6.09334
		4200		41.9061		2.8037		2102.78		-1922.15		180.63		6.1704
		4250		42.405		2.7085		2031.38		-1850.74		180.631		6.26764
		4300		42.9039		2.74135		2056.01		-1875.39		180.622		6.36828
		4350		43.4028		2.75192		2063.94		-1883.31		180.632		6.47015
		4400		43.9017		2.7375		2053.13		-1872.5		180.628		6.57008
		4450		44.4006		2.73894		2054.2		-1873.57		180.628		6.67248
		4500		44.8994		2.74731		2060.48		-1879.86		180.625		6.80568
		4550		45.3983		2.61914		1964.36		-1783.73		180.632		6.9536
		4600		45.8972		2.60179		1951.34		-1770.72		180.626		7.08066
		4650		46.3961		2.58487		1938.65		-1758.02		180.629		7.18575
		4700		46.895		2.67722		2007.91		-1827.28		180.627		7.27327
		4750		47.3939		2.77149		2078.62		-1897.99		180.628		7.3472
		4800		47.8927		2.68321		2012.4		-1831.77		180.633		7.4288
		4850		48.3916		2.65046		1987.85		-1807.21		180.633		7.52857
		4900		48.8905		2.70916		2031.87		-1851.26		180.618		7.65372
		4950		49.3894		2.5809		1935.68		-1755.05		180.632		7.78588
		5000		49.8883		2.74903		2061.77		-1881.16		180.619		7.89711
		5050		50.3872		2.74363		2057.72		-1877.09		180.635		7.99822
		5100		50.886		2.80108		2100.81		-1920.18		180.632		8.0824
		5150		51.3849		2.81895		2114.21		-1933.59		180.621		8.16519
		5200		51.8838		2.65633		1992.24		-1811.61		180.639		8.27137
		5250		52.3827		2.70884		2031.63		-1851		180.631		8.38671
		5300		52.8816		2.70257		2026.93		-1846.29		180.633		8.50733
		5350		53.3804		2.72772		2045.79		-1865.16		180.632		8.62381
		5400		53.8793		2.68257		2011.93		-1831.3		180.625		8.73862
		5450		54.3782		2.62876		1971.57		-1790.95		180.625		8.83907
		5500		54.8771		2.72316		2042.37		-1861.75		180.627		8.92328
		5550		55.376		2.69907		2024.3		-1843.67		180.633		9.01649
		5600		55.8749		2.56263		1921.97		-1741.33		180.638		9.11326
		5650		56.3737		2.6442		1983.15		-1802.52		180.624		9.20435
		5700		56.8726		2.59839		1948.79		-1768.16		180.635		9.31146
		5750		57.3715		2.68326		2012.44		-1831.81		180.632		9.43084
		5800		57.8704		2.674		2005.5		-1824.87		180.632		9.54561
		5850		58.3693		2.66382		1997.86		-1817.23		180.637		9.63507
		5900		58.8682		2.79587		2096.9		-1916.28		180.626		9.72097
		5950		59.367		2.70098		2025.73		-1845.1		180.634		9.82874
		6000		59.8659		2.73502		2051.26		-1870.63		180.628		9.92978
		6050		60.3648		2.67799		2008.49		-1827.86		180.629		10.0358
		6100		60.8637		2.61196		1958.97		-1778.34		180.636		10.1613
		6150		61.3626		2.73176		2048.82		-1868.2		180.627		10.2724
		6200		61.8615		2.76693		2075.2		-1894.57		180.63		10.3563
		6250		62.3603		2.7814		2086.05		-1905.41		180.635		10.4184
		6300		62.8592		2.74268		2057.01		-1876.38		180.627		10.4888
		6350		63.3581		2.59877		1949.08		-1768.44		180.64		10.578
		6400		63.857		2.78624		2089.68		-1909.06		180.621		10.6578
		6450		64.3559		2.71133		2033.49		-1852.86		180.637		10.7423
		6500		64.8547		2.6777		2008.27		-1827.64		180.627		10.8453
		6550		65.3536		2.62552		1969.14		-1788.5		180.635		10.9323
		6600		65.8525		2.67652		2007.39		-1826.76		180.63		10.976
		6650		66.3514		2.68755		2015.66		-1835.03		180.634		11.003
		6700		66.8503		2.76706		2075.3		-1894.66		180.632		11.045
		6750		67.3492		2.82772		2120.79		-1940.16		180.629		11.0968
		6800		67.848		2.71756		2038.17		-1857.54		180.632		11.1416
		6850		68.3469		2.65694		1992.7		-1812.07		180.635		11.1817
		6900		68.8458		2.72202		2041.52		-1860.88		180.632		11.236
		6950		69.3447		2.71728		2037.96		-1857.32		180.634		11.3201
		7000		69.8436		2.77417		2080.63		-1899.99		180.632		11.4115
		7050		70.3425		2.74551		2059.13		-1878.5		180.636		11.5131
		7100		70.8413		2.72232		2041.74		-1861.11		180.63		11.6314
		7150		71.3402		2.75639		2067.29		-1886.66		180.63		11.7479
		7200		71.8391		2.71982		2039.86		-1859.23		180.63		11.8491
		7250		72.338		2.65816		1993.62		-1812.99		180.628		11.9225
		7300		72.8369		2.68034		2010.26		-1829.62		180.635		11.9634
		7350		73.3358		2.82371		2117.78		-1937.16		180.623		12.0057
		7400		73.8346		2.71057		2032.93		-1852.3		180.634		12.0576
		7450		74.3335		2.66761		2000.71		-1820.08		180.626		12.1291
		7500		74.8324		2.65577		1991.83		-1811.19		180.632		12.2307
		7550		75.3313		2.76826		2076.19		-1895.57		180.621		12.3432
		7600		75.8302		2.63682		1977.61		-1796.98		180.635		12.467
		7650		76.329		2.62037		1965.28		-1784.64		180.635		12.5802
		7700		76.8279		2.72939		2047.04		-1866.42		180.624		12.6781
		7750		77.3268		2.6853		2013.98		-1833.34		180.633		12.7803
		7800		77.8257		2.69241		2019.31		-1838.67		180.633		12.8797
		7850		78.3246		2.69204		2019.03		-1838.4		180.635		12.9849
		7900		78.8235		2.7994		2099.55		-1918.93		180.624		13.0979
		7950		79.3223		2.7395		2054.63		-1873.99		180.64		13.1925
		8000		79.8212		2.75701		2067.76		-1887.13		180.63		13.2543
		8050		80.3201		2.66676		2000.07		-1819.44		180.633		13.3217
		8100		80.819		2.78087		2085.65		-1905.03		180.62		13.42
		8150		81.3179		2.75497		2066.23		-1885.6		180.63		13.5492
		8200		81.8168		2.65054		1987.9		-1807.27		180.636		13.7029
		8250		82.3156		2.62963		1972.23		-1791.6		180.628		13.8633
		8300		82.8145		2.65037		1987.78		-1807.15		180.629		13.9909
		8350		83.3134		2.65389		1990.42		-1809.79		180.629		14.0857
		8400		83.8123		2.57284		1929.63		-1748.99		180.639		14.1663
		8450		84.3112		2.69844		2023.83		-1843.21		180.625		14.222
		8500		84.8101		2.67422		2005.67		-1825.04		180.633		14.2728
		8550		85.3089		2.61577		1961.83		-1781.2		180.634		14.3399
		8600		85.8078		2.6605		1995.37		-1814.74		180.633		14.4054
		8650		86.3067		2.75201		2064.01		-1883.38		180.628		14.4716
		8700		86.8056		2.65666		1992.49		-1811.86		180.635		14.5739
		8750		87.3045		2.68145		2011.08		-1830.45		180.632		14.7145
		8800		87.8034		2.78593		2089.44		-1908.81		180.631		14.8306
		8850		88.3022		2.72772		2045.79		-1865.16		180.63		14.9305
		8900		88.8011		2.66773		2000.8		-1820.17		180.627		15.034
		8950		89.3		2.64829		1986.22		-1805.59		180.629		15.1214
		9000		89.7989		2.73193		2048.95		-1868.33		180.619		15.1599
		9050		90.2978		2.68666		2015		-1834.36		180.636		15.1528
		9100		90.7966		2.63565		1976.74		-1796.11		180.631		15.1326
		9150		91.2955		2.66835		2001.26		-1820.63		180.629		15.1292
		9200		91.7944		2.65903		1994.28		-1813.65		180.626		15.1494
		9250		92.2933		2.60703		1955.27		-1774.64		180.637		15.1916
		9300		92.7922		2.74		2055		-1874.37		180.629		15.2322
		9350		93.2911		2.69053		2017.9		-1837.27		180.626		15.2594
		9400		93.7899		2.63749		1978.12		-1797.49		180.626		15.2958
		9450		94.2888		2.60539		1954.05		-1773.42		180.63		15.3568
		9500		94.7877		2.55081		1913.11		-1732.48		180.632		15.4329
		9550		95.2866		2.64079		1980.59		-1799.96		180.63		15.5153
		9600		95.7855		2.77901		2084.26		-1903.63		180.631		15.6092
		9650		96.2844		2.80246		2101.84		-1921.21		180.631		15.7209
		9700		96.7832		2.70232		2026.74		-1846.1		180.639		15.8271
		9750		97.2821		2.76774		2075.81		-1895.18		180.629		15.9178
		9800		97.781		2.72869		2046.52		-1865.89		180.627		16.0041
		9850		98.2799		2.68163		2011.22		-1830.59		180.63		16.1001
		9900		98.7788		2.76126		2070.94		-1890.31		180.629		16.2
		9950		99.2777		2.8154		2111.55		-1930.92		180.627		16.2867
		10000		99.7765		2.821		2115.75		-1935.13		180.625		16.3486
		10050		100.275		2.68209		2011.57		-1830.93		180.639		16.3901
		10100		100.774		2.74552		2059.14		-1878.52		180.624		16.4154
		10150		101.273		2.75527		2066.45		-1885.82		180.63		16.4613
		10200		101.772		2.692		2019		-1838.38		180.626		16.561
		10250		102.271		2.59782		1948.36		-1767.72		180.639		16.6846
		10300		102.77		2.79121		2093.41		-1912.78		180.625		16.7803
		10350		103.269		2.67666		2007.5		-1826.86		180.636		16.854
		10400		103.768		2.724		2043		-1862.38		180.622		16.9249
		10450		104.266		2.70673		2030.05		-1849.42		180.626		17.0024
		10500		104.765		2.63112		1973.34		-1792.71		180.635		17.0989
		10550		105.264		2.69654		2022.41		-1841.78		180.63		17.2417
		10600		105.763		2.75866		2069		-1888.36		180.634		17.4085
		10650		106.262		2.83145		2123.59		-1942.96		180.632		17.5633
		10700		106.761		2.74855		2061.41		-1880.78		180.632		17.6932
		10750		107.26		2.68706		2015.3		-1834.66		180.636		17.7961
		10800		107.759		2.74924		2061.93		-1881.31		180.624		17.885
		10850		108.258		2.67486		2006.15		-1825.51		180.639		17.991
		10900		108.756		2.76725		2075.43		-1894.8		180.63		18.1454
		10950		109.255		2.72993		2047.45		-1866.81		180.63		18.3529
		11000		109.754		2.62328		1967.46		-1786.83		180.636		18.5985
		11050		110.253		2.64308		1982.31		-1801.68		180.63		18.8284
		11100		110.752		2.69699		2022.75		-1842.12		180.63		19.0064
		11150		111.251		2.73912		2054.34		-1873.71		180.631		19.1402
		11200		111.75		2.74755		2060.66		-1880.03		180.635		19.2671
		11250		112.249		2.7396		2054.7		-1874.07		180.632		19.4257
		11300		112.747		2.63803		1978.52		-1797.89		180.634		19.5969
		11350		113.246		2.67149		2003.62		-1822.99		180.631		19.7307
		11400		113.745		2.72159		2041.19		-1860.57		180.62		19.8643
		11450		114.244		2.63961		1979.71		-1799.09		180.622		20.0122
		11500		114.743		2.62345		1967.59		-1786.95		180.641		20.1625
		11550		115.242		2.72758		2045.69		-1865.06		180.627		20.3037
		11600		115.741		2.70613		2029.6		-1848.96		180.631		20.4287
		11650		116.24		2.74865		2061.49		-1880.87		180.625		20.5704
		11700		116.739		2.66665		1999.99		-1819.35		180.636		20.7348
		11750		117.237		2.61104		1958.28		-1777.64		180.635		20.8899
		11800		117.736		2.64476		1983.57		-1802.94		180.631		21.0318
		11850		118.235		2.70945		2032.09		-1851.46		180.631		21.1757
		11900		118.734		2.62682		1970.12		-1789.49		180.627		21.3428
		11950		119.233		2.64448		1983.36		-1802.74		180.618		21.5071
		12000		119.732		2.65786		1993.39		-1812.76		180.633		21.6213
		12050		120.231		2.69		2017.5		-1836.87		180.634		21.6689
		12100		120.73		2.73675		2052.56		-1871.93		180.625		21.6811
		12150		121.228		2.73549		2051.61		-1870.99		180.629		21.6621
		12200		121.727		2.65749		1993.12		-1812.49		180.633		21.6201
		12250		122.226		2.75054		2062.9		-1882.28		180.629		21.6026
		12300		122.725		2.78458		2088.43		-1907.8		180.63		21.6237
		12350		123.224		2.76476		2073.57		-1892.94		180.632		21.6602
		12400		123.723		2.8127		2109.52		-1928.9		180.623		21.6996
		12450		124.222		2.69831		2023.73		-1843.1		180.636		21.727
		12500		124.721		2.73465		2050.99		-1870.36		180.628		21.7493
		12550		125.22		2.78516		2088.87		-1908.25		180.621		21.781
		12600		125.718		2.71594		2036.96		-1856.32		180.635		21.8172
		12650		126.217		2.71704		2037.78		-1857.14		180.633		21.8641
		12700		126.716		2.73178		2048.84		-1868.21		180.626		21.9705
		12750		127.215		2.72075		2040.56		-1859.93		180.633		22.1159
		12800		127.714		2.7552		2066.4		-1885.76		180.634		22.2386
		12850		128.213		2.78011		2085.08		-1904.45		180.633		22.3229
		12900		128.712		2.74573		2059.3		-1878.66		180.634		22.4219
		12950		129.211		2.69775		2023.31		-1842.68		180.632		22.5357
		13000		129.709		2.71788		2038.41		-1857.77		180.633		22.6344
		13050		130.208		2.77207		2079.05		-1898.42		180.626		22.731
		13100		130.707		2.71217		2034.13		-1853.5		180.627		22.8378
		13150		131.206		2.79548		2096.61		-1915.99		180.622		22.9519
		13200		131.705		2.70418		2028.14		-1847.51		180.629		23.0493
		13250		132.204		2.66338		1997.54		-1816.9		180.641		23.1522
		13300		132.703		2.80395		2102.97		-1922.34		180.624		23.2695
		13350		133.202		2.69465		2020.99		-1840.35		180.636		23.4067
		13400		133.701		2.8114		2108.55		-1927.93		180.623		23.5468
		13450		134.199		2.72501		2043.76		-1863.13		180.631		23.6697
		13500		134.698		2.74358		2057.68		-1877.05		180.63		23.7621
		13550		135.197		2.79714		2097.86		-1917.23		180.627		23.824
		13600		135.696		2.79156		2093.67		-1913.04		180.628		23.8501
		13650		136.195		2.74318		2057.38		-1876.76		180.626		23.8579
		13700		136.694		2.70891		2031.68		-1851.06		180.63		23.8967
		13750		137.193		2.82823		2121.17		-1940.55		180.624		23.9677
		13800		137.692		2.80349		2102.62		-1921.98		180.633		24.0886
		13850		138.191		2.79503		2096.27		-1915.65		180.623		24.2279
		13900		138.689		2.66246		1996.85		-1816.22		180.633		24.3223
		13950		139.188		2.72505		2043.79		-1863.16		180.629		24.3569
		14000		139.687		2.81328		2109.96		-1929.34		180.626		24.3998
		14050		140.186		2.73213		2049.1		-1868.47		180.632		24.4952
		14100		140.685		2.77773		2083.3		-1902.67		180.626		24.5892
		14150		141.184		2.71787		2038.4		-1857.77		180.629		24.6436
		14200		141.683		2.71219		2034.15		-1853.52		180.623		24.6398
		14250		142.182		2.79243		2094.32		-1913.69		180.631		24.6525
		14300		142.68		2.82631		2119.73		-1939.1		180.632		24.7456
		14350		143.179		2.76747		2075.6		-1894.97		180.629		24.9003
		14400		143.678		2.7585		2068.87		-1888.24		180.635		25.0604
		14450		144.177		2.91388		2185.41		-2004.78		180.628		25.2162
		14500		144.676		2.8253		2118.98		-1938.35		180.63		25.3653
		14550		145.175		2.69755		2023.16		-1842.53		180.636		25.4714
		14600		145.674		2.78206		2086.55		-1905.92		180.629		25.5381
		14650		146.173		2.74905		2061.79		-1881.16		180.628		25.5732
		14700		146.672		2.65222		1989.17		-1808.54		180.631		25.593
		14750		147.17		2.7128		2034.6		-1853.96		180.636		25.6477
		14800		147.669		2.72384		2042.88		-1862.25		180.63		25.7119
		14850		148.168		2.68521		2013.91		-1833.28		180.625		25.7548
		14900		148.667		2.745		2058.75		-1878.13		180.619		25.7789
		14950		149.166		2.69827		2023.71		-1843.07		180.634		25.8086
		15000		149.665		2.82599		2119.49		-1938.87		180.623		25.8467
		15050		150.164		2.76195		2071.46		-1890.83		180.63		25.8765
		15100		150.663		2.71625		2037.19		-1856.56		180.629		25.8941
		15150		151.161		2.78623		2089.67		-1909.04		180.631		25.9266
		15200		151.66		2.82644		2119.83		-1939.21		180.621		26.0123
		15250		152.159		2.70559		2029.19		-1848.56		180.63		26.1233
		15300		152.658		2.67103		2003.27		-1822.64		180.634		26.2015
		15350		153.157		2.6801		2010.08		-1829.44		180.631		26.2302
		15400		153.656		2.85043		2137.83		-1957.2		180.63		26.1959
		15450		154.155		2.90949		2182.11		-2001.49		180.625		26.1533
		15500		154.654		2.78486		2088.65		-1908.02		180.629		26.1662
		15550		155.153		2.81547		2111.6		-1930.97		180.628		26.2477
		15600		155.651		2.76359		2072.69		-1892.07		180.622		26.3426
		15650		156.15		2.62221		1966.66		-1786.02		180.633		26.4015
		15700		156.649		2.61191		1958.93		-1778.3		180.634		26.4297
		15750		157.148		2.72815		2046.11		-1865.49		180.621		26.4538
		15800		157.647		2.70707		2030.3		-1849.67		180.636		26.5123
		15850		158.146		2.77151		2078.63		-1898.01		180.626		26.5801
		15900		158.645		2.76404		2073.03		-1892.4		180.63		26.6536
		15950		159.144		2.72836		2046.27		-1865.63		180.638		26.7852
		16000		159.642		2.75514		2066.35		-1885.73		180.623		26.9858
		16050		160.141		2.63525		1976.44		-1795.81		180.629		27.2078
		16100		160.64		2.59934		1949.5		-1768.87		180.638		27.3966
		16150		161.139		2.73448		2050.86		-1870.24		180.622		27.5614
		16200		161.638		2.70279		2027.09		-1846.46		180.633		27.7157
		16250		162.137		2.73126		2048.45		-1867.81		180.632		27.8408
		16300		162.636		2.74555		2059.16		-1878.54		180.623		27.9064
		16350		163.135		2.64489		1983.67		-1803.03		180.637		27.9772
		16400		163.634		2.72191		2041.43		-1860.81		180.623		28.0737
		16450		164.132		2.70896		2031.72		-1851.08		180.634		28.1627
		16500		164.631		2.7001		2025.07		-1844.45		180.623		28.2384
		16550		165.13		2.57536		1931.52		-1750.88		180.637		28.2691
		16600		165.629		2.73528		2051.46		-1870.83		180.629		28.2335
		16650		166.128		2.74324		2057.43		-1876.8		180.63		28.1883
		16700		166.627		2.67129		2003.47		-1822.84		180.634		28.2406
		16750		167.126		2.71782		2038.37		-1857.74		180.625		28.3718
		16800		167.625		2.72372		2042.79		-1862.16		180.626		28.4853
		16850		168.123		2.671		2003.25		-1822.62		180.634		28.5363
		16900		168.622		2.62405		1968.04		-1787.41		180.631		28.5654
		16950		169.121		2.60513		1953.85		-1773.21		180.639		28.6182
		17000		169.62		2.79591		2096.93		-1916.31		180.621		28.7557
		17050		170.119		2.61805		1963.54		-1782.9		180.636		29.0007
		17100		170.618		2.6505		1987.88		-1807.24		180.634		29.2433
		17150		171.117		2.81308		2109.81		-1929.19		180.622		29.418
		17200		171.616		2.57235		1929.26		-1748.62		180.644		29.5437
		17250		172.115		2.74372		2057.79		-1877.17		180.622		29.6414
		17300		172.613		2.74342		2057.56		-1876.92		180.64		29.8217
		17350		173.112		2.87633		2157.25		-1976.62		180.631		30.1417
		17400		173.611		2.88989		2167.42		-1986.79		180.631		30.4913
		17450		174.11		2.73301		2049.76		-1869.13		180.635		30.7769
		17500		174.609		2.59611		1947.09		-1766.45		180.635		31.02
		17550		175.108		2.5956		1946.7		-1766.07		180.633		31.2628
		17600		175.607		2.65863		1993.97		-1813.35		180.625		31.5225
		17650		176.106		2.62074		1965.55		-1784.92		180.632		31.8353
		17700		176.604		2.69951		2024.63		-1844		180.627		32.1449
		17750		177.103		2.75527		2066.45		-1885.83		180.622		32.3668
		17800		177.602		2.66416		1998.12		-1817.48		180.638		32.5114
		17850		178.101		2.74425		2058.19		-1877.55		180.633		32.5835
		17900		178.6		2.82369		2117.77		-1937.14		180.629		32.5954
		17950		179.099		2.71218		2034.14		-1853.5		180.634		32.6102
		18000		179.598		2.63956		1979.67		-1799.04		180.63		32.647
		18050		180.097		2.59127		1943.46		-1762.81		180.644		32.7006
		18100		180.596		2.81991		2114.93		-1934.31		180.626		32.7863
		18150		181.094		2.82402		2118.02		-1937.38		180.633		32.9011
		18200		181.593		2.61932		1964.49		-1783.85		180.642		33.0074
		18250		182.092		2.69792		2023.44		-1842.82		180.621		33.0948
		18300		182.591		2.63336		1975.02		-1794.38		180.635		33.2168
		18350		183.09		2.69405		2020.53		-1839.9		180.632		33.353
		18400		183.589		2.72196		2041.47		-1860.84		180.632		33.4905
		18450		184.088		2.67053		2002.89		-1822.26		180.637		33.6198
		18500		184.587		2.73987		2054.9		-1874.26		180.635		33.7351
		18550		185.085		2.80978		2107.34		-1926.71		180.63		33.9061
		18600		185.584		2.76041		2070.31		-1889.67		180.635		34.1554
		18650		186.083		2.70056		2025.42		-1844.78		180.638		34.3954
		18700		186.582		2.75173		2063.8		-1883.18		180.619		34.5627
		18750		187.081		2.61939		1964.54		-1783.9		180.638		34.7004
		18800		187.58		2.72425		2043.19		-1862.56		180.625		34.8154
		18850		188.079		2.62216		1966.62		-1785.99		180.626		34.9387
		18900		188.578		2.5328		1899.6		-1718.96		180.634		35.0764
		18950		189.077		2.67428		2005.71		-1825.08		180.628		35.1711
		19000		189.575		2.67045		2002.84		-1822.21		180.634		35.1917
		19050		190.074		2.69851		2023.88		-1843.26		180.628		35.1826
		19100		190.573		2.70257		2026.93		-1846.31		180.624		35.1786
		19150		191.072		2.65477		1991.08		-1810.45		180.632		35.1924
		19200		191.571		2.72564		2044.23		-1863.61		180.625		35.2092
		19250		192.07		2.77688		2082.66		-1902.03		180.628		35.2377
		19300		192.569		2.77337		2080.03		-1899.4		180.63		35.2967
		19350		193.068		2.74053		2055.39		-1874.76		180.632		35.3567
		19400		193.566		2.72747		2045.6		-1864.97		180.633		35.3647
		19450		194.065		2.78907		2091.8		-1911.17		180.63		35.3444
		19500		194.564		2.81127		2108.45		-1927.83		180.621		35.3256
		19550		195.063		2.5935		1945.12		-1764.48		180.644		35.2944
		19600		195.562		2.69333		2020		-1839.37		180.623		35.2821
		19650		196.061		2.74946		2062.09		-1881.46		180.632		35.3243
		19700		196.56		2.87097		2153.23		-1972.6		180.626		35.3817
		19750		197.059		2.81241		2109.31		-1928.68		180.632		35.4789
		19800		197.558		2.77389		2080.42		-1899.8		180.622		35.6022
		19850		198.056		2.70571		2029.28		-1848.65		180.631		35.679
		19900		198.555		2.76421		2073.16		-1892.53		180.633		35.7019
		19950		199.054		2.73746		2053.09		-1872.46		180.631		35.7225
		20000		199.553		2.656		1992		-1811.36		180.638		35.7368
		20050		200.052		2.74281		2057.11		-1876.48		180.63		35.7613
		20100		200.551		2.70606		2029.55		-1848.91		180.634		35.8023
		20150		201.05		2.64811		1986.08		-1805.44		180.64		35.8773
		20200		201.549		2.80725		2105.44		-1924.82		180.622		36.0099
		20250		202.047		2.72472		2043.54		-1862.9		180.642		36.1617
		20300		202.546		2.75163		2063.72		-1883.09		180.632		36.2829
		20350		203.045		2.78135		2086.01		-1905.38		180.632		36.4006
		20400		203.544		2.83797		2128.48		-1947.85		180.631		36.5524
		20450		204.043		2.80788		2105.91		-1925.28		180.625		36.7541
		20500		204.542		2.74949		2062.12		-1881.49		180.629		36.9919
		20550		205.041		2.67292		2004.69		-1824.06		180.634		37.2226
		20600		205.54		2.64573		1984.3		-1803.67		180.631		37.3724
		20650		206.039		2.6166		1962.45		-1781.81		180.64		37.4535
		20700		206.537		2.7742		2080.65		-1900.03		180.625		37.5569
		20750		207.036		2.76673		2075.05		-1894.42		180.635		37.7278
		20800		207.535		2.74625		2059.68		-1879.05		180.636		37.9087
		20850		208.034		2.81865		2113.99		-1933.36		180.627		38.0156
		20900		208.533		2.76474		2073.56		-1892.92		180.638		38.0236
		20950		209.032		2.7951		2096.33		-1915.7		180.629		37.9569
		21000		209.531		2.7723		2079.22		-1898.59		180.63		37.8599
		21050		210.03		2.64907		1986.8		-1806.17		180.637		37.8143
		21100		210.528		2.66933		2002		-1821.37		180.628		37.8942
		21150		211.027		2.68722		2015.41		-1834.78		180.631		38.0476
		21200		211.526		2.68726		2015.44		-1834.81		180.63		38.1816
		21250		212.025		2.60827		1956.2		-1775.56		180.639		38.2754
		21300		212.524		2.65718		1992.89		-1812.26		180.627		38.318
		21350		213.023		2.63765		1978.24		-1797.6		180.631		38.3381
		21400		213.522		2.63286		1974.64		-1794.01		180.636		38.3582
		21450		214.021		2.68243		2011.82		-1831.19		180.634		38.3782
		21500		214.52		2.74171		2056.28		-1875.65		180.629		38.4049
		21550		215.018		2.62828		1971.21		-1790.58		180.631		38.4417
		21600		215.517		2.63315		1974.87		-1794.24		180.621		38.4968
		21650		216.016		2.67232		2004.24		-1823.61		180.627		38.6285
		21700		216.515		2.59161		1943.71		-1763.07		180.635		38.7854
		21750		217.014		2.64525		1983.94		-1803.3		180.632		38.917
		21800		217.513		2.80832		2106.24		-1925.61		180.626		39.047
		21850		218.012		2.75666		2067.5		-1886.85		180.641		39.1528
		21900		218.511		2.83109		2123.32		-1942.7		180.619		39.2551
		21950		219.009		2.61695		1962.72		-1782.08		180.64		39.3717
		22000		219.508		2.70384		2027.88		-1847.25		180.632		39.4346
		22050		220.007		2.77933		2084.5		-1903.87		180.631		39.4126
		22100		220.506		2.69851		2023.88		-1843.25		180.629		39.3405
		22150		221.005		2.63132		1973.49		-1792.86		180.627		39.2841
		22200		221.504		2.63373		1975.3		-1794.66		180.634		39.3039
		22250		222.003		2.6895		2017.12		-1836.49		180.636		39.4015
		22300		222.502		2.79564		2096.73		-1916.1		180.629		39.5384
		22350		223.001		2.72568		2044.26		-1863.63		180.629		39.7254
		22400		223.499		2.64564		1984.23		-1803.59		180.638		39.9444
		22450		223.998		2.70064		2025.48		-1844.85		180.629		40.1346
		22500		224.497		2.71147		2033.6		-1852.97		180.633		40.2744
		22550		224.996		2.85016		2137.62		-1956.99		180.63		40.3466
		22600		225.495		2.77822		2083.66		-1903.03		180.631		40.334
		22650		225.994		2.64776		1985.82		-1805.18		180.638		40.2716
		22700		226.493		2.74603		2059.52		-1878.89		180.632		40.2063
		22750		226.992		2.75413		2065.6		-1884.97		180.628		40.1673
		22800		227.491		2.80691		2105.18		-1924.56		180.621		40.1334
		22850		227.989		2.67954		2009.65		-1829.02		180.632		40.1038
		22900		228.488		2.73099		2048.25		-1867.63		180.619		40.075
		22950		228.987		2.68132		2010.99		-1830.36		180.635		40.109
		23000		229.486		2.72738		2045.53		-1864.91		180.625		40.2401
		23050		229.985		2.58605		1939.54		-1758.9		180.633		40.4383
		23100		230.484		2.64536		1984.02		-1803.4		180.62		40.5959
		23150		230.983		2.60395		1952.96		-1772.33		180.63		40.7
		23200		231.482		2.59057		1942.93		-1762.3		180.635		40.7308
		23250		231.98		2.72354		2042.65		-1862.02		180.636		40.7081
		23300		232.479		2.839		2129.25		-1948.62		180.631		40.7049
		23350		232.978		2.81331		2109.98		-1929.35		180.63		40.7357
		23400		233.477		2.69614		2022.11		-1841.47		180.634		40.8118
		23450		233.976		2.63902		1979.27		-1798.64		180.627		40.9442
		23500		234.475		2.60079		1950.59		-1769.97		180.626		41.0735
		23550		234.974		2.55593		1916.95		-1736.31		180.64		41.1972
		23600		235.473		2.79106		2093.29		-1912.67		180.622		41.3416
		23650		235.972		2.79219		2094.14		-1913.52		180.625		41.4578
		23700		236.47		2.64931		1986.99		-1806.35		180.637		41.496
		23750		236.969		2.79849		2098.87		-1918.24		180.623		41.4869
		23800		237.468		2.7817		2086.27		-1905.64		180.634		41.4809
		23850		237.967		2.75346		2065.1		-1884.46		180.63		41.4948
		23900		238.466		2.66701		2000.26		-1819.63		180.632		41.5865
		23950		238.965		2.67472		2006.04		-1825.4		180.634		41.7747
		24000		239.464		2.84702		2135.26		-1954.64		180.624		41.992
		24050		239.963		2.82095		2115.71		-1935.08		180.636		42.1926
		24100		240.461		2.74823		2061.17		-1880.54		180.638		42.3668
		24150		240.96		2.76912		2076.84		-1896.21		180.631		42.4726
		24200		241.459		2.69896		2024.22		-1843.59		180.63		42.5443
		24250		241.958		2.76549		2074.11		-1893.49		180.624		42.5582
		24300		242.457		2.80698		2105.23		-1924.6		180.63		42.5301
		24350		242.956		2.63402		1975.52		-1794.88		180.639		42.5276
		24400		243.455		2.70277		2027.08		-1846.45		180.627		42.6006
		24450		243.954		2.81952		2114.64		-1934.01		180.628		42.7284
		24500		244.453		2.83722		2127.92		-1947.28		180.631		42.9284
		24550		244.951		2.74826		2061.2		-1880.56		180.638		43.1504
		24600		245.45		2.77266		2079.49		-1898.87		180.627		43.2833
		24650		245.949		2.67674		2007.55		-1826.92		180.631		43.3421
		24700		246.448		2.66614		1999.61		-1818.98		180.626		43.3821
		24750		246.947		2.6588		1994.1		-1813.47		180.63		43.4347
		24800		247.446		2.69828		2023.71		-1843.08		180.629		43.4885
		24850		247.945		2.74734		2060.5		-1879.87		180.628		43.5593
		24900		248.444		2.70834		2031.25		-1850.63		180.626		43.7355
		24950		248.942		2.68458		2013.43		-1832.8		180.634		43.9709
		25000		249.441		2.68057		2010.43		-1829.79		180.633		44.1351
		25050		249.94		2.67747		2008.1		-1827.48		180.625		44.1833
		25100		250.439		2.71054		2032.9		-1852.27		180.632		44.1488
		25150		250.938		2.83634		2127.26		-1946.63		180.625		44.0913
		25200		251.437		2.71214		2034.11		-1853.47		180.635		44.0674
		25250		251.936		2.69879		2024.09		-1843.47		180.627		44.0918
		25300		252.435		2.68632		2014.74		-1834.11		180.628		44.1734
		25350		252.934		2.68202		2011.52		-1830.89		180.629		44.3029
		25400		253.432		2.76897		2076.72		-1896.1		180.621		44.4736
		25450		253.931		2.68165		2011.24		-1830.61		180.633		44.6593
		25500		254.43		2.75244		2064.33		-1883.7		180.627		44.7952
		25550		254.929		2.80315		2102.36		-1921.73		180.629		44.9217
		25600		255.428		2.735		2051.25		-1870.62		180.631		45.0891
		25650		255.927		2.72299		2042.24		-1861.6		180.642		45.2995
		25700		256.426		2.87537		2156.53		-1975.91		180.626		45.5277
		25750		256.925		2.72758		2045.68		-1865.04		180.637		45.6819
		25800		257.423		2.73288		2049.66		-1869.03		180.631		45.7556
		25850		257.922		2.6197		1964.77		-1784.14		180.635		45.806
		25900		258.421		2.73938		2054.54		-1873.91		180.626		45.8549
		25950		258.92		2.82992		2122.44		-1941.81		180.628		45.9249
		26000		259.419		2.76478		2073.59		-1892.95		180.635		45.9983
		26050		259.918		2.77339		2080.04		-1899.41		180.629		46.0478
		26100		260.417		2.73831		2053.73		-1873.1		180.634		46.1171
		26150		260.916		2.71074		2033.05		-1852.42		180.637		46.208
		26200		261.415		2.74778		2060.83		-1880.2		180.631		46.2943
		26250		261.913		2.70484		2028.63		-1848		180.633		46.3621
		26300		262.412		2.63598		1976.98		-1796.35		180.637		46.4191
		26350		262.911		2.74492		2058.69		-1878.07		180.624		46.4966
		26400		263.41		2.60835		1956.26		-1775.63		180.638		46.632
		26450		263.909		2.70051		2025.38		-1844.76		180.623		46.796
		26500		264.408		2.67969		2009.77		-1829.13		180.636		46.9382
		26550		264.907		2.6893		2016.98		-1836.35		180.631		47.038
		26600		265.406		2.66689		2000.17		-1819.53		180.633		47.0667
		26650		265.904		2.71772		2038.29		-1857.66		180.629		47.0489
		26700		266.403		2.76749		2075.62		-1894.99		180.627		47.059
		26750		266.902		2.71115		2033.36		-1852.74		180.622		47.1073
		26800		267.401		2.581		1935.75		-1755.11		180.638		47.1541
		26850		267.9		2.73516		2051.37		-1870.75		180.622		47.1922
		26900		268.399		2.69526		2021.45		-1840.81		180.633		47.2008
		26950		268.898		2.74846		2061.34		-1880.72		180.621		47.1709
		27000		269.397		2.60615		1954.61		-1773.97		180.64		47.1746
		27050		269.896		2.62337		1967.53		-1786.9		180.632		47.2752
		27100		270.394		2.70652		2029.89		-1849.26		180.623		47.4243
		27150		270.893		2.7195		2039.63		-1859		180.631		47.5496
		27200		271.392		2.72096		2040.72		-1860.09		180.63		47.6521
		27250		271.891		2.75193		2063.95		-1883.32		180.629		47.7718
		27300		272.39		2.7296		2047.2		-1866.58		180.624		47.8684
		27350		272.889		2.65825		1993.69		-1813.06		180.63		47.9092
		27400		273.388		2.68037		2010.28		-1829.65		180.63		47.9071
		27450		273.887		2.73274		2049.56		-1868.93		180.625		47.9181
		27500		274.385		2.68939		2017.04		-1836.41		180.63		48.0007
		27550		274.884		2.6684		2001.3		-1820.66		180.636		48.1801
		27600		275.383		2.76159		2071.19		-1890.56		180.628		48.3776
		27650		275.882		2.69681		2022.61		-1841.98		180.63		48.4995
		27700		276.381		2.66862		2001.47		-1820.84		180.628		48.5536
		27750		276.88		2.60232		1951.74		-1771.11		180.638		48.6357
		27800		277.379		2.71909		2039.32		-1858.69		180.628		48.7133
		27850		277.878		2.73369		2050.27		-1869.63		180.634		48.7642
		27900		278.377		2.70683		2030.12		-1849.49		180.631		48.8274
		27950		278.875		2.72226		2041.7		-1861.07		180.631		48.9464
		28000		279.374		2.78128		2085.96		-1905.34		180.626		49.1294
		28050		279.873		2.74983		2062.37		-1881.74		180.635		49.3384
		28100		280.372		2.75461		2065.96		-1885.32		180.633		49.5155
		28150		280.871		2.6858		2014.35		-1833.72		180.631		49.5914
		28200		281.37		2.6478		1985.85		-1805.22		180.631		49.5685
		28250		281.869		2.69276		2019.57		-1838.94		180.625		49.5342
		28300		282.368		2.61228		1959.21		-1778.58		180.632		49.5001
		28350		282.866		2.6187		1964.03		-1783.39		180.632		49.4198
		28400		283.365		2.66977		2002.33		-1821.7		180.628		49.3388
		28450		283.864		2.72538		2044.04		-1863.41		180.628		49.3646
		28500		284.363		2.69084		2018.13		-1837.5		180.627		49.4593
		28550		284.862		2.59498		1946.24		-1765.6		180.635		49.5106
		28600		285.361		2.70523		2028.92		-1848.29		180.629		49.5034
		28650		285.86		2.7861		2089.58		-1908.95		180.63		49.4902
		28700		286.359		2.85269		2139.52		-1958.9		180.622		49.4972
		28750		286.858		2.6959		2021.92		-1841.29		180.631		49.5511
		28800		287.356		2.62325		1967.44		-1786.81		180.625		49.6188
		28850		287.855		2.75816		2068.62		-1888		180.619		49.6723
		28900		288.354		2.75296		2064.72		-1884.09		180.634		49.7298
		28950		288.853		2.7598		2069.85		-1889.22		180.628		49.7846
		29000		289.352		2.76651		2074.88		-1894.26		180.625		49.8385
		29050		289.851		2.73157		2048.68		-1868.05		180.635		49.9002
		29100		290.35		2.77467		2081		-1900.38		180.62		49.9917
		29150		290.849		2.66693		2000.2		-1819.56		180.641		50.1623
		29200		291.347		2.84313		2132.35		-1951.73		180.62		50.318
		29250		291.846		2.64876		1986.57		-1805.94		180.633		50.4138
		29300		292.345		2.67465		2005.99		-1825.36		180.628		50.4772
		29350		292.844		2.72265		2041.99		-1861.36		180.634		50.5882
		29400		293.343		2.68721		2015.41		-1834.78		180.629		50.7298
		29450		293.842		2.6681		2001.07		-1820.44		180.636		50.8452
		29500		294.341		2.73565		2051.74		-1871.1		180.631		50.9051
		29550		294.84		2.69672		2022.54		-1841.91		180.633		50.9232
		29600		295.339		2.6572		1992.9		-1812.26		180.636		50.9481
		29650		295.837		2.69531		2021.49		-1840.86		180.626		51.0392
		29700		296.336		2.66675		2000.07		-1819.44		180.63		51.154
		29750		296.835		2.78911		2091.84		-1911.21		180.627		51.2455
		29800		297.334		2.8955		2171.62		-1991		180.628		51.3024
		29850		297.833		2.81679		2112.59		-1931.96		180.627		51.3577
		29900		298.332		2.672		2004		-1823.35		180.647		51.4494
		29950		298.831		2.81911		2114.33		-1933.71		180.622		51.6365
		30000		299.33		2.81074		2108.06		-1927.43		180.626		51.8069
		30050		299.828		2.72826		2046.19		-1865.56		180.635		51.9131
		30100		300.327		2.65689		1992.66		-1812.03		180.636		51.949
		30150		300.826		2.69693		2022.69		-1842.07		180.628		51.8643
		30200		301.325		2.69286		2019.65		-1839.02		180.63		51.7447
		30250		301.824		2.72622		2044.66		-1864.03		180.627		51.6725
		30300		302.323		2.63628		1977.21		-1796.58		180.63		51.715
		30350		302.822		2.61909		1964.32		-1783.68		180.64		51.8643
		30400		303.321		2.79781		2098.36		-1917.73		180.624		52.1193
		30450		303.82		2.67045		2002.84		-1822.2		180.637		52.3636
		30500		304.318		2.67105		2003.29		-1822.67		180.622		52.5308
		30550		304.817		2.53505		1901.29		-1720.65		180.64		52.6023
		30600		305.316		2.67284		2004.63		-1824		180.623		52.5662
		30650		305.815		2.73298		2049.74		-1869.11		180.629		52.4954
		30700		306.314		2.81832		2113.74		-1933.12		180.625		52.4926
		30750		306.813		2.71877		2039.08		-1858.45		180.635		52.5953
		30800		307.312		2.72261		2041.95		-1861.32		180.639		52.7765
		30850		307.811		2.90616		2179.62		-1999		180.62		52.9603
		30900		308.309		2.75344		2065.08		-1884.45		180.635		53.1382
		30950		308.808		2.70581		2029.36		-1848.73		180.632		53.3152
		31000		309.307		2.67944		2009.58		-1828.95		180.633		53.4276
		31050		309.806		2.78557		2089.18		-1908.56		180.618		53.4455
		31100		310.305		2.76264		2071.98		-1891.35		180.629		53.4368
		31150		310.804		2.67827		2008.7		-1828.07		180.632		53.5233
		31200		311.303		2.72837		2046.28		-1865.64		180.631		53.7201
		31250		311.802		2.72077		2040.58		-1859.95		180.634		53.9216
		31300		312.301		2.70084		2025.63		-1845.01		180.625		54.0233
		31350		312.799		2.76765		2075.73		-1895.11		180.627		53.9919
		31400		313.298		2.75067		2063		-1882.37		180.63		53.9383
		31450		313.797		2.57455		1930.91		-1750.27		180.64		53.9429
		31500		314.296		2.69248		2019.36		-1838.73		180.628		53.9668
		31550		314.795		2.76195		2071.46		-1890.84		180.626		54.0408
		31600		315.294		2.6816		2011.2		-1830.56		180.636		54.198
		31650		315.793		2.70812		2031.09		-1850.47		180.625		54.3455
		31700		316.292		2.67168		2003.76		-1823.14		180.626		54.4515
		31750		316.791		2.7268		2045.1		-1864.48		180.625		54.5824
		31800		317.289		2.73673		2052.54		-1871.91		180.632		54.7782
		31850		317.788		2.78584		2089.38		-1908.75		180.63		54.9485
		31900		318.287		2.77928		2084.46		-1903.84		180.622		55.0302
		31950		318.786		2.67602		2007.01		-1826.38		180.63		55.0866
		32000		319.285		2.67348		2005.11		-1824.48		180.631		55.1558
		32050		319.784		2.66967		2002.25		-1821.62		180.631		55.2226
		32100		320.283		2.71413		2035.6		-1854.97		180.629		55.2642
		32150		320.782		2.77968		2084.76		-1904.13		180.626		55.326
		32200		321.28		2.68587		2014.4		-1833.77		180.634		55.4252
		32250		321.779		2.70006		2025.04		-1844.41		180.63		55.5474
		32300		322.278		2.74564		2059.23		-1878.6		180.627		55.7118
		32350		322.777		2.64435		1983.26		-1802.62		180.641		55.9123
		32400		323.276		2.79772		2098.29		-1917.66		180.627		56.1033
		32450		323.775		2.74506		2058.79		-1878.16		180.633		56.2572
		32500		324.274		2.64645		1984.84		-1804.2		180.636		56.3595
		32550		324.773		2.76866		2076.49		-1895.86		180.632		56.4438
		32600		325.272		2.80721		2105.4		-1924.78		180.622		56.5623
		32650		325.77		2.62409		1968.06		-1787.43		180.633		56.6836
		32700		326.269		2.62536		1969.02		-1788.4		180.624		56.7729
		32750		326.768		2.56415		1923.11		-1742.48		180.633		56.8768
		32800		327.267		2.6377		1978.27		-1797.65		180.625		56.9647
		32850		327.766		2.62719		1970.39		-1789.76		180.63		57.0037
		32900		328.265		2.72313		2042.35		-1861.72		180.624		56.9777
		32950		328.764		2.76109		2070.82		-1890.18		180.638		56.9947
		33000		329.263		2.88502		2163.77		-1983.15		180.623		57.0977
		33050		329.761		2.76489		2073.67		-1893.03		180.636		57.229
		33100		330.26		2.70456		2028.42		-1847.79		180.628		57.293
		33150		330.759		2.70363		2027.73		-1847.1		180.629		57.2682
		33200		331.258		2.79518		2096.38		-1915.75		180.631		57.1757
		33250		331.757		2.74342		2057.57		-1876.94		180.63		57.1158
		33300		332.256		2.75693		2067.69		-1887.07		180.624		57.1279
		33350		332.755		2.74951		2062.13		-1881.51		180.625		57.1845
		33400		333.254		2.65353		1990.15		-1809.51		180.64		57.2751
		33450		333.753		2.73118		2048.39		-1867.76		180.623		57.359
		33500		334.251		2.70929		2031.97		-1851.35		180.625		57.4237
		33550		334.75		2.69871		2024.03		-1843.41		180.628		57.4809
		33600		335.249		2.6775		2008.12		-1827.49		180.637		57.5872
		33650		335.748		2.76632		2074.74		-1894.11		180.63		57.7154
		33700		336.247		2.66091		1995.68		-1815.04		180.637		57.8481
		33750		336.746		2.73286		2049.64		-1869.02		180.624		58.0031
		33800		337.245		2.77245		2079.34		-1898.71		180.626		58.1604
		33850		337.744		2.7579		2068.43		-1887.8		180.632		58.3305
		33900		338.242		2.80612		2104.59		-1923.96		180.629		58.5129
		33950		338.741		2.78149		2086.12		-1905.49		180.629		58.641
		34000		339.24		2.57296		1929.72		-1749.07		180.645		58.6973
		34050		339.739		2.65953		1994.65		-1814.03		180.621		58.7105
		34100		340.238		2.68317		2012.38		-1831.75		180.631		58.7453
		34150		340.737		2.72324		2042.43		-1861.79		180.636		58.8345
		34200		341.236		2.77665		2082.49		-1901.86		180.625		58.9307
		34250		341.735		2.71907		2039.31		-1858.67		180.634		58.9646
		34300		342.234		2.76251		2071.88		-1891.25		180.632		59.0072
		34350		342.732		2.79353		2095.15		-1914.52		180.63		59.0734
		34400		343.231		2.75794		2068.46		-1887.83		180.628		59.1211
		34450		343.73		2.68507		2013.8		-1833.17		180.635		59.1926
		34500		344.229		2.73441		2050.8		-1870.17		180.63		59.3322
		34550		344.728		2.70025		2025.19		-1844.55		180.641		59.4643
		34600		345.227		2.75121		2063.41		-1882.78		180.629		59.5913
		34650		345.726		2.76991		2077.43		-1896.8		180.625		59.805
		34700		346.225		2.70292		2027.19		-1846.56		180.633		60.0969
		34750		346.723		2.64394		1982.96		-1802.32		180.634		60.3381
		34800		347.222		2.67454		2005.9		-1825.28		180.627		60.4948
		34850		347.721		2.70291		2027.19		-1846.56		180.625		60.614
		34900		348.22		2.67509		2006.31		-1825.68		180.634		60.7257
		34950		348.719		2.73343		2050.07		-1869.44		180.63		60.828
		35000		349.218		2.80904		2106.78		-1926.16		180.622		60.8996
		35050		349.717		2.70817		2031.13		-1850.49		180.637		60.9733
		35100		350.216		2.75599		2066.99		-1886.37		180.627		61.0877
		35150		350.715		2.77048		2077.86		-1897.24		180.622		61.3052
		35200		351.213		2.71632		2037.24		-1856.6		180.637		61.6045
		35250		351.712		2.78551		2089.13		-1908.5		180.63		61.863
		35300		352.211		2.75648		2067.36		-1886.73		180.632		62.1167
		35350		352.71		2.69487		2021.16		-1840.52		180.633		62.3866
		35400		353.209		2.62074		1965.55		-1784.91		180.643		62.6792
		35450		353.708		2.76943		2077.08		-1896.46		180.617		62.9862
		35500		354.207		2.63588		1976.91		-1796.28		180.634		63.2269
		35550		354.706		2.72183		2041.37		-1860.75		180.628		63.3092
		35600		355.204		2.72075		2040.56		-1859.93		180.631		63.2787
		35650		355.703		2.73281		2049.61		-1868.98		180.631		63.274
		35700		356.202		2.83161		2123.7		-1943.08		180.626		63.3311
		35750		356.701		2.75653		2067.4		-1886.76		180.638		63.4085
		35800		357.2		2.77085		2078.14		-1897.51		180.623		63.4228
		35850		357.699		2.6132		1959.9		-1779.26		180.639		63.4086
		35900		358.198		2.69925		2024.44		-1843.82		180.621		63.4454
		35950		358.697		2.6021		1951.57		-1770.94		180.634		63.5583
		36000		359.196		2.71212		2034.09		-1853.46		180.627		63.7218
		36050		359.694		2.74038		2055.28		-1874.65		180.634		63.8549
		36100		360.193		2.73541		2051.56		-1870.93		180.629		63.9007
		36150		360.692		2.71075		2033.07		-1852.43		180.633		63.8643
		36200		361.191		2.69192		2018.94		-1838.31		180.635		63.8095
		36250		361.69		2.61465		1960.99		-1780.35		180.636		63.7948
		36300		362.189		2.68582		2014.37		-1833.73		180.631		63.8454
		36350		362.688		2.75547		2066.6		-1885.98		180.625		63.9402
		36400		363.187		2.72153		2041.15		-1860.51		180.642		64.0319
		36450		363.685		2.84318		2132.38		-1951.76		180.624		64.1246
		36500		364.184		2.68296		2012.22		-1831.58		180.638		64.2268
		36550		364.683		2.73873		2054.05		-1873.42		180.626		64.3141
		36600		365.182		2.70468		2028.51		-1847.87		180.634		64.372
		36650		365.681		2.69211		2019.09		-1838.45		180.638		64.4245
		36700		366.18		2.72452		2043.39		-1862.76		180.628		64.5338
		36750		366.679		2.69366		2020.25		-1839.62		180.626		64.6718
		36800		367.178		2.68385		2012.89		-1832.26		180.634		64.7752
		36850		367.677		2.78086		2085.65		-1905.02		180.625		64.8036
		36900		368.175		2.72521		2043.91		-1863.28		180.632		64.8115
		36950		368.674		2.71553		2036.65		-1856.02		180.628		64.8701
		37000		369.173		2.72788		2045.91		-1865.28		180.629		64.9787
		37050		369.672		2.7475		2060.63		-1880		180.632		65.13
		37100		370.171		2.77534		2081.51		-1900.88		180.625		65.2666
		37150		370.67		2.69539		2021.55		-1840.91		180.636		65.3758
		37200		371.169		2.78181		2086.36		-1905.73		180.629		65.4869
		37250		371.668		2.66946		2002.09		-1821.45		180.637		65.6211
		37300		372.166		2.75586		2066.89		-1886.27		180.624		65.8057
		37350		372.665		2.75229		2064.22		-1883.58		180.636		66.0116
		37400		373.164		2.72445		2043.34		-1862.7		180.636		66.2052
		37450		373.663		2.76228		2071.71		-1891.09		180.624		66.404
		37500		374.162		2.6616		1996.2		-1815.57		180.632		66.5986
		37550		374.661		2.64915		1986.87		-1806.24		180.63		66.7971
		37600		375.16		2.66604		1999.53		-1818.9		180.626		66.9735
		37650		375.659		2.57475		1931.06		-1750.42		180.637		67.115
		37700		376.158		2.68499		2013.74		-1833.11		180.632		67.2683
		37750		376.656		2.73403		2050.52		-1869.88		180.635		67.4416
		37800		377.155		2.72832		2046.24		-1865.61		180.627		67.6475
		37850		377.654		2.68715		2015.36		-1834.74		180.622		67.843
		37900		378.153		2.66767		2000.75		-1820.12		180.632		68.0097
		37950		378.652		2.77068		2078.01		-1897.38		180.63		68.1657
		38000		379.151		2.70753		2030.65		-1850.02		180.632		68.263
		38050		379.65		2.6424		1981.8		-1801.17		180.633		68.2434
		38100		380.149		2.65208		1989.06		-1808.43		180.63		68.1924
		38150		380.647		2.64743		1985.57		-1804.94		180.634		68.1815
		38200		381.146		2.65988		1994.91		-1814.28		180.625		68.2017
		38250		381.645		2.57681		1932.6		-1751.96		180.644		68.2416
		38300		382.144		2.77376		2080.32		-1899.7		180.619		68.3007
		38350		382.643		2.64904		1986.78		-1806.15		180.626		68.3373
		38400		383.142		2.58566		1939.25		-1758.61		180.637		68.3306
		38450		383.641		2.68029		2010.21		-1829.58		180.632		68.3334
		38500		384.14		2.66437		1998.28		-1817.65		180.63		68.37
		38550		384.639		2.64734		1985.51		-1804.87		180.633		68.4148
		38600		385.137		2.70646		2029.84		-1849.22		180.628		68.4314
		38650		385.636		2.64162		1981.21		-1800.58		180.637		68.4594
		38700		386.135		2.76582		2074.36		-1893.74		180.627		68.5172
		38750		386.634		2.79033		2092.75		-1912.12		180.628		68.6219
		38800		387.133		2.73751		2053.13		-1872.5		180.63		68.757
		38850		387.632		2.72712		2045.34		-1864.71		180.636		68.811
		38900		388.131		2.75895		2069.21		-1888.57		180.636		68.7019
		38950		388.63		2.78076		2085.57		-1904.94		180.634		68.558
		39000		389.128		2.78478		2088.59		-1907.96		180.624		68.4309
		39050		389.627		2.66145		1996.09		-1815.45		180.635		68.367
		39100		390.126		2.65872		1994.04		-1813.4		180.638		68.3858
		39150		390.625		2.76362		2072.72		-1892.09		180.629		68.5182
		39200		391.124		2.71016		2032.62		-1851.98		180.632		68.7893
		39250		391.623		2.66859		2001.44		-1820.8		180.635		69.0285
		39300		392.122		2.72708		2045.31		-1864.68		180.63		69.1057
		39350		392.621		2.76315		2072.36		-1891.73		180.637		69.1065
		39400		393.12		2.83499		2126.24		-1945.61		180.625		69.1386
		39450		393.618		2.62753		1970.65		-1790		180.643		69.2367
		39500		394.117		2.77963		2084.72		-1904.09		180.626		69.357
		39550		394.616		2.77149		2078.62		-1897.99		180.631		69.51
		39600		395.115		2.67946		2009.6		-1828.96		180.633		69.7
		39650		395.614		2.69025		2017.69		-1837.06		180.631		69.9486
		39700		396.113		2.62667		1970		-1789.37		180.634		70.1531
		39750		396.612		2.6956		2021.7		-1841.08		180.619		70.2127
		39800		397.111		2.55498		1916.24		-1735.6		180.641		70.1741
		39850		397.609		2.61626		1962.19		-1781.57		180.627		70.1287
		39900		398.108		2.65734		1993		-1812.37		180.631		70.1608
		39950		398.607		2.63842		1978.82		-1798.18		180.635		70.2156
		40000		399.106		2.65957		1994.68		-1814.04		180.633		70.1858
		40050		399.605		2.75433		2065.74		-1885.11		180.632		70.0553
		40100		400.104		2.72519		2043.9		-1863.27		180.63		69.9544
		40150		400.603		2.71063		2032.97		-1852.34		180.633		69.9007
		40200		401.102		2.77925		2084.44		-1903.81		180.632		69.881
		40250		401.601		2.83482		2126.11		-1945.48		180.633		69.905
		40300		402.099		2.82036		2115.27		-1934.64		180.635		69.991
		40350		402.598		2.67337		2005.02		-1824.39		180.639		70.0692
		40400		403.097		2.71128		2033.46		-1852.83		180.628		70.049
		40450		403.596		2.77656		2082.42		-1901.8		180.627		69.9587
		40500		404.095		2.73546		2051.59		-1870.96		180.631		69.9285
		40550		404.594		2.71051		2032.88		-1852.25		180.633		69.9343
		40600		405.093		2.66985		2002.39		-1821.76		180.635		69.9652
		40650		405.592		2.72412		2043.09		-1862.46		180.631		70.1067
		40700		406.09		2.79158		2093.68		-1913.05		180.633		70.3867
		40750		406.589		2.79368		2095.26		-1914.63		180.629		70.7023
		40800		407.088		2.68205		2011.53		-1830.9		180.631		70.9694
		40850		407.587		2.71456		2035.92		-1855.29		180.633		71.1584
		40900		408.086		2.80552		2104.14		-1923.51		180.626		71.3077
		40950		408.585		2.64596		1984.47		-1803.83		180.641		71.456
		41000		409.084		2.68911		2016.83		-1836.2		180.629		71.5084
		41050		409.583		2.67823		2008.67		-1828.03		180.636		71.5095
		41100		410.082		2.72273		2042.05		-1861.42		180.63		71.5499
		41150		410.58		2.62301		1967.26		-1786.62		180.638		71.587
		41200		411.079		2.66197		1996.48		-1815.85		180.628		71.6104
		41250		411.578		2.68477		2013.58		-1832.95		180.634		71.6991
		41300		412.077		2.72982		2047.36		-1866.73		180.631		71.8206
		41350		412.576		2.70757		2030.68		-1850.05		180.635		71.9412
		41400		413.075		2.79566		2096.75		-1916.12		180.624		72.019
		41450		413.574		2.68846		2016.35		-1835.7		180.642		72.0721
		41500		414.073		2.79177		2093.83		-1913.21		180.623		72.1064
		41550		414.572		2.69567		2021.76		-1841.12		180.632		72.1831
		41600		415.07		2.75492		2066.19		-1885.56		180.629		72.3249
		41650		415.569		2.72846		2046.34		-1865.71		180.632		72.4414
		41700		416.068		2.64449		1983.37		-1802.73		180.635		72.4777
		41750		416.567		2.64481		1983.61		-1802.97		180.638		72.4587
		41800		417.066		2.82449		2118.37		-1937.74		180.628		72.3583
		41850		417.565		2.75434		2065.76		-1885.12		180.633		72.2281
		41900		418.064		2.79719		2097.89		-1917.27		180.62		72.1498
		41950		418.563		2.68669		2015.02		-1834.38		180.637		72.1414
		42000		419.061		2.70634		2029.75		-1849.12		180.63		72.1291
		42050		419.56		2.73237		2049.28		-1868.65		180.631		72.105
		42100		420.059		2.69577		2021.83		-1841.19		180.634		72.112
		42150		420.558		2.78991		2092.43		-1911.81		180.628		72.1913
		42200		421.057		2.7862		2089.65		-1909.02		180.629		72.3388
		42250		421.556		2.73917		2054.38		-1873.74		180.638		72.582
		42300		422.055		2.78973		2092.3		-1911.67		180.63		72.9045
		42350		422.554		2.72696		2045.22		-1864.6		180.627		73.2114
		42400		423.053		2.63242		1974.31		-1793.68		180.637		73.3593
		42450		423.551		2.74801		2061.01		-1880.38		180.633		73.405
		42500		424.05		2.80169		2101.26		-1920.64		180.627		73.4408
		42550		424.549		2.67388		2005.41		-1824.77		180.636		73.4481
		42600		425.048		2.78362		2087.71		-1907.09		180.624		73.3889
		42650		425.547		2.69145		2018.59		-1837.95		180.641		73.3429
		42700		426.046		2.81346		2110.09		-1929.47		180.625		73.3789
		42750		426.545		2.71128		2033.46		-1852.83		180.633		73.4946
		42800		427.044		2.65526		1991.44		-1810.81		180.632		73.7072
		42850		427.542		2.71731		2037.98		-1857.35		180.632		74.0224
		42900		428.041		2.64172		1981.29		-1800.67		180.626		74.3215
		42950		428.54		2.59595		1946.96		-1766.34		180.625		74.4534
		43000		429.039		2.66179		1996.34		-1815.72		180.625		74.466
		43050		429.538		2.71683		2037.62		-1856.99		180.629		74.5397
		43100		430.037		2.71312		2034.84		-1854.21		180.635		74.6816
		43150		430.536		2.76694		2075.21		-1894.58		180.63		74.79
		43200		431.035		2.82977		2122.33		-1941.7		180.625		74.8632
		43250		431.534		2.71864		2038.98		-1858.34		180.638		74.9367
		43300		432.032		2.7175		2038.13		-1857.5		180.63		74.9963
		43350		432.531		2.65304		1989.78		-1809.15		180.634		74.9883
		43400		433.03		2.77952		2084.64		-1904.01		180.625		74.9735
		43450		433.529		2.7083		2031.23		-1850.59		180.638		74.9883
		43500		434.028		2.74118		2055.88		-1875.25		180.632		74.9576
		43550		434.527		2.77842		2083.82		-1903.19		180.628		74.8417
		43600		435.026		2.68258		2011.93		-1831.3		180.64		74.7676
		43650		435.525		2.71194		2033.95		-1853.32		180.634		74.8113
		43700		436.023		2.67004		2002.53		-1821.9		180.629		74.888
		43750		436.522		2.58517		1938.88		-1758.24		180.635		74.8764
		43800		437.021		2.69103		2018.27		-1837.65		180.625		74.8069
		43850		437.52		2.68862		2016.47		-1835.83		180.631		74.791
		43900		438.019		2.69398		2020.48		-1839.85		180.635		74.8414
		43950		438.518		2.74192		2056.44		-1875.81		180.633		74.9085
		44000		439.017		2.76125		2070.94		-1890.31		180.627		74.9943
		44050		439.516		2.61649		1962.36		-1781.73		180.636		75.1008
		44100		440.015		2.60304		1952.28		-1771.65		180.627		75.245
		44150		440.513		2.71305		2034.79		-1854.16		180.631		75.3892
		44200		441.012		2.80625		2104.69		-1924.06		180.628		75.4908
		44250		441.511		2.74555		2059.16		-1878.52		180.639		75.5746
		44300		442.01		2.83568		2126.76		-1946.13		180.63		75.7197
		44350		442.509		2.81889		2114.17		-1933.54		180.627		75.8573
		44400		443.008		2.62237		1966.78		-1786.14		180.636		75.9401
		44450		443.507		2.72436		2043.27		-1862.64		180.626		75.9964
		44500		444.006		2.77622		2082.16		-1901.53		180.637		76.054
		44550		444.504		2.86191		2146.43		-1965.81		180.619		76.076
		44600		445.003		2.72364		2042.73		-1862.09		180.639		76.0893
		44650		445.502		2.83712		2127.84		-1947.22		180.624		76.1601
		44700		446.001		2.66917		2001.88		-1821.25		180.634		76.2636
		44750		446.5		2.61118		1958.39		-1777.75		180.641		76.2775
		44800		446.999		2.78232		2086.74		-1906.12		180.626		76.1912
		44850		447.498		2.74006		2055.04		-1874.41		180.632		76.1443
		44900		447.997		2.73441		2050.81		-1870.17		180.639		76.1506
		44950		448.496		2.85763		2143.22		-1962.59		180.63		76.2066
		45000		448.994		2.82474		2118.55		-1937.92		180.636		76.3051
		45050		449.493		2.80836		2106.27		-1925.64		180.628		76.4022
		45100		449.992		2.73991		2054.93		-1874.29		180.638		76.5029
		45150		450.491		2.76612		2074.59		-1893.97		180.628		76.6367
		45200		450.99		2.66795		2000.96		-1820.33		180.634		76.7297
		45250		451.489		2.70048		2025.36		-1844.73		180.634		76.7525
		45300		451.988		2.75285		2064.64		-1884.01		180.629		76.8098
		45350		452.487		2.71869		2039.02		-1858.39		180.624		76.9078
		45400		452.985		2.59809		1948.57		-1767.94		180.628		76.9863
		45450		453.484		2.65967		1994.75		-1814.12		180.632		77.1171
		45500		453.983		2.83045		2122.84		-1942.21		180.623		77.3173
		45550		454.482		2.73772		2053.29		-1872.65		180.637		77.5116
		45600		454.981		2.76512		2073.84		-1893.21		180.634		77.6401
		45650		455.48		2.84353		2132.64		-1952.02		180.627		77.7921
		45700		455.979		2.74912		2061.84		-1881.2		180.635		77.9859
		45750		456.478		2.69777		2023.33		-1842.69		180.633		78.1266
		45800		456.977		2.70499		2028.74		-1848.11		180.632		78.222
		45850		457.475		2.75311		2064.83		-1884.21		180.623		78.2929
		45900		457.974		2.75879		2069.09		-1888.46		180.638		78.3245
		45950		458.473		2.85981		2144.86		-1964.23		180.626		78.3032
		46000		458.972		2.80411		2103.08		-1922.45		180.631		78.2699
		46050		459.471		2.75557		2066.67		-1886.04		180.631		78.36
		46100		459.97		2.6062		1954.65		-1774.01		180.64		78.6875
		46150		460.469		2.74506		2058.8		-1878.17		180.628		79.0526
		46200		460.968		2.86596		2149.47		-1968.85		180.623		79.2207
		46250		461.466		2.80797		2105.98		-1925.35		180.625		79.3046
		46300		461.965		2.63961		1979.7		-1799.07		180.635		79.4172
		46350		462.464		2.64839		1986.29		-1805.67		180.625		79.4935
		46400		462.963		2.65249		1989.37		-1808.73		180.637		79.4332
		46450		463.462		2.77016		2077.62		-1897		180.619		79.2584
		46500		463.961		2.72507		2043.8		-1863.17		180.625		79.1531
		46550		464.46		2.70798		2030.99		-1850.35		180.636		79.2061
		46600		464.959		2.80601		2104.51		-1923.88		180.626		79.3073
		46650		465.458		2.83367		2125.25		-1944.62		180.628		79.3969
		46700		465.956		2.82379		2117.84		-1937.21		180.631		79.4602
		46750		466.455		2.74104		2055.78		-1875.14		180.641		79.5341
		46800		466.954		2.79082		2093.11		-1912.49		180.623		79.7433
		46850		467.453		2.68345		2012.59		-1831.95		180.638		80.0076
		46900		467.952		2.73684		2052.63		-1872		180.629		80.2451
		46950		468.451		2.7559		2066.93		-1886.3		180.631		80.4878
		47000		468.95		2.7034		2027.55		-1846.92		180.636		80.656
		47050		469.449		2.78226		2086.69		-1906.06		180.631		80.6931
		47100		469.947		2.77799		2083.49		-1902.86		180.634		80.7019
		47150		470.446		2.60921		1956.91		-1776.27		180.637		80.7767
		47200		470.945		2.65753		1993.15		-1812.52		180.627		80.8914
		47250		471.444		2.65822		1993.66		-1813.03		180.634		81.0448
		47300		471.943		2.72584		2044.38		-1863.75		180.632		81.2074
		47350		472.442		2.81118		2108.39		-1927.76		180.63		81.3323
		47400		472.941		2.71852		2038.89		-1858.25		180.636		81.4766
		47450		473.44		2.70369		2027.77		-1847.14		180.628		81.641
		47500		473.939		2.70054		2025.41		-1844.78		180.627		81.7231
		47550		474.437		2.63314		1974.86		-1794.22		180.636		81.6831
		47600		474.936		2.70203		2026.52		-1845.89		180.626		81.5605
		47650		475.435		2.68367		2012.75		-1832.12		180.632		81.4264
		47700		475.934		2.68453		2013.39		-1832.76		180.633		81.3583
		47750		476.433		2.69455		2020.91		-1840.28		180.631		81.3767
		47800		476.932		2.64815		1986.11		-1805.48		180.63		81.5287
		47850		477.431		2.61615		1962.11		-1781.47		180.636		81.7228
		47900		477.93		2.82234		2116.76		-1936.13		180.626		81.8058
		47950		478.428		2.76231		2071.73		-1891.1		180.633		81.8155
		48000		478.927		2.64823		1986.18		-1805.54		180.637		81.823
		48050		479.426		2.73491		2051.18		-1870.55		180.632		81.8729
		48100		479.925		2.74042		2055.32		-1874.68		180.634		81.923
		48150		480.424		2.66231		1996.73		-1816.11		180.625		81.9334
		48200		480.923		2.55944		1919.58		-1738.94		180.634		81.9167
		48250		481.422		2.65987		1994.9		-1814.27		180.626		81.9107
		48300		481.921		2.65351		1990.14		-1809.49		180.64		81.9169
		48350		482.42		2.8316		2123.7		-1943.08		180.623		81.9747
		48400		482.918		2.66465		1998.49		-1817.85		180.642		82.1025
		48450		483.417		2.63297		1974.73		-1794.1		180.629		82.2542
		48500		483.916		2.65934		1994.51		-1813.88		180.623		82.3855
		48550		484.415		2.73688		2052.66		-1872.03		180.622		82.3713
		48600		484.914		2.72801		2046.01		-1865.37		180.641		82.2797
		48650		485.413		2.76843		2076.32		-1895.7		180.625		82.2845
		48700		485.912		2.61914		1964.36		-1783.72		180.635		82.4463
		48750		486.411		2.66002		1995.02		-1814.38		180.638		82.644
		48800		486.909		2.78817		2091.13		-1910.51		180.62		82.8102
		48850		487.408		2.64991		1987.44		-1806.8		180.637		82.9397
		48900		487.907		2.67854		2008.9		-1828.27		180.633		82.9895
		48950		488.406		2.76432		2073.24		-1892.61		180.629		83.0357
		49000		488.905		2.71353		2035.15		-1854.51		180.634		83.1784
		49050		489.404		2.69422		2020.67		-1840.04		180.63		83.4007
		49100		489.903		2.7248		2043.6		-1862.97		180.632		83.6074
		49150		490.402		2.7769		2082.67		-1902.04		180.628		83.7101
		49200		490.901		2.71449		2035.86		-1855.23		180.639		83.7515
		49250		491.399		2.73988		2054.91		-1874.28		180.631		83.8447
		49300		491.898		2.70144		2026.08		-1845.45		180.631		84.041
		49350		492.397		2.73091		2048.19		-1867.56		180.626		84.2712
		49400		492.896		2.73169		2048.77		-1868.14		180.627		84.3932
		49450		493.395		2.65897		1994.23		-1813.59		180.635		84.2732
		49500		493.894		2.74232		2056.74		-1876.11		180.624		84.1316
		49550		494.393		2.75102		2063.27		-1882.64		180.628		84.1522
		49600		494.892		2.73243		2049.32		-1868.69		180.629		84.2886
		49650		495.39		2.77762		2083.21		-1902.58		180.628		84.465
		49700		495.889		2.7401		2055.08		-1874.45		180.629		84.6662
		49750		496.388		2.74074		2055.55		-1874.92		180.632		84.8099
		49800		496.887		2.72829		2046.21		-1865.58		180.631		84.8835
		49850		497.386		2.71823		2038.67		-1858.04		180.632		84.9817
		49900		497.885		2.73393		2050.44		-1869.81		180.636		85.1435
		49950		498.384		2.87905		2159.29		-1978.66		180.622		85.3735
