		timesteps		t		Temperature		Kin		Pot		TotalE		MSD
		0		0		7.80784		5855.88		-4257.43		1598.45		1.39064e-312
		50		0.498883		5.75418		4315.64		-2717.26		1598.37		0.133757
		100		0.997765		3.40733		2555.5		-957.023		1598.48		0.361078
		150		1.49665		3.97703		2982.77		-1384.33		1598.45		0.511858
		200		1.99553		4.05013		3037.6		-1439.16		1598.43		0.636397
		250		2.49441		3.65054		2737.91		-1139.45		1598.46		0.748145
		300		2.9933		3.85138		2888.54		-1290.08		1598.45		0.825213
		350		3.49218		4.18936		3142.02		-1543.58		1598.44		0.885021
		400		3.99106		4.03007		3022.55		-1424.09		1598.47		0.958496
		450		4.48994		3.93933		2954.5		-1356.03		1598.46		1.04103
		500		4.98883		3.95354		2965.15		-1366.71		1598.44		1.12566
		550		5.48771		3.94827		2961.2		-1362.76		1598.44		1.20321
		600		5.98659		3.80658		2854.94		-1256.48		1598.46		1.27797
		650		6.48547		3.96063		2970.48		-1372.04		1598.44		1.35383
		700		6.98436		3.85053		2887.9		-1289.45		1598.45		1.43977
		750		7.48324		3.87064		2902.98		-1304.54		1598.44		1.53338
		800		7.98212		3.85972		2894.79		-1296.34		1598.45		1.63219
		850		8.48101		3.93987		2954.9		-1356.46		1598.45		1.73346
		900		8.97989		3.81162		2858.71		-1260.25		1598.46		1.83731
		950		9.47877		3.79766		2848.24		-1249.8		1598.44		1.93968
		1000		9.97765		3.90405		2928.04		-1329.58		1598.45		2.04649
		1050		10.4765		4.00088		3000.66		-1402.2		1598.46		2.16507
		1100		10.9754		3.9882		2991.15		-1392.71		1598.45		2.29932
		1150		11.4743		3.94294		2957.2		-1358.75		1598.45		2.45132
		1200		11.9732		3.85328		2889.96		-1291.5		1598.47		2.61363
		1250		12.4721		3.97818		2983.63		-1385.2		1598.44		2.76632
		1300		12.9709		3.73005		2797.54		-1199.08		1598.46		2.91066
		1350		13.4698		3.92502		2943.77		-1345.32		1598.44		3.05696
		1400		13.9687		3.81479		2861.09		-1262.63		1598.47		3.22755
		1450		14.4676		3.95006		2962.54		-1364.11		1598.44		3.40407
		1500		14.9665		3.6858		2764.35		-1165.89		1598.46		3.58334
		1550		15.4654		3.69785		2773.39		-1174.92		1598.46		3.74805
		1600		15.9642		3.92365		2942.73		-1344.29		1598.44		3.91423
		1650		16.4631		3.95367		2965.25		-1366.8		1598.45		4.10064
		1700		16.962		3.76918		2826.88		-1228.42		1598.46		4.27949
		1750		17.4609		3.67012		2752.59		-1154.15		1598.44		4.44063
		1800		17.9598		3.65301		2739.75		-1141.3		1598.45		4.58491
		1850		18.4587		3.87497		2906.23		-1307.78		1598.45		4.72067
		1900		18.9575		3.82187		2866.4		-1267.95		1598.45		4.88444
		1950		19.4564		3.76038		2820.28		-1221.82		1598.46		5.06176
		2000		19.9553		3.84317		2882.38		-1283.92		1598.45		5.22945
		2050		20.4542		3.78779		2840.84		-1242.39		1598.45		5.3878
		2100		20.9531		3.67873		2759.05		-1160.58		1598.47		5.5165
		2150		21.452		3.7913		2843.48		-1245.02		1598.46		5.59528
		2200		21.9508		3.79759		2848.19		-1249.73		1598.46		5.67736
		2250		22.4497		3.97152		2978.64		-1380.19		1598.45		5.8005
		2300		22.9486		3.84099		2880.75		-1282.29		1598.45		5.96244
		2350		23.4475		3.75062		2812.96		-1214.52		1598.44		6.13831
		2400		23.9464		3.82165		2866.24		-1267.77		1598.46		6.28487
		2450		24.4453		3.93669		2952.52		-1354.08		1598.44		6.40574
		2500		24.9441		3.77304		2829.78		-1231.32		1598.46		6.55637
		2550		25.443		3.79504		2846.28		-1247.83		1598.45		6.74656
		2600		25.9419		3.73053		2797.9		-1199.45		1598.45		6.94731
		2650		26.4408		3.74924		2811.93		-1213.47		1598.46		7.13219
		2700		26.9397		3.74358		2807.68		-1209.23		1598.45		7.2898
		2750		27.4385		3.76246		2821.84		-1223.39		1598.45		7.41792
		2800		27.9374		3.76757		2825.68		-1227.23		1598.45		7.52895
		2850		28.4363		3.75912		2819.34		-1220.88		1598.46		7.65235
		2900		28.9352		3.70288		2777.16		-1178.7		1598.46		7.80603
		2950		29.4341		3.72994		2797.46		-1199		1598.46		7.97037
		3000		29.933		3.84139		2881.04		-1282.59		1598.45		8.14757
		3050		30.4318		3.7083		2781.23		-1182.77		1598.46		8.35019
		3100		30.9307		3.67189		2753.92		-1155.44		1598.47		8.55052
		3150		31.4296		3.99682		2997.62		-1399.16		1598.45		8.73892
		3200		31.9285		3.76291		2822.18		-1223.71		1598.48		8.94806
		3250		32.4274		3.89444		2920.83		-1322.39		1598.44		9.15115
		3300		32.9263		3.80536		2854.02		-1255.57		1598.45		9.37111
		3350		33.4251		3.73682		2802.61		-1204.15		1598.46		9.57932
		3400		33.924		3.87492		2906.19		-1307.74		1598.45		9.75311
		3450		34.4229		3.90329		2927.47		-1329.01		1598.45		9.90662
		3500		34.9218		3.84127		2880.96		-1282.51		1598.45		10.0628
		3550		35.4207		3.81567		2861.75		-1263.3		1598.45		10.2288
		3600		35.9196		3.87802		2908.51		-1310.05		1598.46		10.3982
		3650		36.4184		3.88259		2911.94		-1313.49		1598.45		10.5695
		3700		36.9173		3.68106		2760.8		-1162.33		1598.47		10.7158
		3750		37.4162		3.76878		2826.58		-1228.13		1598.45		10.8284
		3800		37.9151		3.75846		2818.84		-1220.38		1598.47		10.9347
		3850		38.414		3.92574		2944.31		-1345.87		1598.44		11.0294
		3900		38.9128		3.50953		2632.15		-1033.67		1598.48		11.1446
		3950		39.4117		3.78702		2840.27		-1241.83		1598.44		11.2616
		4000		39.9106		3.77582		2831.86		-1233.4		1598.46		11.3951
		4050		40.4095		3.82658		2869.93		-1271.47		1598.46		11.5333
		4100		40.9084		3.86055		2895.42		-1296.96		1598.45		11.7019
		4150		41.4073		3.86541		2899.06		-1300.6		1598.46		11.917
		4200		41.9061		3.81335		2860.02		-1261.57		1598.45		12.1137
		4250		42.405		3.78422		2838.16		-1239.71		1598.45		12.2574
		4300		42.9039		3.84415		2883.11		-1284.67		1598.44		12.3814
		4350		43.4028		3.86211		2896.58		-1298.14		1598.45		12.522
		4400		43.9017		3.7908		2843.1		-1244.63		1598.47		12.6683
		4450		44.4006		3.89655		2922.41		-1323.97		1598.45		12.825
		4500		44.8994		3.65433		2740.75		-1142.28		1598.47		12.9981
		4550		45.3983		3.76723		2825.43		-1226.98		1598.44		13.1518
		4600		45.8972		3.7276		2795.7		-1197.24		1598.46		13.2565
		4650		46.3961		3.76627		2824.7		-1226.24		1598.46		13.3303
		4700		46.895		3.84214		2881.6		-1283.16		1598.45		13.3974
		4750		47.3939		3.82862		2871.47		-1273.02		1598.45		13.4747
		4800		47.8927		3.71592		2786.94		-1188.48		1598.46		13.5834
		4850		48.3916		3.77998		2834.98		-1236.54		1598.45		13.6963
		4900		48.8905		3.79208		2844.06		-1245.61		1598.45		13.7998
		4950		49.3894		3.76193		2821.45		-1222.99		1598.46		13.9121
		5000		49.8883		3.83582		2876.87		-1278.42		1598.45		14.0606
		5050		50.3872		3.69519		2771.39		-1172.94		1598.45		14.2357
		5100		50.886		3.6891		2766.83		-1168.38		1598.44		14.3859
		5150		51.3849		3.87564		2906.73		-1308.29		1598.44		14.5095
		5200		51.8838		3.85838		2893.79		-1295.33		1598.45		14.6586
		5250		52.3827		3.67102		2753.27		-1154.8		1598.47		14.8524
		5300		52.8816		3.69828		2773.71		-1175.25		1598.46		15.0613
		5350		53.3804		3.89083		2918.12		-1319.66		1598.46		15.2356
		5400		53.8793		3.84257		2881.93		-1283.48		1598.45		15.4042
		5450		54.3782		3.72649		2794.87		-1196.41		1598.46		15.6106
		5500		54.8771		3.8114		2858.55		-1260.1		1598.45		15.8089
		5550		55.376		3.90171		2926.29		-1327.83		1598.46		15.9302
		5600		55.8749		3.80749		2855.62		-1257.17		1598.45		16.0101
		5650		56.3737		3.7891		2841.82		-1243.38		1598.45		16.0925
		5700		56.8726		3.85158		2888.69		-1290.24		1598.45		16.1873
		5750		57.3715		3.83252		2874.39		-1275.94		1598.45		16.2935
		5800		57.8704		3.73998		2804.99		-1206.53		1598.46		16.4001
		5850		58.3693		3.78645		2839.84		-1241.39		1598.45		16.521
		5900		58.8682		3.71096		2783.22		-1184.77		1598.45		16.6538
		5950		59.367		3.71995		2789.96		-1191.51		1598.45		16.7624
		6000		59.8659		3.76267		2822		-1223.56		1598.44		16.884
		6050		60.3648		3.84896		2886.72		-1288.28		1598.44		17.0344
		6100		60.8637		3.71455		2785.91		-1187.45		1598.47		17.225
		6150		61.3626		3.7818		2836.35		-1237.89		1598.46		17.4327
		6200		61.8615		3.76379		2822.84		-1224.38		1598.46		17.6178
		6250		62.3603		3.82452		2868.39		-1269.94		1598.45		17.7389
		6300		62.8592		3.83512		2876.34		-1277.89		1598.44		17.8225
		6350		63.3581		3.77975		2834.81		-1236.35		1598.46		17.9133
		6400		63.857		3.78831		2841.23		-1242.77		1598.46		18.0361
		6450		64.3559		3.77579		2831.85		-1233.39		1598.45		18.1509
		6500		64.8547		3.75364		2815.23		-1216.77		1598.46		18.2348
		6550		65.3536		3.80693		2855.2		-1256.75		1598.45		18.289
		6600		65.8525		3.76538		2824.03		-1225.58		1598.46		18.3155
		6650		66.3514		3.88702		2915.26		-1316.82		1598.44		18.3618
		6700		66.8503		3.69958		2774.69		-1176.23		1598.46		18.4233
		6750		67.3492		3.72791		2795.93		-1197.48		1598.46		18.4838
		6800		67.848		3.92492		2943.69		-1345.24		1598.45		18.571
		6850		68.3469		3.75862		2818.97		-1220.5		1598.47		18.701
		6900		68.8458		3.80696		2855.22		-1256.76		1598.45		18.8115
		6950		69.3447		3.92591		2944.43		-1346		1598.44		18.9069
		7000		69.8436		3.94237		2956.78		-1358.32		1598.46		19.0277
		7050		70.3425		3.94941		2962.06		-1363.6		1598.46		19.1504
		7100		70.8413		3.90939		2932.04		-1333.61		1598.44		19.3553
		7150		71.3402		3.75573		2816.8		-1218.34		1598.45		19.5944
		7200		71.8391		3.71696		2787.72		-1189.26		1598.46		19.7797
		7250		72.338		3.88338		2912.53		-1314.1		1598.43		19.922
		7300		72.8369		3.7588		2819.1		-1220.64		1598.46		20.0824
		7350		73.3358		3.72527		2793.95		-1195.5		1598.46		20.245
		7400		73.8346		3.73774		2803.31		-1204.86		1598.45		20.4157
		7450		74.3335		3.82931		2871.98		-1273.52		1598.46		20.5929
		7500		74.8324		3.92923		2946.92		-1348.46		1598.46		20.7097
		7550		75.3313		3.85581		2891.86		-1293.4		1598.46		20.7532
		7600		75.8302		3.80951		2857.13		-1258.67		1598.46		20.7805
		7650		76.329		3.89789		2923.42		-1324.96		1598.46		20.8899
		7700		76.8279		3.88946		2917.1		-1318.64		1598.46		21.081
		7750		77.3268		3.79404		2845.53		-1247.07		1598.46		21.3321
		7800		77.8257		3.7858		2839.35		-1240.9		1598.45		21.6016
		7850		78.3246		3.83053		2872.9		-1274.45		1598.44		21.8023
		7900		78.8235		3.67382		2755.36		-1156.89		1598.47		21.9275
		7950		79.3223		3.83995		2879.96		-1281.51		1598.45		22.066
		8000		79.8212		3.69544		2771.58		-1173.13		1598.46		22.2571
		8050		80.3201		3.80145		2851.09		-1252.65		1598.44		22.4095
		8100		80.819		3.90008		2925.06		-1326.61		1598.45		22.4965
		8150		81.3179		3.86315		2897.36		-1298.91		1598.45		22.5463
		8200		81.8168		3.8227		2867.02		-1268.57		1598.46		22.621
		8250		82.3156		3.81709		2862.82		-1264.36		1598.45		22.7682
		8300		82.8145		3.86089		2895.66		-1297.21		1598.45		23.0097
		8350		83.3134		3.87225		2904.19		-1305.73		1598.45		23.2771
		8400		83.8123		3.78822		2841.16		-1242.7		1598.46		23.5136
		8450		84.3112		3.80645		2854.84		-1256.38		1598.46		23.7292
		8500		84.8101		3.93195		2948.96		-1350.52		1598.45		23.9165
		8550		85.3089		3.83709		2877.81		-1279.36		1598.45		24.0634
		8600		85.8078		3.90717		2930.38		-1331.92		1598.45		24.2417
		8650		86.3067		3.87699		2907.75		-1309.29		1598.46		24.501
		8700		86.8056		3.81679		2862.59		-1264.14		1598.45		24.756
		8750		87.3045		3.73618		2802.13		-1203.68		1598.46		24.9452
		8800		87.8034		3.79107		2843.3		-1244.84		1598.47		25.0687
		8850		88.3022		3.96388		2972.91		-1374.46		1598.45		25.1718
		8900		88.8011		3.78767		2840.76		-1242.29		1598.46		25.305
		8950		89.3		3.87726		2907.94		-1309.5		1598.44		25.431
		9000		89.7989		3.70752		2780.64		-1182.18		1598.46		25.5792
		9050		90.2978		3.65214		2739.11		-1140.65		1598.46		25.7567
		9100		90.7966		3.87622		2907.16		-1308.72		1598.44		25.9592
		9150		91.2955		3.89314		2919.86		-1321.41		1598.45		26.16
		9200		91.7944		3.89704		2922.78		-1324.33		1598.45		26.3333
		9250		92.2933		3.85172		2888.79		-1290.34		1598.45		26.5103
		9300		92.7922		3.71042		2782.82		-1184.35		1598.47		26.6607
		9350		93.2911		3.89903		2924.27		-1325.83		1598.45		26.7696
		9400		93.7899		3.72226		2791.69		-1193.23		1598.46		26.8661
		9450		94.2888		3.79238		2844.28		-1245.84		1598.44		26.9909
		9500		94.7877		3.87872		2909.04		-1310.59		1598.45		27.1681
		9550		95.2866		3.91094		2933.21		-1334.75		1598.46		27.3764
		9600		95.7855		3.79347		2845.1		-1246.64		1598.46		27.5671
		9650		96.2844		3.81847		2863.85		-1265.39		1598.46		27.7453
		9700		96.7832		3.86913		2901.85		-1303.39		1598.45		27.9173
		9750		97.2821		3.6777		2758.28		-1159.82		1598.46		28.0896
		9800		97.781		3.70865		2781.49		-1183.04		1598.45		28.2387
		9850		98.2799		3.66792		2750.94		-1152.48		1598.46		28.4297
		9900		98.7788		3.73876		2804.07		-1205.61		1598.45		28.6607
		9950		99.2777		3.73001		2797.5		-1199.04		1598.47		28.9069
		10000		99.7765		3.86349		2897.62		-1299.17		1598.44		29.1155
		10050		100.275		3.72299		2792.24		-1193.77		1598.47		29.33
		10100		100.774		3.81259		2859.44		-1261		1598.44		29.5393
		10150		101.273		3.6368		2727.6		-1129.12		1598.47		29.8027
		10200		101.772		3.7876		2840.7		-1242.24		1598.46		30.1268
		10250		102.271		3.8093		2856.98		-1258.52		1598.46		30.4689
		10300		102.77		3.88498		2913.74		-1315.29		1598.45		30.746
		10350		103.269		3.68139		2761.04		-1162.58		1598.47		30.9461
		10400		103.768		3.78707		2840.3		-1241.85		1598.46		31.1253
		10450		104.266		3.83173		2873.8		-1275.34		1598.45		31.3809
		10500		104.765		3.79714		2847.85		-1249.4		1598.46		31.6645
		10550		105.264		3.86675		2900.07		-1301.6		1598.47		31.9282
		10600		105.763		3.93821		2953.65		-1355.19		1598.47		32.1978
		10650		106.262		3.76515		2823.86		-1225.41		1598.46		32.4328
		10700		106.761		3.77728		2832.96		-1234.51		1598.45		32.6335
		10750		107.26		3.81082		2858.12		-1259.67		1598.45		32.833
		10800		107.759		3.6831		2762.32		-1163.87		1598.45		33.0676
		10850		108.258		3.8094		2857.05		-1258.61		1598.44		33.2919
		10900		108.756		3.74632		2809.74		-1211.29		1598.45		33.4841
		10950		109.255		3.64463		2733.47		-1135.02		1598.45		33.6696
		11000		109.754		3.72664		2794.98		-1196.54		1598.44		33.8196
		11050		110.253		3.71606		2787.05		-1188.6		1598.44		33.9374
		11100		110.752		3.67278		2754.58		-1156.13		1598.46		34.0636
		11150		111.251		3.81483		2861.13		-1262.69		1598.44		34.1866
		11200		111.75		3.78621		2839.66		-1241.21		1598.45		34.2672
		11250		112.249		3.7278		2795.85		-1197.4		1598.45		34.3257
		11300		112.747		3.66097		2745.73		-1147.27		1598.46		34.3691
		11350		113.246		3.74014		2805.1		-1206.65		1598.45		34.3694
		11400		113.745		3.89379		2920.35		-1321.9		1598.45		34.3575
		11450		114.244		3.84827		2886.2		-1287.76		1598.45		34.3416
		11500		114.743		3.86161		2896.21		-1297.77		1598.44		34.3791
		11550		115.242		3.7369		2802.68		-1204.21		1598.47		34.5536
		11600		115.741		3.88963		2917.23		-1318.77		1598.46		34.8086
		11650		116.24		3.91566		2936.75		-1338.29		1598.45		35.057
		11700		116.739		3.70035		2775.26		-1176.8		1598.46		35.2811
		11750		117.237		3.81269		2859.52		-1261.06		1598.46		35.4773
		11800		117.736		3.83966		2879.75		-1281.29		1598.46		35.6227
		11850		118.235		3.81917		2864.38		-1265.91		1598.46		35.7039
		11900		118.734		3.86935		2902.01		-1303.56		1598.45		35.7954
		11950		119.233		3.68502		2763.76		-1165.28		1598.48		35.9251
		12000		119.732		3.90939		2932.04		-1333.58		1598.46		36.0856
		12050		120.231		3.89596		2921.97		-1323.52		1598.45		36.2584
		12100		120.73		3.95526		2966.45		-1368.01		1598.44		36.4032
		12150		121.228		3.73494		2801.21		-1202.75		1598.46		36.5184
		12200		121.727		3.62885		2721.64		-1123.18		1598.46		36.6116
		12250		122.226		3.86529		2898.97		-1300.52		1598.45		36.7752
		12300		122.725		3.9006		2925.45		-1326.99		1598.46		37.0442
		12350		123.224		3.86089		2895.66		-1297.21		1598.46		37.3454
		12400		123.723		3.74937		2812.03		-1213.57		1598.46		37.585
		12450		124.222		3.75035		2812.76		-1214.32		1598.45		37.7564
		12500		124.721		3.86895		2901.71		-1303.25		1598.45		37.8626
		12550		125.22		4.03812		3028.59		-1430.14		1598.45		37.9604
		12600		125.718		3.78267		2837.01		-1238.54		1598.47		38.0818
		12650		126.217		3.91471		2936.03		-1337.59		1598.44		38.2279
		12700		126.716		3.78073		2835.55		-1237.09		1598.46		38.4129
		12750		127.215		3.74363		2807.72		-1209.27		1598.45		38.6004
		12800		127.714		3.85501		2891.26		-1292.81		1598.45		38.7411
		12850		128.213		3.94425		2958.19		-1359.73		1598.45		38.8384
		12900		128.712		3.8258		2869.35		-1270.9		1598.45		38.9933
		12950		129.211		3.76619		2824.64		-1226.19		1598.45		39.1526
		13000		129.709		3.83951		2879.64		-1281.19		1598.44		39.326
		13050		130.208		3.87104		2903.28		-1304.83		1598.45		39.5409
		13100		130.707		3.7666		2824.95		-1226.49		1598.46		39.7168
		13150		131.206		3.8646		2898.45		-1300		1598.45		39.8408
		13200		131.705		3.76522		2823.92		-1225.47		1598.45		39.909
		13250		132.204		3.56729		2675.47		-1076.99		1598.47		39.9114
		13300		132.703		3.9034		2927.55		-1329.11		1598.44		39.9385
		13350		133.202		3.68284		2762.13		-1163.66		1598.47		40.0686
		13400		133.701		3.82826		2871.19		-1272.73		1598.46		40.2604
		13450		134.199		3.98918		2991.88		-1393.44		1598.45		40.5192
		13500		134.698		3.68997		2767.48		-1169.01		1598.47		40.7967
		13550		135.197		3.66631		2749.73		-1151.28		1598.46		41.0301
		13600		135.696		3.82229		2866.72		-1268.27		1598.44		41.2502
		13650		136.195		3.77975		2834.81		-1236.36		1598.46		41.4701
		13700		136.694		3.74277		2807.07		-1208.61		1598.46		41.6521
		13750		137.193		3.83887		2879.15		-1280.71		1598.44		41.862
		13800		137.692		3.757		2817.75		-1219.31		1598.44		42.1243
		13850		138.191		3.63798		2728.49		-1130.03		1598.46		42.3661
		13900		138.689		3.73536		2801.52		-1203.07		1598.45		42.5799
		13950		139.188		3.82781		2870.86		-1272.4		1598.45		42.7478
		14000		139.687		3.90501		2928.76		-1330.3		1598.46		42.8695
		14050		140.186		3.78318		2837.39		-1238.93		1598.46		42.9754
		14100		140.685		3.76307		2822.3		-1223.85		1598.45		43.091
		14150		141.184		3.82388		2867.91		-1269.45		1598.46		43.244
		14200		141.683		3.97853		2983.9		-1385.44		1598.46		43.3945
		14250		142.182		3.82762		2870.72		-1272.24		1598.47		43.4824
		14300		142.68		3.82386		2867.89		-1269.44		1598.45		43.5544
		14350		143.179		3.77205		2829.04		-1230.58		1598.46		43.6536
		14400		143.678		3.77699		2832.74		-1234.29		1598.45		43.7558
		14450		144.177		3.79077		2843.08		-1244.64		1598.44		43.8584
		14500		144.676		3.91146		2933.6		-1335.15		1598.45		44.0146
		14550		145.175		3.84152		2881.14		-1282.69		1598.45		44.2051
		14600		145.674		3.70815		2781.11		-1182.65		1598.46		44.4652
		14650		146.173		3.78238		2836.78		-1238.33		1598.45		44.7511
		14700		146.672		3.8961		2922.07		-1323.63		1598.45		45.0637
		14750		147.17		3.85843		2893.82		-1295.36		1598.46		45.3794
		14800		147.669		3.84987		2887.4		-1288.95		1598.45		45.6122
		14850		148.168		3.81397		2860.48		-1262.02		1598.46		45.7507
		14900		148.667		3.79471		2846.03		-1247.58		1598.45		45.8889
		14950		149.166		3.74211		2806.58		-1208.12		1598.46		46.0809
		15000		149.665		3.80468		2853.51		-1255.06		1598.45		46.2777
		15050		150.164		3.70192		2776.44		-1177.98		1598.46		46.4794
		15100		150.663		3.83226		2874.2		-1275.76		1598.43		46.7304
		15150		151.161		3.86843		2901.32		-1302.87		1598.45		46.9796
		15200		151.66		3.93785		2953.39		-1354.93		1598.46		47.1703
		15250		152.159		3.88055		2910.41		-1311.96		1598.45		47.3174
		15300		152.658		3.63576		2726.82		-1128.37		1598.45		47.4672
		15350		153.157		3.7767		2832.53		-1234.09		1598.44		47.6975
		15400		153.656		3.68279		2762.1		-1163.63		1598.47		47.933
		15450		154.155		3.89983		2924.87		-1326.43		1598.44		48.081
		15500		154.654		3.80297		2852.23		-1253.78		1598.45		48.1704
		15550		155.153		3.89864		2923.98		-1325.54		1598.44		48.2504
		15600		155.651		3.83762		2878.21		-1279.75		1598.46		48.3377
		15650		156.15		3.85859		2893.94		-1295.51		1598.44		48.4091
		15700		156.649		3.68664		2764.98		-1166.51		1598.47		48.5125
		15750		157.148		3.75645		2817.33		-1218.88		1598.46		48.6628
		15800		157.647		3.79411		2845.59		-1247.12		1598.47		48.8205
		15850		158.146		4.01381		3010.36		-1411.91		1598.45		48.9211
		15900		158.645		3.82759		2870.69		-1272.23		1598.46		48.9652
		15950		159.144		3.85539		2891.54		-1293.1		1598.44		49.0431
		16000		159.642		3.77843		2833.82		-1235.37		1598.45		49.1913
		16050		160.141		3.82563		2869.22		-1270.77		1598.45		49.3813
		16100		160.64		3.93836		2953.77		-1355.32		1598.45		49.622
		16150		161.139		3.77647		2832.35		-1233.89		1598.47		49.8894
		16200		161.638		3.84228		2881.71		-1283.27		1598.44		50.0829
		16250		162.137		3.7013		2775.97		-1177.51		1598.46		50.1831
		16300		162.636		3.83611		2877.08		-1278.64		1598.44		50.2392
		16350		163.135		3.66468		2748.51		-1150.06		1598.45		50.3512
		16400		163.634		3.69536		2771.52		-1173.08		1598.44		50.5096
		16450		164.132		3.72926		2796.95		-1198.49		1598.46		50.6331
		16500		164.631		3.85826		2893.69		-1295.25		1598.44		50.7291
		16550		165.13		3.73236		2799.27		-1200.81		1598.46		50.739
		16600		165.629		3.80986		2857.39		-1258.93		1598.46		50.675
		16650		166.128		3.83837		2878.78		-1280.31		1598.46		50.6681
		16700		166.627		3.82492		2868.69		-1270.23		1598.46		50.7355
		16750		167.126		3.80992		2857.44		-1258.99		1598.45		50.8281
		16800		167.625		3.74812		2811.09		-1212.63		1598.46		50.9143
		16850		168.123		3.73941		2804.56		-1206.11		1598.45		51.0024
		16900		168.622		3.72333		2792.5		-1194.04		1598.46		51.0272
		16950		169.121		3.87343		2905.07		-1306.62		1598.45		51.0485
		17000		169.62		3.8698		2902.35		-1303.88		1598.47		51.1584
		17050		170.119		3.86465		2898.48		-1300.03		1598.45		51.3233
		17100		170.618		3.79785		2848.39		-1249.93		1598.46		51.3942
		17150		171.117		3.99463		2995.98		-1397.54		1598.44		51.3844
		17200		171.616		3.89721		2922.91		-1324.47		1598.44		51.4871
		17250		172.115		3.83535		2876.51		-1278.06		1598.46		51.6738
		17300		172.613		3.7161		2787.08		-1188.61		1598.46		51.8464
		17350		173.112		3.7752		2831.4		-1232.95		1598.45		52.0382
		17400		173.611		3.79555		2846.66		-1248.2		1598.46		52.204
		17450		174.11		3.77819		2833.64		-1235.18		1598.46		52.321
		17500		174.609		3.83181		2873.86		-1275.4		1598.45		52.4722
		17550		175.108		3.96486		2973.65		-1375.2		1598.45		52.5964
		17600		175.607		3.94073		2955.55		-1357.1		1598.45		52.5849
		17650		176.106		3.70061		2775.46		-1177		1598.46		52.6168
		17700		176.604		3.80052		2850.39		-1251.94		1598.44		52.7347
		17750		177.103		3.898		2923.5		-1325.05		1598.45		52.8356
		17800		177.602		3.77751		2833.13		-1234.68		1598.45		52.8768
		17850		178.101		3.82957		2872.18		-1273.74		1598.44		52.9924
		17900		178.6		3.82546		2869.1		-1270.64		1598.46		53.2814
		17950		179.099		3.9277		2945.78		-1347.33		1598.45		53.5873
		18000		179.598		3.73034		2797.76		-1199.3		1598.46		53.8669
		18050		180.097		3.64001		2730.01		-1131.55		1598.46		54.0895
		18100		180.596		3.80243		2851.83		-1253.37		1598.46		54.2579
		18150		181.094		3.74791		2810.93		-1212.46		1598.47		54.4119
		18200		181.593		3.84796		2885.97		-1287.51		1598.46		54.4704
		18250		182.092		3.80022		2850.16		-1251.71		1598.46		54.4001
		18300		182.591		3.72109		2790.82		-1192.36		1598.46		54.3578
		18350		183.09		3.91981		2939.86		-1341.43		1598.43		54.4162
		18400		183.589		3.84979		2887.34		-1288.89		1598.45		54.474
		18450		184.088		3.64804		2736.03		-1137.57		1598.46		54.5248
		18500		184.587		3.75357		2815.18		-1216.73		1598.45		54.6086
		18550		185.085		3.72181		2791.36		-1192.9		1598.46		54.6449
		18600		185.584		3.81575		2861.81		-1263.37		1598.44		54.7144
		18650		186.083		3.816		2862		-1263.55		1598.45		54.824
		18700		186.582		3.76621		2824.66		-1226.19		1598.47		54.9493
		18750		187.081		3.8332		2874.9		-1276.45		1598.46		55.1169
		18800		187.58		3.82451		2868.38		-1269.92		1598.47		55.268
		18850		188.079		3.75109		2813.32		-1214.87		1598.45		55.4032
		18900		188.578		3.65468		2741.01		-1142.55		1598.46		55.488
		18950		189.077		3.69861		2773.96		-1175.49		1598.47		55.5508
		19000		189.575		3.78965		2842.24		-1243.78		1598.46		55.6544
		19050		190.074		3.85048		2887.86		-1289.42		1598.44		55.7814
		19100		190.573		3.665		2748.75		-1150.29		1598.46		55.9706
		19150		191.072		3.73059		2797.94		-1199.49		1598.45		56.2441
		19200		191.571		3.56265		2671.99		-1073.51		1598.47		56.4876
		19250		192.07		3.83361		2875.21		-1276.77		1598.43		56.6807
		19300		192.569		3.74002		2805.01		-1206.54		1598.47		57.0016
		19350		193.068		3.99064		2992.98		-1394.54		1598.43		57.4094
		19400		193.566		3.78237		2836.78		-1238.33		1598.45		57.7379
		19450		194.065		3.71692		2787.69		-1189.23		1598.46		57.9936
		19500		194.564		3.80665		2854.99		-1256.54		1598.44		58.2283
		19550		195.063		3.83435		2875.76		-1277.3		1598.46		58.4455
		19600		195.562		3.93434		2950.76		-1352.31		1598.45		58.5736
		19650		196.061		3.6456		2734.2		-1135.74		1598.46		58.638
		19700		196.56		3.68827		2766.2		-1167.75		1598.45		58.7798
		19750		197.059		3.83945		2879.59		-1281.14		1598.45		59.0279
		19800		197.558		3.75501		2816.26		-1217.8		1598.46		59.3105
		19850		198.056		3.70044		2775.33		-1176.87		1598.46		59.522
		19900		198.555		3.69023		2767.67		-1169.22		1598.45		59.6611
		19950		199.054		3.75723		2817.92		-1219.49		1598.43		59.8266
		20000		199.553		3.75111		2813.33		-1214.88		1598.45		60.0243
		20050		200.052		3.74774		2810.8		-1212.33		1598.47		60.2304
		20100		200.551		3.92754		2945.66		-1347.21		1598.45		60.5007
		20150		201.05		3.8496		2887.2		-1288.76		1598.44		60.7789
		20200		201.549		3.63864		2728.98		-1130.52		1598.46		60.9556
		20250		202.047		3.7259		2794.42		-1195.97		1598.45		61.0742
		20300		202.546		3.8184		2863.8		-1265.37		1598.43		61.2005
		20350		203.045		3.84037		2880.28		-1281.83		1598.45		61.2733
		20400		203.544		3.92141		2941.06		-1342.6		1598.46		61.2917
		20450		204.043		3.86964		2902.23		-1303.79		1598.45		61.347
		20500		204.542		3.7757		2831.78		-1233.33		1598.45		61.4986
		20550		205.041		3.70871		2781.53		-1183.08		1598.45		61.7349
		20600		205.54		3.66095		2745.71		-1147.25		1598.46		62.042
		20650		206.039		3.8028		2852.1		-1253.65		1598.45		62.3481
		20700		206.537		3.69749		2773.12		-1174.66		1598.45		62.6688
		20750		207.036		3.65978		2744.83		-1146.4		1598.44		62.8961
		20800		207.535		3.64322		2732.41		-1133.97		1598.45		63.0035
		20850		208.034		3.75587		2816.9		-1218.45		1598.45		63.1213
		20900		208.533		3.70943		2782.08		-1183.62		1598.45		63.2586
		20950		209.032		3.74535		2809.01		-1210.57		1598.45		63.3714
		21000		209.531		3.77793		2833.44		-1234.99		1598.46		63.3794
		21050		210.03		3.83736		2878.02		-1279.56		1598.46		63.3982
		21100		210.528		3.90344		2927.58		-1329.13		1598.44		63.4689
		21150		211.027		3.7188		2789.1		-1190.63		1598.47		63.4962
		21200		211.526		3.82681		2870.11		-1271.65		1598.46		63.5014
		21250		212.025		3.67636		2757.27		-1158.81		1598.46		63.6203
		21300		212.524		3.89849		2923.87		-1325.42		1598.45		63.7992
		21350		213.023		3.91548		2936.61		-1338.16		1598.45		63.98
		21400		213.522		3.92949		2947.12		-1348.65		1598.46		64.0783
		21450		214.021		3.90675		2930.06		-1331.6		1598.46		64.0616
		21500		214.52		3.77718		2832.89		-1234.43		1598.46		63.9617
		21550		215.018		3.76269		2822.02		-1223.56		1598.46		63.9535
		21600		215.517		3.85543		2891.57		-1293.12		1598.45		64.051
		21650		216.016		3.86973		2902.3		-1303.85		1598.45		64.2775
		21700		216.515		3.77961		2834.71		-1236.25		1598.45		64.5567
		21750		217.014		3.77503		2831.27		-1232.82		1598.45		64.7623
		21800		217.513		3.70842		2781.32		-1182.85		1598.46		64.8668
		21850		218.012		3.79125		2843.44		-1244.99		1598.45		64.9303
		21900		218.511		3.84414		2883.1		-1284.65		1598.45		65.0235
		21950		219.009		3.76057		2820.43		-1221.98		1598.45		65.1564
		22000		219.508		3.70608		2779.56		-1181.11		1598.45		65.3876
		22050		220.007		3.68013		2760.1		-1161.62		1598.48		65.7384
		22100		220.506		3.90965		2932.24		-1333.78		1598.46		66.0399
		22150		221.005		3.8688		2901.6		-1303.15		1598.45		66.3129
		22200		221.504		3.82965		2872.24		-1273.79		1598.44		66.6174
		22250		222.003		3.73756		2803.17		-1204.71		1598.46		66.9472
		22300		222.502		3.77601		2832.01		-1233.56		1598.44		67.1887
		22350		223.001		3.77664		2832.48		-1234.02		1598.46		67.3884
		22400		223.499		3.82974		2872.31		-1273.86		1598.45		67.5576
		22450		223.998		3.7221		2791.58		-1193.11		1598.46		67.6721
		22500		224.497		3.83058		2872.94		-1274.48		1598.45		67.8397
		22550		224.996		3.82728		2870.46		-1272.01		1598.45		68.0945
		22600		225.495		3.81527		2861.45		-1263		1598.45		68.2789
		22650		225.994		3.71579		2786.84		-1188.39		1598.45		68.4696
		22700		226.493		3.74815		2811.11		-1212.67		1598.45		68.607
		22750		226.992		3.77074		2828.05		-1229.59		1598.46		68.6425
		22800		227.491		3.78516		2838.87		-1240.41		1598.46		68.6528
		22850		227.989		3.78091		2835.68		-1237.24		1598.45		68.6917
		22900		228.488		3.68822		2766.17		-1167.72		1598.44		68.7582
		22950		228.987		3.61294		2709.7		-1111.25		1598.45		68.8855
		23000		229.486		3.76124		2820.93		-1222.47		1598.46		69.0296
		23050		229.985		3.84811		2886.08		-1287.63		1598.46		69.2582
		23100		230.484		3.89144		2918.58		-1320.12		1598.46		69.6162
		23150		230.983		3.78702		2840.26		-1241.8		1598.46		70.0055
		23200		231.482		3.87049		2902.87		-1304.42		1598.45		70.1669
		23250		231.98		3.92259		2941.94		-1343.48		1598.46		70.2016
		23300		232.479		3.88962		2917.21		-1318.77		1598.45		70.3054
		23350		232.978		3.77529		2831.47		-1233.01		1598.46		70.4491
		23400		233.477		3.74702		2810.27		-1211.8		1598.46		70.4432
		23450		233.976		3.87821		2908.66		-1310.2		1598.45		70.4114
		23500		234.475		3.90465		2928.49		-1330.05		1598.44		70.4454
		23550		234.974		3.71676		2787.57		-1189.12		1598.44		70.5456
		23600		235.473		3.63357		2725.17		-1126.73		1598.45		70.7095
		23650		235.972		3.73544		2801.58		-1203.13		1598.46		70.895
		23700		236.47		3.83376		2875.32		-1276.87		1598.45		71.0229
		23750		236.969		3.75117		2813.37		-1214.92		1598.45		71.0933
		23800		237.468		3.71158		2783.69		-1185.23		1598.45		71.11
		23850		237.967		3.62189		2716.42		-1117.96		1598.46		71.1937
		23900		238.466		3.84275		2882.07		-1283.63		1598.44		71.372
		23950		238.965		3.76375		2822.81		-1224.36		1598.45		71.5442
		24000		239.464		3.67297		2754.73		-1156.28		1598.45		71.634
		24050		239.963		3.74787		2810.9		-1212.45		1598.45		71.5736
		24100		240.461		3.77397		2830.47		-1232.01		1598.46		71.524
		24150		240.96		3.77002		2827.52		-1229.06		1598.45		71.5659
		24200		241.459		3.83402		2875.51		-1277.06		1598.45		71.6545
		24250		241.958		3.771		2828.25		-1229.79		1598.46		71.7355
		24300		242.457		3.74041		2805.31		-1206.85		1598.45		71.685
		24350		242.956		3.74156		2806.17		-1207.71		1598.46		71.6211
		24400		243.455		3.8315		2873.62		-1275.18		1598.45		71.6297
		24450		243.954		3.70478		2778.59		-1180.13		1598.46		71.6992
		24500		244.453		3.73067		2798		-1199.55		1598.45		71.7688
		24550		244.951		3.76515		2823.87		-1225.41		1598.45		71.8779
		24600		245.45		3.77942		2834.57		-1236.11		1598.45		71.9809
		24650		245.949		3.83277		2874.58		-1276.12		1598.46		72.0431
		24700		246.448		3.8393		2879.48		-1281.02		1598.46		72.1713
		24750		246.947		3.77028		2827.71		-1229.25		1598.45		72.3835
		24800		247.446		3.73923		2804.42		-1205.98		1598.44		72.5564
		24850		247.945		3.69582		2771.87		-1173.42		1598.44		72.6687
		24900		248.444		3.90323		2927.42		-1328.99		1598.43		72.841
		24950		248.942		3.89154		2918.65		-1320.19		1598.47		73.0204
		25000		249.441		3.90132		2925.99		-1327.54		1598.45		73.1577
		25050		249.94		3.70646		2779.85		-1181.38		1598.47		73.3277
		25100		250.439		3.77934		2834.5		-1236.05		1598.46		73.4819
		25150		250.938		3.80221		2851.66		-1253.2		1598.46		73.6034
		25200		251.437		3.82747		2870.6		-1272.15		1598.46		73.7705
		25250		251.936		3.70529		2778.96		-1180.5		1598.47		73.9574
		25300		252.435		3.89773		2923.3		-1324.85		1598.44		74.2317
		25350		252.934		3.74058		2805.44		-1206.98		1598.46		74.6072
		25400		253.432		3.88048		2910.36		-1311.92		1598.44		74.9791
		25450		253.931		3.86086		2895.64		-1297.18		1598.47		75.2803
		25500		254.43		3.81393		2860.45		-1261.99		1598.46		75.4538
		25550		254.929		3.86459		2898.44		-1299.99		1598.45		75.5294
		25600		255.428		3.82224		2866.68		-1268.23		1598.45		75.642
		25650		255.927		3.7823		2836.73		-1238.26		1598.47		75.8684
		25700		256.426		3.94431		2958.23		-1359.78		1598.45		76.1581
		25750		256.925		3.88736		2915.52		-1317.06		1598.46		76.4176
		25800		257.423		4.00183		3001.37		-1402.93		1598.44		76.6644
		25850		257.922		3.914		2935.5		-1337.05		1598.45		76.9047
		25900		258.421		3.7378		2803.35		-1204.89		1598.46		77.1383
		25950		258.92		3.68868		2766.51		-1168.05		1598.46		77.3825
		26000		259.419		3.73214		2799.1		-1200.65		1598.46		77.6839
		26050		259.918		3.8344		2875.8		-1277.36		1598.44		77.9768
		26100		260.417		3.84062		2880.46		-1282.03		1598.43		78.2335
		26150		260.916		3.67128		2753.46		-1155		1598.46		78.4108
		26200		261.415		3.82346		2867.59		-1269.15		1598.45		78.4041
		26250		261.913		3.83027		2872.7		-1274.25		1598.45		78.3233
		26300		262.412		3.68993		2767.45		-1168.99		1598.46		78.3311
		26350		262.911		3.79346		2845.09		-1246.66		1598.44		78.4245
		26400		263.41		3.77791		2833.43		-1234.97		1598.46		78.6197
		26450		263.909		3.82597		2869.47		-1271.02		1598.45		78.7864
		26500		264.408		3.82212		2866.59		-1268.14		1598.45		78.8038
		26550		264.907		3.70711		2780.33		-1181.88		1598.45		78.6659
		26600		265.406		3.76762		2825.71		-1227.26		1598.45		78.4953
		26650		265.904		3.89399		2920.49		-1322.05		1598.45		78.4845
		26700		266.403		3.72462		2793.46		-1194.98		1598.48		78.5366
		26750		266.902		3.92798		2945.98		-1347.53		1598.45		78.5437
		26800		267.401		3.72567		2794.26		-1195.78		1598.48		78.5743
		26850		267.9		3.83333		2874.99		-1276.55		1598.44		78.7089
		26900		268.399		3.66183		2746.37		-1147.91		1598.46		78.8593
		26950		268.898		3.82942		2872.07		-1273.62		1598.45		79.1252
		27000		269.397		3.7513		2813.47		-1215.02		1598.46		79.5139
		27050		269.896		3.72226		2791.69		-1193.24		1598.45		79.7582
		27100		270.394		3.89039		2917.79		-1319.34		1598.45		79.8354
		27150		270.893		3.93282		2949.61		-1351.15		1598.46		80.0379
		27200		271.392		3.85875		2894.06		-1295.62		1598.44		80.3125
		27250		271.891		3.66189		2746.42		-1147.97		1598.45		80.499
		27300		272.39		3.80267		2852		-1253.55		1598.45		80.6294
		27350		272.889		3.99448		2995.86		-1397.43		1598.43		80.6394
		27400		273.388		3.82531		2868.98		-1270.52		1598.47		80.5628
		27450		273.887		3.75103		2813.27		-1214.83		1598.44		80.4716
		27500		274.385		3.7471		2810.32		-1211.88		1598.44		80.398
		27550		274.884		3.78931		2841.98		-1243.53		1598.45		80.4245
		27600		275.383		3.77733		2833		-1234.55		1598.45		80.5905
		27650		275.882		3.88521		2913.9		-1315.45		1598.45		80.8426
		27700		276.381		3.85032		2887.74		-1289.28		1598.46		81.1495
		27750		276.88		3.80877		2856.58		-1258.13		1598.45		81.3846
		27800		277.379		3.82641		2869.81		-1271.36		1598.45		81.5425
		27850		277.878		3.91866		2938.99		-1340.54		1598.45		81.7452
		27900		278.377		3.90457		2928.43		-1329.98		1598.45		82.03
		27950		278.875		3.74423		2808.17		-1209.7		1598.47		82.3308
		28000		279.374		3.96169		2971.27		-1372.83		1598.44		82.5481
		28050		279.873		3.93982		2954.86		-1356.41		1598.46		82.6904
		28100		280.372		3.94536		2959.02		-1360.58		1598.45		82.9549
		28150		280.871		3.7339		2800.43		-1201.97		1598.46		83.3131
		28200		281.37		3.86975		2902.31		-1303.88		1598.43		83.506
		28250		281.869		3.74476		2808.57		-1210.12		1598.45		83.6042
		28300		282.368		3.70582		2779.36		-1180.91		1598.46		83.6981
		28350		282.866		3.79341		2845.06		-1246.6		1598.45		83.8293
		28400		283.365		3.63664		2727.48		-1129.01		1598.47		84.0131
		28450		283.864		3.82968		2872.26		-1273.83		1598.43		84.2186
		28500		284.363		3.72013		2790.1		-1191.64		1598.46		84.3458
		28550		284.862		3.8192		2864.4		-1265.95		1598.45		84.4294
		28600		285.361		3.84739		2885.54		-1287.1		1598.45		84.5771
		28650		285.86		3.84807		2886.05		-1287.61		1598.45		84.7578
		28700		286.359		3.76095		2820.71		-1222.23		1598.48		84.9789
		28750		286.858		3.93747		2953.1		-1354.66		1598.45		85.2719
		28800		287.356		3.76302		2822.26		-1223.79		1598.47		85.6057
		28850		287.855		3.92009		2940.07		-1341.63		1598.44		85.8968
		28900		288.354		3.63371		2725.28		-1126.81		1598.47		86.1239
		28950		288.853		3.98822		2991.16		-1392.74		1598.42		86.3792
		29000		289.352		3.67768		2758.26		-1159.79		1598.47		86.6654
		29050		289.851		3.66374		2747.81		-1149.34		1598.46		86.8724
		29100		290.35		3.7164		2787.3		-1188.84		1598.46		87.0261
		29150		290.849		3.76359		2822.69		-1224.25		1598.44		87.1553
		29200		291.347		3.72724		2795.43		-1196.98		1598.45		87.2933
		29250		291.846		3.70344		2777.58		-1179.12		1598.46		87.4582
		29300		292.345		3.7315		2798.62		-1200.17		1598.45		87.6903
		29350		292.844		3.77729		2832.97		-1234.51		1598.46		87.8639
		29400		293.343		3.91652		2937.39		-1338.93		1598.45		88.0236
		29450		293.842		3.87601		2907.01		-1308.56		1598.46		88.2879
		29500		294.341		3.83895		2879.21		-1280.76		1598.45		88.6384
		29550		294.84		3.79578		2846.84		-1248.37		1598.46		88.9677
		29600		295.339		3.8171		2862.83		-1264.38		1598.45		89.1392
		29650		295.837		3.8276		2870.7		-1272.25		1598.45		89.221
		29700		296.336		3.75304		2814.78		-1216.33		1598.45		89.3362
		29750		296.835		3.66913		2751.85		-1153.39		1598.46		89.5601
		29800		297.334		3.7987		2849.02		-1250.58		1598.45		89.9236
		29850		297.833		3.70714		2780.35		-1181.9		1598.45		90.317
		29900		298.332		3.693		2769.75		-1171.29		1598.46		90.5786
		29950		298.831		3.89396		2920.47		-1322.02		1598.45		90.6674
		30000		299.33		3.79327		2844.95		-1246.5		1598.46		90.718
		30050		299.828		3.82654		2869.9		-1271.44		1598.46		90.7203
		30100		300.327		3.90333		2927.49		-1329.05		1598.45		90.7109
		30150		300.826		3.7125		2784.37		-1185.92		1598.46		90.8488
		30200		301.325		3.743		2807.25		-1208.79		1598.46		90.9618
		30250		301.824		3.71491		2786.18		-1187.72		1598.46		90.9487
		30300		302.323		3.86786		2900.9		-1302.46		1598.44		90.9648
		30350		302.822		4.04726		3035.44		-1437.01		1598.44		91.073
		30400		303.321		3.83512		2876.34		-1277.87		1598.46		91.1681
		30450		303.82		3.87158		2903.68		-1305.24		1598.44		91.2235
		30500		304.318		3.82971		2872.28		-1273.84		1598.45		91.358
		30550		304.817		3.90488		2928.66		-1330.22		1598.44		91.5686
		30600		305.316		3.90644		2929.83		-1331.37		1598.45		91.8036
		30650		305.815		3.89211		2919.08		-1320.65		1598.44		92.0688
		30700		306.314		3.71128		2783.46		-1185		1598.46		92.3673
		30750		306.813		3.8297		2872.28		-1273.83		1598.44		92.6322
		30800		307.312		3.78086		2835.65		-1237.18		1598.47		92.8343
		30850		307.811		3.97647		2982.35		-1383.9		1598.45		92.9841
		30900		308.309		3.98007		2985.05		-1386.6		1598.45		93.0864
		30950		308.808		3.8577		2893.28		-1294.81		1598.46		93.1819
		31000		309.307		3.86782		2900.87		-1302.42		1598.45		93.2912
		31050		309.806		3.86046		2895.34		-1296.89		1598.45		93.4476
		31100		310.305		3.81546		2861.59		-1263.13		1598.46		93.5787
		31150		310.804		3.82539		2869.04		-1270.6		1598.44		93.6919
		31200		311.303		3.78657		2839.93		-1241.48		1598.45		93.7668
		31250		311.802		3.76699		2825.24		-1226.79		1598.45		93.6503
		31300		312.301		3.63362		2725.22		-1126.76		1598.45		93.4952
		31350		312.799		3.6116		2708.7		-1110.25		1598.45		93.4522
		31400		313.298		3.6913		2768.48		-1170.02		1598.46		93.53
		31450		313.797		3.90129		2925.97		-1327.51		1598.45		93.6004
		31500		314.296		3.85565		2891.74		-1293.28		1598.46		93.683
		31550		314.795		3.73135		2798.51		-1200.05		1598.46		93.7713
		31600		315.294		3.77845		2833.84		-1235.39		1598.45		93.7912
		31650		315.793		3.82097		2865.72		-1267.28		1598.45		93.8735
		31700		316.292		3.7301		2797.58		-1199.12		1598.46		94.0022
		31750		316.791		3.70792		2780.94		-1182.48		1598.46		94.097
		31800		317.289		3.84281		2882.1		-1283.66		1598.45		94.2092
		31850		317.788		3.82572		2869.29		-1270.83		1598.46		94.4498
		31900		318.287		3.83594		2876.96		-1278.49		1598.46		94.7597
		31950		318.786		3.78932		2841.99		-1243.53		1598.46		95.088
		32000		319.285		3.85942		2894.57		-1296.12		1598.44		95.3486
		32050		319.784		3.88384		2912.88		-1314.44		1598.44		95.4655
		32100		320.283		3.74219		2806.64		-1208.17		1598.47		95.5921
		32150		320.782		3.97489		2981.17		-1382.72		1598.45		95.7475
		32200		321.28		3.96402		2973.02		-1374.56		1598.45		95.9648
		32250		321.779		3.84606		2884.54		-1286.08		1598.46		96.295
		32300		322.278		3.87475		2906.07		-1307.61		1598.46		96.5479
		32350		322.777		3.92478		2943.58		-1345.13		1598.45		96.5082
		32400		323.276		3.99536		2996.52		-1398.07		1598.45		96.3123
		32450		323.775		4.07445		3055.84		-1457.39		1598.45		96.2195
		32500		324.274		3.98697		2990.23		-1391.78		1598.45		96.4033
		32550		324.773		3.77534		2831.5		-1233.04		1598.46		96.7387
		32600		325.272		3.8624		2896.8		-1298.34		1598.46		96.985
		32650		325.77		3.79367		2845.25		-1246.78		1598.47		97.1389
		32700		326.269		3.78529		2838.97		-1240.52		1598.45		97.2178
		32750		326.768		3.83974		2879.8		-1281.36		1598.44		97.4304
		32800		327.267		3.8482		2886.15		-1287.71		1598.44		97.7718
		32850		327.766		3.69471		2771.03		-1172.56		1598.47		98.0155
		32900		328.265		3.77871		2834.03		-1235.59		1598.44		98.0663
		32950		328.764		3.74181		2806.36		-1207.91		1598.45		98.0424
		33000		329.263		3.87331		2904.98		-1306.53		1598.45		98.1095
		33050		329.761		3.87112		2903.34		-1304.89		1598.45		98.2759
		33100		330.26		3.69849		2773.87		-1175.41		1598.46		98.5617
		33150		330.759		3.91772		2938.29		-1339.84		1598.45		98.8523
		33200		331.258		3.82159		2866.19		-1267.74		1598.45		99.0595
		33250		331.757		3.76679		2825.09		-1226.64		1598.45		99.1509
		33300		332.256		3.87343		2905.07		-1306.63		1598.44		99.2612
		33350		332.755		3.6292		2721.9		-1123.42		1598.48		99.3855
		33400		333.254		3.79509		2846.32		-1247.87		1598.45		99.4418
		33450		333.753		3.71596		2786.97		-1188.5		1598.47		99.5394
		33500		334.251		3.90677		2930.08		-1331.63		1598.45		99.675
		33550		334.75		3.82904		2871.78		-1273.33		1598.45		99.9385
		33600		335.249		3.66655		2749.91		-1151.46		1598.46		100.341
		33650		335.748		3.69332		2769.99		-1171.53		1598.46		100.692
		33700		336.247		3.73695		2802.71		-1204.26		1598.46		101.059
		33750		336.746		3.68817		2766.13		-1167.67		1598.46		101.344
		33800		337.245		3.71235		2784.26		-1185.81		1598.45		101.518
		33850		337.744		3.51581		2636.85		-1038.39		1598.46		101.62
		33900		338.242		3.67043		2752.82		-1154.38		1598.44		101.705
		33950		338.741		3.66674		2750.06		-1151.59		1598.47		101.787
		34000		339.24		3.85952		2894.64		-1296.18		1598.45		101.893
		34050		339.739		3.68309		2762.32		-1163.86		1598.46		102.051
		34100		340.238		3.84106		2880.8		-1282.36		1598.44		102.223
		34150		340.737		3.95649		2967.36		-1368.92		1598.44		102.483
		34200		341.236		3.71277		2784.58		-1186.12		1598.46		102.819
		34250		341.735		3.82081		2865.61		-1267.16		1598.44		103.102
		34300		342.234		3.76325		2822.44		-1223.97		1598.46		103.329
		34350		342.732		3.67011		2752.58		-1154.12		1598.46		103.376
		34400		343.231		3.70732		2780.49		-1182.03		1598.45		103.221
		34450		343.73		3.68484		2763.63		-1165.18		1598.45		103.121
		34500		344.229		3.71685		2787.64		-1189.18		1598.45		103.161
		34550		344.728		3.94348		2957.61		-1359.17		1598.44		103.159
		34600		345.227		3.8238		2867.85		-1269.39		1598.46		103.165
		34650		345.726		3.70653		2779.9		-1181.43		1598.47		103.205
		34700		346.225		3.84972		2887.29		-1288.85		1598.44		103.462
		34750		346.723		3.72173		2791.3		-1192.84		1598.46		103.936
		34800		347.222		3.75341		2815.05		-1216.6		1598.46		104.424
		34850		347.721		3.77425		2830.68		-1232.24		1598.45		104.786
		34900		348.22		3.72849		2796.37		-1197.93		1598.44		105.057
		34950		348.719		3.64265		2731.99		-1133.52		1598.47		105.225
		35000		349.218		3.7548		2816.1		-1217.64		1598.46		105.325
		35050		349.717		3.79058		2842.93		-1244.48		1598.46		105.504
		35100		350.216		3.8433		2882.48		-1284.04		1598.44		105.794
		35150		350.715		3.83976		2879.82		-1281.36		1598.46		106.032
		35200		351.213		3.99466		2995.99		-1397.53		1598.46		106.184
		35250		351.712		3.7047		2778.53		-1180.06		1598.47		106.291
		35300		352.211		3.83341		2875.06		-1276.63		1598.43		106.383
		35350		352.71		3.66701		2750.26		-1151.78		1598.48		106.545
		35400		353.209		3.92326		2942.45		-1344.01		1598.44		106.752
		35450		353.708		3.84643		2884.82		-1286.36		1598.46		107.024
		35500		354.207		3.9495		2962.13		-1363.7		1598.42		107.234
		35550		354.706		3.71264		2784.48		-1186.04		1598.44		107.354
		35600		355.204		3.79664		2847.48		-1249.03		1598.45		107.498
		35650		355.703		3.81764		2863.23		-1264.77		1598.46		107.667
		35700		356.202		3.83211		2874.08		-1275.63		1598.45		107.731
		35750		356.701		3.75084		2813.13		-1214.66		1598.47		107.704
		35800		357.2		3.80594		2854.46		-1256		1598.45		107.741
		35850		357.699		3.87247		2904.35		-1305.92		1598.44		107.902
		35900		358.198		3.73792		2803.44		-1204.99		1598.45		108.213
		35950		358.697		3.93426		2950.69		-1352.24		1598.45		108.584
		36000		359.196		3.95767		2968.25		-1369.8		1598.45		108.846
		36050		359.694		3.82063		2865.47		-1267.02		1598.45		108.886
		36100		360.193		3.87378		2905.33		-1306.88		1598.45		108.944
		36150		360.692		3.81379		2860.34		-1261.9		1598.45		109.043
		36200		361.191		3.61387		2710.41		-1111.94		1598.46		109.14
		36250		361.69		3.74635		2809.76		-1211.31		1598.45		109.324
		36300		362.189		3.78322		2837.42		-1238.96		1598.45		109.551
		36350		362.688		3.94775		2960.81		-1362.37		1598.45		109.673
		36400		363.187		4.00945		3007.09		-1408.65		1598.44		109.666
		36450		363.685		3.79977		2849.83		-1251.37		1598.46		109.657
		36500		364.184		3.77701		2832.76		-1234.31		1598.45		109.86
		36550		364.683		3.75577		2816.83		-1218.36		1598.46		110.286
		36600		365.182		3.89404		2920.53		-1322.08		1598.44		110.67
		36650		365.681		3.82906		2871.79		-1273.36		1598.44		110.973
		36700		366.18		3.61118		2708.39		-1109.92		1598.46		111.143
		36750		366.679		3.65619		2742.15		-1143.68		1598.47		111.213
		36800		367.178		3.87796		2908.47		-1310.02		1598.45		111.264
		36850		367.677		3.99083		2993.12		-1394.68		1598.44		111.251
		36900		368.175		3.65448		2740.86		-1142.41		1598.45		111.274
		36950		368.674		3.64159		2731.19		-1132.74		1598.45		111.307
		37000		369.173		3.87452		2905.89		-1307.44		1598.45		111.429
		37050		369.672		3.93203		2949.02		-1350.57		1598.45		111.595
		37100		370.171		3.78986		2842.39		-1243.93		1598.46		111.773
		37150		370.67		3.74138		2806.03		-1207.58		1598.45		111.884
		37200		371.169		3.84441		2883.31		-1284.85		1598.45		111.849
		37250		371.668		4.11628		3087.21		-1488.77		1598.43		111.78
		37300		372.166		3.95616		2967.12		-1368.66		1598.46		111.843
		37350		372.665		3.82215		2866.61		-1268.14		1598.47		112.067
		37400		373.164		3.89865		2923.99		-1325.54		1598.45		112.286
		37450		373.663		3.7657		2824.27		-1225.82		1598.45		112.371
		37500		374.162		3.65037		2737.78		-1139.33		1598.45		112.401
		37550		374.661		3.72901		2796.76		-1198.3		1598.46		112.495
		37600		375.16		3.72789		2795.92		-1197.45		1598.46		112.71
		37650		375.659		3.80711		2855.33		-1256.88		1598.45		112.874
		37700		376.158		3.7763		2832.23		-1233.76		1598.47		112.97
		37750		376.656		3.93757		2953.18		-1354.73		1598.45		113.063
		37800		377.155		3.72152		2791.14		-1192.67		1598.46		113.18
		37850		377.654		3.80609		2854.57		-1256.12		1598.45		113.35
		37900		378.153		3.96739		2975.54		-1377.11		1598.44		113.558
		37950		378.652		3.71631		2787.23		-1188.76		1598.47		113.819
		38000		379.151		3.7939		2845.42		-1246.97		1598.46		114.201
		38050		379.65		3.96128		2970.96		-1372.53		1598.44		114.612
		38100		380.149		3.85719		2892.89		-1294.43		1598.46		114.923
		38150		380.647		3.83659		2877.44		-1278.98		1598.46		115.135
		38200		381.146		3.75589		2816.92		-1218.46		1598.46		115.315
		38250		381.645		3.76134		2821.01		-1222.55		1598.46		115.552
		38300		382.144		3.91003		2932.53		-1334.08		1598.45		115.859
		38350		382.643		3.80817		2856.13		-1257.67		1598.46		116.102
		38400		383.142		3.70085		2775.64		-1177.19		1598.45		116.312
		38450		383.641		3.64143		2731.07		-1132.61		1598.46		116.47
		38500		384.14		3.76946		2827.09		-1228.65		1598.44		116.504
		38550		384.639		3.82182		2866.36		-1267.92		1598.44		116.563
		38600		385.137		3.77869		2834.01		-1235.55		1598.46		116.701
		38650		385.636		3.92258		2941.94		-1343.49		1598.45		116.859
		38700		386.135		3.79528		2846.46		-1247.99		1598.47		117.053
		38750		386.634		3.92065		2940.48		-1342.04		1598.45		117.269
		38800		387.133		3.68816		2766.12		-1167.66		1598.46		117.482
		38850		387.632		3.71307		2784.8		-1186.34		1598.46		117.773
		38900		388.131		3.80062		2850.47		-1252.02		1598.45		118.145
		38950		388.63		3.74401		2808.01		-1209.55		1598.45		118.516
		39000		389.128		3.73675		2802.56		-1204.11		1598.46		118.779
		39050		389.627		3.73574		2801.81		-1203.35		1598.46		118.994
		39100		390.126		3.90702		2930.26		-1331.82		1598.45		119.281
		39150		390.625		3.77639		2832.29		-1233.83		1598.47		119.585
		39200		391.124		3.78278		2837.08		-1238.63		1598.45		119.836
		39250		391.623		3.67608		2757.06		-1158.61		1598.45		120.035
		39300		392.122		3.7755		2831.63		-1233.18		1598.44		120.134
		39350		392.621		3.73797		2803.48		-1205.03		1598.44		120.128
		39400		393.12		3.63884		2729.13		-1130.66		1598.46		120.087
		39450		393.618		3.78363		2837.72		-1239.26		1598.47		120.153
		39500		394.117		3.93852		2953.89		-1355.44		1598.46		120.317
		39550		394.616		3.85164		2888.73		-1290.27		1598.46		120.553
		39600		395.115		3.84982		2887.36		-1288.92		1598.45		120.878
		39650		395.614		3.70332		2777.49		-1179.02		1598.47		121.192
		39700		396.113		3.76291		2822.18		-1223.74		1598.44		121.247
		39750		396.612		3.81007		2857.55		-1259.09		1598.46		121.203
		39800		397.111		4.01367		3010.25		-1411.81		1598.44		121.31
		39850		397.609		3.91823		2938.67		-1340.23		1598.45		121.58
		39900		398.108		3.7533		2814.98		-1216.51		1598.46		121.717
		39950		398.607		3.92994		2947.45		-1349.01		1598.45		121.657
		40000		399.106		3.78642		2839.82		-1241.35		1598.46		121.699
		40050		399.605		3.66363		2747.72		-1149.27		1598.46		121.903
		40100		400.104		3.73234		2799.25		-1200.8		1598.45		122.109
		40150		400.603		3.80391		2852.93		-1254.48		1598.45		122.358
		40200		401.102		3.77172		2828.79		-1230.34		1598.46		122.596
		40250		401.601		3.75051		2812.88		-1214.42		1598.46		122.809
		40300		402.099		3.84433		2883.25		-1284.8		1598.45		122.967
		40350		402.598		3.82389		2867.92		-1269.46		1598.45		123.099
		40400		403.097		3.85127		2888.45		-1290.01		1598.45		123.284
		40450		403.596		3.8378		2878.35		-1279.91		1598.44		123.556
		40500		404.095		3.81259		2859.44		-1261		1598.44		123.825
		40550		404.594		3.89903		2924.27		-1325.83		1598.44		124.002
		40600		405.093		3.84463		2883.47		-1285.02		1598.45		124.16
		40650		405.592		3.82006		2865.04		-1266.59		1598.45		124.303
		40700		406.09		3.76401		2823.01		-1224.54		1598.47		124.478
		40750		406.589		3.89384		2920.38		-1321.93		1598.45		124.662
		40800		407.088		3.74705		2810.29		-1211.84		1598.45		124.943
		40850		407.587		3.77744		2833.08		-1234.66		1598.43		125.135
		40900		408.086		3.67682		2757.62		-1159.16		1598.45		125.183
		40950		408.585		3.69795		2773.46		-1175.02		1598.45		125.256
		41000		409.084		3.76243		2821.82		-1223.37		1598.45		125.353
		41050		409.583		3.80687		2855.15		-1256.68		1598.47		125.46
		41100		410.082		3.77306		2829.79		-1231.35		1598.45		125.744
		41150		410.58		3.76911		2826.83		-1228.38		1598.45		126.294
		41200		411.079		3.98539		2989.05		-1390.61		1598.44		126.874
		41250		411.578		3.7548		2816.1		-1217.64		1598.46		127.299
		41300		412.077		3.76411		2823.08		-1224.63		1598.45		127.478
		41350		412.576		3.76129		2820.96		-1222.51		1598.46		127.521
		41400		413.075		3.93668		2952.51		-1354.06		1598.44		127.615
		41450		413.574		3.75653		2817.4		-1218.95		1598.45		127.838
		41500		414.073		3.75531		2816.49		-1218.05		1598.44		128.106
		41550		414.572		3.71367		2785.25		-1186.8		1598.45		128.251
		41600		415.07		3.70482		2778.61		-1180.16		1598.45		128.399
		41650		415.569		3.65298		2739.73		-1141.28		1598.45		128.697
		41700		416.068		3.72391		2792.93		-1194.49		1598.44		129.036
		41750		416.567		3.71101		2783.26		-1184.82		1598.44		129.411
		41800		417.066		3.83851		2878.88		-1280.43		1598.45		129.651
		41850		417.565		3.83945		2879.59		-1281.13		1598.46		129.772
		41900		418.064		3.8007		2850.53		-1252.07		1598.45		129.978
		41950		418.563		3.73539		2801.54		-1203.08		1598.47		130.351
		42000		419.061		3.82571		2869.28		-1270.83		1598.46		130.749
		42050		419.56		3.75529		2816.47		-1218.01		1598.46		130.967
		42100		420.059		3.82473		2868.55		-1270.11		1598.44		131.118
		42150		420.558		3.80747		2855.6		-1257.14		1598.46		131.213
		42200		421.057		3.93292		2949.69		-1351.25		1598.44		131.385
		42250		421.556		3.82379		2867.84		-1269.38		1598.46		131.713
		42300		422.055		3.90925		2931.94		-1333.48		1598.46		132.021
		42350		422.554		3.92049		2940.37		-1341.91		1598.45		132.218
		42400		423.053		3.70189		2776.42		-1177.95		1598.47		132.281
		42450		423.551		3.81311		2859.83		-1261.39		1598.44		132.377
		42500		424.05		3.72768		2795.76		-1197.28		1598.48		132.661
		42550		424.549		3.98399		2988		-1389.56		1598.44		133.011
		42600		425.048		3.7093		2781.97		-1183.51		1598.47		133.279
		42650		425.547		3.75379		2815.34		-1216.91		1598.43		133.398
		42700		426.046		3.62256		2716.92		-1118.47		1598.46		133.371
		42750		426.545		3.72113		2790.85		-1192.41		1598.44		133.349
		42800		427.044		3.6237		2717.78		-1119.31		1598.47		133.388
		42850		427.542		3.77028		2827.71		-1229.27		1598.44		133.456
		42900		428.041		3.67526		2756.45		-1157.98		1598.47		133.581
		42950		428.54		3.90012		2925.09		-1326.66		1598.43		133.693
		43000		429.039		3.88059		2910.45		-1312		1598.44		133.624
		43050		429.538		3.99535		2996.51		-1398.08		1598.43		133.409
		43100		430.037		3.76253		2821.9		-1223.43		1598.46		133.385
		43150		430.536		3.82461		2868.45		-1269.99		1598.46		133.656
		43200		431.035		3.87979		2909.85		-1311.4		1598.45		134.109
		43250		431.534		3.7038		2777.85		-1179.38		1598.46		134.434
		43300		432.032		3.79744		2848.08		-1249.63		1598.45		134.478
		43350		432.531		3.79095		2843.21		-1244.75		1598.47		134.321
		43400		433.03		3.90014		2925.1		-1326.65		1598.45		134.186
		43450		433.529		3.82042		2865.32		-1266.87		1598.44		134.181
		43500		434.028		3.84957		2887.18		-1288.73		1598.45		134.271
		43550		434.527		3.83213		2874.1		-1275.63		1598.46		134.482
		43600		435.026		3.67349		2755.12		-1156.65		1598.47		134.948
		43650		435.525		3.81326		2859.95		-1261.51		1598.44		135.397
		43700		436.023		3.6549		2741.18		-1142.71		1598.47		135.607
		43750		436.522		3.77009		2827.57		-1229.11		1598.45		135.498
		43800		437.021		3.84069		2880.52		-1282.07		1598.45		135.202
		43850		437.52		3.86225		2896.69		-1298.23		1598.45		135.003
		43900		438.019		3.77718		2832.88		-1234.44		1598.45		135.032
		43950		438.518		3.65134		2738.5		-1140.05		1598.45		135.172
		44000		439.017		3.6833		2762.47		-1164.02		1598.46		135.389
		44050		439.516		3.78557		2839.17		-1240.73		1598.44		135.557
		44100		440.015		3.69043		2767.82		-1169.36		1598.47		135.575
		44150		440.513		3.85981		2894.86		-1296.42		1598.44		135.587
		44200		441.012		3.72883		2796.62		-1198.17		1598.45		135.676
		44250		441.511		3.86364		2897.73		-1299.27		1598.46		135.785
		44300		442.01		3.78946		2842.09		-1243.64		1598.46		136.019
		44350		442.509		3.70963		2782.22		-1183.76		1598.46		136.29
		44400		443.008		3.96907		2976.8		-1378.37		1598.43		136.487
		44450		443.507		3.70752		2780.64		-1182.18		1598.46		136.691
		44500		444.006		3.74988		2812.41		-1213.96		1598.45		136.969
		44550		444.504		3.79796		2848.47		-1250.02		1598.46		137.278
		44600		445.003		3.80745		2855.59		-1257.15		1598.44		137.465
		44650		445.502		3.61066		2708		-1109.54		1598.46		137.485
		44700		446.001		3.75905		2819.29		-1220.84		1598.45		137.43
		44750		446.5		3.89085		2918.14		-1319.69		1598.45		137.448
		44800		446.999		3.83667		2877.5		-1279.04		1598.46		137.562
		44850		447.498		3.85041		2887.81		-1289.36		1598.45		137.709
		44900		447.997		3.83024		2872.68		-1274.23		1598.45		137.989
		44950		448.496		3.82959		2872.19		-1273.74		1598.46		138.338
		45000		448.994		3.74266		2806.99		-1208.53		1598.47		138.595
		45050		449.493		3.75933		2819.49		-1221.04		1598.45		138.783
		45100		449.992		3.8152		2861.4		-1262.96		1598.44		138.973
		45150		450.491		3.86657		2899.93		-1301.47		1598.46		139.275
		45200		450.99		3.87218		2904.13		-1305.68		1598.46		139.648
		45250		451.489		3.80567		2854.26		-1255.81		1598.45		140.059
		45300		451.988		3.79816		2848.62		-1250.17		1598.45		140.33
		45350		452.487		3.7926		2844.45		-1245.99		1598.46		140.403
		45400		452.985		3.75626		2817.19		-1218.74		1598.46		140.441
		45450		453.484		3.67096		2753.22		-1154.77		1598.45		140.581
		45500		453.983		3.57575		2681.81		-1083.35		1598.46		140.848
		45550		454.482		3.73684		2802.63		-1204.18		1598.45		141.205
		45600		454.981		3.66905		2751.79		-1153.32		1598.47		141.539
		45650		455.48		3.7647		2823.52		-1225.07		1598.46		141.915
		45700		455.979		3.77951		2834.63		-1236.19		1598.45		142.214
		45750		456.478		3.72409		2793.07		-1194.61		1598.45		142.345
		45800		456.977		3.91284		2934.63		-1336.2		1598.43		142.397
		45850		457.475		3.73032		2797.74		-1199.28		1598.46		142.505
		45900		457.974		3.72186		2791.39		-1192.94		1598.45		142.633
		45950		458.473		3.92092		2940.69		-1342.25		1598.44		142.782
		46000		458.972		3.75823		2818.68		-1220.21		1598.46		142.989
		46050		459.471		3.6605		2745.37		-1146.92		1598.45		143.208
		46100		459.97		3.72179		2791.34		-1192.88		1598.46		143.339
		46150		460.469		3.82981		2872.35		-1273.9		1598.45		143.44
		46200		460.968		3.88656		2914.92		-1316.47		1598.45		143.465
		46250		461.466		3.73772		2803.29		-1204.83		1598.46		143.455
		46300		461.965		3.74331		2807.48		-1209.04		1598.44		143.545
		46350		462.464		3.70919		2781.89		-1183.44		1598.45		143.667
		46400		462.963		3.7309		2798.17		-1199.71		1598.46		143.72
		46450		463.462		3.96518		2973.89		-1375.45		1598.44		143.897
		46500		463.961		3.78533		2839		-1240.54		1598.46		144.181
		46550		464.46		3.72415		2793.11		-1194.66		1598.46		144.348
		46600		464.959		3.77159		2828.69		-1230.24		1598.45		144.404
		46650		465.458		3.73704		2802.78		-1204.31		1598.47		144.484
		46700		465.956		3.80967		2857.25		-1258.81		1598.44		144.582
		46750		466.455		3.78828		2841.21		-1242.77		1598.44		144.697
		46800		466.954		3.81448		2860.86		-1262.42		1598.44		144.826
		46850		467.453		3.67648		2757.36		-1158.91		1598.45		144.893
		46900		467.952		3.88395		2912.96		-1314.53		1598.43		145.027
		46950		468.451		3.83061		2872.96		-1274.51		1598.45		145.317
		47000		468.95		3.83465		2875.99		-1277.53		1598.45		145.549
		47050		469.449		3.9077		2930.78		-1332.34		1598.44		145.685
		47100		469.947		3.81608		2862.06		-1263.61		1598.45		145.817
		47150		470.446		3.84595		2884.46		-1286.01		1598.45		145.929
		47200		470.945		3.76959		2827.19		-1228.73		1598.46		146.082
		47250		471.444		3.90373		2927.8		-1329.34		1598.45		146.248
		47300		471.943		3.83977		2879.83		-1281.38		1598.45		146.286
		47350		472.442		3.71607		2787.05		-1188.58		1598.47		146.235
		47400		472.941		3.77667		2832.5		-1234.04		1598.46		146.213
		47450		473.44		3.79991		2849.93		-1251.47		1598.46		146.313
		47500		473.939		3.83617		2877.13		-1278.68		1598.45		146.576
		47550		474.437		3.99228		2994.21		-1395.78		1598.43		146.905
		47600		474.936		3.77688		2832.66		-1234.19		1598.46		147.236
		47650		475.435		3.88786		2915.89		-1317.45		1598.45		147.449
		47700		475.934		3.76049		2820.37		-1221.89		1598.47		147.581
		47750		476.433		3.71822		2788.67		-1190.22		1598.45		147.764
		47800		476.932		3.63574		2726.8		-1128.34		1598.46		148.016
		47850		477.431		3.87441		2905.81		-1307.36		1598.45		148.265
		47900		477.93		3.97997		2984.97		-1386.53		1598.45		148.464
		47950		478.428		3.80771		2855.78		-1257.32		1598.46		148.59
		48000		478.927		3.89048		2917.86		-1319.41		1598.45		148.649
		48050		479.426		3.97977		2984.83		-1386.38		1598.45		148.766
		48100		479.925		3.86636		2899.77		-1301.31		1598.46		148.977
		48150		480.424		3.86036		2895.27		-1296.83		1598.45		149.129
		48200		480.923		3.78748		2840.61		-1242.16		1598.45		149.038
		48250		481.422		3.84352		2882.64		-1284.19		1598.45		148.881
		48300		481.921		3.76322		2822.41		-1223.97		1598.44		148.83
		48350		482.42		3.72949		2797.12		-1198.66		1598.46		149.04
		48400		482.918		3.9353		2951.47		-1353.02		1598.46		149.354
		48450		483.417		3.99001		2992.51		-1394.07		1598.44		149.422
		48500		483.916		3.85613		2892.1		-1293.63		1598.47		149.249
		48550		484.415		3.95671		2967.54		-1369.1		1598.44		149.077
		48600		484.914		3.85251		2889.38		-1290.94		1598.44		148.904
		48650		485.413		3.71182		2783.87		-1185.41		1598.46		148.801
		48700		485.912		3.74214		2806.61		-1208.16		1598.45		148.847
		48750		486.411		3.72801		2796.01		-1197.55		1598.45		148.929
		48800		486.909		3.93124		2948.43		-1350		1598.43		148.921
		48850		487.408		3.71858		2788.93		-1190.48		1598.45		148.838
		48900		487.907		3.91744		2938.08		-1339.65		1598.43		148.77
		48950		488.406		3.78252		2836.89		-1238.44		1598.45		148.801
		49000		488.905		3.73344		2800.08		-1201.65		1598.44		148.992
		49050		489.404		3.47761		2608.21		-1009.74		1598.47		149.282
		49100		489.903		3.71009		2782.56		-1184.11		1598.45		149.358
		49150		490.402		3.79998		2849.99		-1251.53		1598.45		149.519
		49200		490.901		3.83893		2879.2		-1280.75		1598.45		149.777
		49250		491.399		3.81982		2864.87		-1266.41		1598.46		150.026
		49300		491.898		3.80472		2853.54		-1255.09		1598.45		150.221
		49350		492.397		3.75664		2817.48		-1219.03		1598.46		150.277
		49400		492.896		3.80424		2853.18		-1254.72		1598.46		150.286
		49450		493.395		3.87105		2903.29		-1304.85		1598.44		150.411
		49500		493.894		3.78975		2842.31		-1243.87		1598.45		150.827
		49550		494.393		3.75106		2813.29		-1214.84		1598.45		151.353
		49600		494.892		3.72055		2790.41		-1191.96		1598.45		151.827
		49650		495.39		3.79178		2843.84		-1245.4		1598.44		152.151
		49700		495.889		3.79071		2843.03		-1244.59		1598.44		152.367
		49750		496.388		3.82106		2865.8		-1267.36		1598.44		152.492
		49800		496.887		3.67779		2758.34		-1159.88		1598.46		152.672
		49850		497.386		3.77247		2829.35		-1230.91		1598.44		152.93
		49900		497.885		3.68765		2765.74		-1167.27		1598.46		153.122
		49950		498.384		3.84695		2885.21		-1286.76		1598.45		153.262
