		timesteps		t		Temperature		Kin		Pot		TotalE
		0		0		0.885892		664.419		-4257.43		-3593.01
		10		0.0997765		0.879091		659.318		-4252.33		-3593.01
		20		0.199553		0.858613		643.96		-4236.97		-3593.01
		30		0.29933		0.824847		618.636		-4211.65		-3593.01
		40		0.399106		0.778542		583.906		-4176.92		-3593.01
		50		0.498883		0.720953		540.715		-4133.73		-3593.01
		60		0.598659		0.654032		490.524		-4083.53		-3593.01
		70		0.698436		0.580578		435.433		-4028.44		-3593.01
		80		0.798212		0.504302		378.226		-3971.23		-3593.01
		90		0.897989		0.429684		322.263		-3915.27		-3593
		100		0.997765		0.361558		271.168		-3864.17		-3593
		110		1.09754		0.304439		228.329		-3821.33		-3593
		120		1.19732		0.261751		196.313		-3789.31		-3593
		130		1.29709		0.23521		176.407		-3769.41		-3593
		140		1.39687		0.224589		168.442		-3761.44		-3593
		150		1.49665		0.227949		170.962		-3763.96		-3593
		160		1.59642		0.242189		181.642		-3774.65		-3593
		170		1.6962		0.263717		197.788		-3790.79		-3593.01
		180		1.79598		0.289028		216.771		-3809.78		-3593.01
		190		1.89575		0.315104		236.328		-3829.34		-3593.01
		200		1.99553		0.33962		254.715		-3847.72		-3593.01
		210		2.09531		0.360993		270.744		-3863.75		-3593.01
		220		2.19508		0.378334		283.751		-3876.76		-3593.01
		230		2.29486		0.391346		293.51		-3886.52		-3593.01
		240		2.39464		0.400178		300.134		-3893.14		-3593.01
		250		2.49441		0.405287		303.965		-3896.97		-3593.01
		260		2.59419		0.407311		305.483		-3898.49		-3593.01
		270		2.69397		0.40698		305.235		-3898.24		-3593.01
		280		2.79374		0.40507		303.803		-3896.81		-3593.01
		290		2.89352		0.402383		301.788		-3894.79		-3593.01
		300		2.9933		0.399728		299.796		-3892.8		-3593.01
		310		3.09307		0.397879		298.41		-3891.42		-3593.01
		320		3.19285		0.397511		298.133		-3891.14		-3593.01
		330		3.29263		0.399121		299.341		-3892.35		-3593.01
		340		3.3924		0.402972		302.229		-3895.24		-3593.01
		350		3.49218		0.409072		306.804		-3899.81		-3593.01
		360		3.59196		0.41719		312.892		-3905.9		-3593.01
		370		3.69173		0.42691		320.182		-3913.19		-3593.01
		380		3.79151		0.437704		328.278		-3921.29		-3593.01
		390		3.89128		0.449005		336.754		-3929.76		-3593.01
		400		3.99106		0.460261		345.196		-3938.2		-3593.01
		410		4.09084		0.470971		353.228		-3946.24		-3593.01
		420		4.19061		0.480698		360.524		-3953.53		-3593.01
		430		4.29039		0.489069		366.801		-3959.81		-3593.01
		440		4.39017		0.495765		371.824		-3964.83		-3593.01
		450		4.48994		0.500536		375.402		-3968.41		-3593.01
		460		4.58972		0.503206		377.405		-3970.41		-3593.01
		470		4.6895		0.503701		377.776		-3970.78		-3593.01
		480		4.78927		0.502077		376.558		-3969.57		-3593.01
		490		4.88905		0.498548		373.911		-3966.92		-3593.01
		500		4.98883		0.493491		370.118		-3963.13		-3593.01
		510		5.0886		0.487417		365.563		-3958.57		-3593.01
		520		5.18838		0.480912		360.684		-3953.69		-3593.01
		530		5.28816		0.474539		355.904		-3948.91		-3593.01
		540		5.38793		0.468749		351.562		-3944.57		-3593.01
		550		5.48771		0.46381		347.858		-3940.86		-3593.01
		560		5.58749		0.459795		344.846		-3937.85		-3593.01
		570		5.68726		0.456617		342.463		-3935.47		-3593.01
		580		5.78704		0.454096		340.572		-3933.58		-3593.01
		590		5.88682		0.452029		339.022		-3932.03		-3593.01
		600		5.98659		0.450252		337.689		-3930.7		-3593.01
		610		6.08637		0.448662		336.497		-3929.5		-3593.01
		620		6.18615		0.447221		335.416		-3928.42		-3593.01
		630		6.28592		0.445934		334.451		-3927.46		-3593.01
		640		6.3857		0.444841		333.631		-3926.64		-3593.01
		650		6.48547		0.444025		333.019		-3926.03		-3593.01
		660		6.58525		0.443634		332.725		-3925.73		-3593.01
		670		6.68503		0.44388		332.91		-3925.92		-3593.01
		680		6.7848		0.444999		333.749		-3926.76		-3593.01
		690		6.88458		0.447149		335.361		-3928.37		-3593.01
		700		6.98436		0.450308		337.731		-3930.74		-3593.01
		710		7.08413		0.454228		340.671		-3933.68		-3593.01
		720		7.18391		0.458484		343.863		-3936.87		-3593.01
		730		7.28369		0.462583		346.937		-3939.94		-3593.01
		740		7.38346		0.46609		349.567		-3942.57		-3593.01
		750		7.48324		0.468695		351.521		-3944.53		-3593.01
		760		7.58302		0.47024		352.68		-3945.69		-3593.01
		770		7.68279		0.470698		353.023		-3946.03		-3593.01
		780		7.78257		0.470138		352.604		-3945.61		-3593.01
		790		7.88235		0.468687		351.515		-3944.52		-3593.01
		800		7.98212		0.466506		349.879		-3942.89		-3593.01
		810		8.0819		0.463774		347.831		-3940.84		-3593.01
		820		8.18168		0.460691		345.518		-3938.53		-3593.01
		830		8.28145		0.457465		343.098		-3936.11		-3593.01
		840		8.38123		0.454302		340.726		-3933.73		-3593.01
		850		8.48101		0.451382		338.537		-3931.54		-3593.01
		860		8.58078		0.448837		336.628		-3929.63		-3593.01
		870		8.68056		0.446726		335.045		-3928.05		-3593.01
		880		8.78034		0.445043		333.782		-3926.79		-3593.01
		890		8.88011		0.44373		332.798		-3925.8		-3593.01
		900		8.97989		0.442714		332.036		-3925.04		-3593.01
		910		9.07966		0.441937		331.453		-3924.46		-3593.01
		920		9.17944		0.441384		331.038		-3924.04		-3593.01
		930		9.27922		0.441086		330.815		-3923.82		-3593.01
		940		9.37899		0.441112		330.834		-3923.84		-3593.01
		950		9.47877		0.441541		331.156		-3924.16		-3593.01
		960		9.57855		0.442434		331.826		-3924.83		-3593.01
		970		9.67832		0.443799		332.849		-3925.86		-3593.01
		980		9.7781		0.445562		334.172		-3927.18		-3593.01
		990		9.87788		0.447558		335.668		-3928.68		-3593.01
		1000		9.97765		0.449551		337.163		-3930.17		-3593.01
		1010		10.0774		0.451283		338.462		-3931.47		-3593.01
		1020		10.1772		0.452523		339.393		-3932.4		-3593.01
		1030		10.277		0.453107		339.83		-3932.84		-3593.01
		1040		10.3768		0.452963		339.723		-3932.73		-3593.01
		1050		10.4765		0.452129		339.097		-3932.1		-3593.01
		1060		10.5763		0.45075		338.062		-3931.07		-3593.01
		1070		10.6761		0.449069		336.802		-3929.81		-3593.01
		1080		10.7759		0.447396		335.547		-3928.55		-3593.01
		1090		10.8756		0.446051		334.538		-3927.54		-3593.01
		1100		10.9754		0.445306		333.979		-3926.99		-3593.01
		1110		11.0752		0.445328		333.996		-3927		-3593.01
		1120		11.175		0.446151		334.613		-3927.62		-3593.01
		1130		11.2747		0.447684		335.763		-3928.77		-3593.01
		1140		11.3745		0.449742		337.307		-3930.31		-3593.01
		1150		11.4743		0.452089		339.067		-3932.07		-3593.01
		1160		11.5741		0.454479		340.859		-3933.87		-3593.01
		1170		11.6739		0.456689		342.517		-3935.52		-3593.01
		1180		11.7736		0.458538		343.904		-3936.91		-3593.01
		1190		11.8734		0.459909		344.932		-3937.94		-3593.01
		1200		11.9732		0.46076		345.57		-3938.58		-3593.01
		1210		12.073		0.461125		345.843		-3938.85		-3593.01
		1220		12.1727		0.461105		345.829		-3938.84		-3593.01
		1230		12.2725		0.460848		345.636		-3938.64		-3593.01
		1240		12.3723		0.460508		345.381		-3938.39		-3593.01
		1250		12.4721		0.460222		345.166		-3938.17		-3593.01
		1260		12.5718		0.460088		345.066		-3938.07		-3593.01
		1270		12.6716		0.460168		345.126		-3938.13		-3593.01
		1280		12.7714		0.460486		345.365		-3938.37		-3593.01
		1290		12.8712		0.461041		345.781		-3938.79		-3593.01
		1300		12.9709		0.461797		346.347		-3939.35		-3593.01
		1310		13.0707		0.462677		347.008		-3940.01		-3593.01
		1320		13.1705		0.463558		347.669		-3940.68		-3593.01
		1330		13.2703		0.464274		348.205		-3941.21		-3593.01
		1340		13.3701		0.464631		348.473		-3941.48		-3593.01
		1350		13.4698		0.464445		348.334		-3941.34		-3593.01
		1360		13.5696		0.463574		347.681		-3940.69		-3593.01
		1370		13.6694		0.461961		346.471		-3939.48		-3593.01
		1380		13.7692		0.459662		344.746		-3937.75		-3593.01
		1390		13.8689		0.456854		342.64		-3935.65		-3593.01
		1400		13.9687		0.453818		340.364		-3933.37		-3593.01
		1410		14.0685		0.450895		338.171		-3931.18		-3593.01
		1420		14.1683		0.448418		336.313		-3929.32		-3593.01
		1430		14.268		0.446652		334.989		-3928		-3593.01
		1440		14.3678		0.445744		334.308		-3927.31		-3593.01
		1450		14.4676		0.445711		334.283		-3927.29		-3593.01
		1460		14.5674		0.446461		334.846		-3927.85		-3593.01
		1470		14.6672		0.447836		335.877		-3928.88		-3593.01
		1480		14.7669		0.449665		337.249		-3930.26		-3593.01
		1490		14.8667		0.451791		338.843		-3931.85		-3593.01
		1500		14.9665		0.454085		340.564		-3933.57		-3593.01
		1510		15.0663		0.456439		342.329		-3935.34		-3593.01
		1520		15.166		0.458757		344.068		-3937.07		-3593.01
		1530		15.2658		0.460953		345.715		-3938.72		-3593.01
		1540		15.3656		0.462946		347.21		-3940.22		-3593.01
		1550		15.4654		0.464661		348.496		-3941.5		-3593.01
		1560		15.5651		0.466028		349.521		-3942.53		-3593.01
		1570		15.6649		0.466978		350.233		-3943.24		-3593.01
		1580		15.7647		0.467447		350.585		-3943.59		-3593.01
		1590		15.8645		0.467375		350.532		-3943.54		-3593.01
		1600		15.9642		0.466703		350.028		-3943.03		-3593.01
		1610		16.064		0.465367		349.025		-3942.03		-3593.01
		1620		16.1638		0.463298		347.474		-3940.48		-3593.01
		1630		16.2636		0.460446		345.334		-3938.34		-3593.01
		1640		16.3634		0.45681		342.607		-3935.61		-3593.01
		1650		16.4631		0.452484		339.363		-3932.37		-3593.01
		1660		16.5629		0.447676		335.757		-3928.76		-3593.01
		1670		16.6627		0.442696		332.022		-3925.03		-3593.01
		1680		16.7625		0.437899		328.424		-3921.43		-3593.01
		1690		16.8622		0.433613		325.21		-3918.22		-3593.01
		1700		16.962		0.430081		322.561		-3915.57		-3593.01
		1710		17.0618		0.427437		320.578		-3913.58		-3593.01
		1720		17.1616		0.425726		319.295		-3912.3		-3593.01
		1730		17.2613		0.424937		318.702		-3911.71		-3593.01
		1740		17.3611		0.425036		318.777		-3911.78		-3593.01
		1750		17.4609		0.425995		319.496		-3912.5		-3593.01
		1760		17.5607		0.427798		320.849		-3913.86		-3593.01
		1770		17.6604		0.430438		322.829		-3915.84		-3593.01
		1780		17.7602		0.43389		325.417		-3918.42		-3593.01
		1790		17.86		0.438092		328.569		-3921.58		-3593.01
		1800		17.9598		0.442935		332.201		-3925.21		-3593.01
		1810		18.0596		0.44827		336.203		-3929.21		-3593.01
		1820		18.1593		0.453918		340.439		-3933.45		-3593.01
		1830		18.2591		0.459677		344.758		-3937.77		-3593.01
		1840		18.3589		0.465319		348.99		-3942		-3593.01
		1850		18.4587		0.470596		352.947		-3945.95		-3593.01
		1860		18.5584		0.475253		356.44		-3949.45		-3593.01
		1870		18.6582		0.479058		359.294		-3952.3		-3593.01
		1880		18.758		0.481822		361.366		-3954.37		-3593.01
		1890		18.8578		0.483422		362.567		-3955.57		-3593.01
		1900		18.9575		0.483818		362.864		-3955.87		-3593.01
		1910		19.0573		0.48306		362.295		-3955.3		-3593.01
		1920		19.1571		0.481291		360.968		-3953.98		-3593.01
		1930		19.2569		0.47873		359.047		-3952.05		-3593.01
		1940		19.3566		0.475642		356.732		-3949.74		-3593.01
		1950		19.4564		0.472299		354.224		-3947.23		-3593.01
		1960		19.5562		0.468938		351.704		-3944.71		-3593.01
		1970		19.656		0.46575		349.313		-3942.32		-3593.01
		1980		19.7558		0.462879		347.159		-3940.17		-3593.01
		1990		19.8555		0.460435		345.326		-3938.33		-3593.01
		2000		19.9553		0.458507		343.88		-3936.89		-3593.01
		2010		20.0551		0.457151		342.864		-3935.87		-3593.01
		2020		20.1549		0.456362		342.272		-3935.28		-3593.01
		2030		20.2546		0.456036		342.027		-3935.03		-3593.01
		2040		20.3544		0.455962		341.971		-3934.98		-3593.01
		2050		20.4542		0.455842		341.882		-3934.89		-3593.01
		2060		20.554		0.455358		341.519		-3934.53		-3593.01
		2070		20.6537		0.45424		340.68		-3933.69		-3593.01
		2080		20.7535		0.452329		339.247		-3932.25		-3593.01
		2090		20.8533		0.449609		337.207		-3930.21		-3593.01
		2100		20.9531		0.446201		334.651		-3927.66		-3593.01
		2110		21.0528		0.442337		331.753		-3924.76		-3593.01
		2120		21.1526		0.438322		328.741		-3921.75		-3593.01
		2130		21.2524		0.4345		325.875		-3918.88		-3593.01
		2140		21.3522		0.431212		323.409		-3916.42		-3593.01
		2150		21.452		0.428745		321.559		-3914.57		-3593.01
		2160		21.5517		0.427277		320.458		-3913.46		-3593.01
		2170		21.6515		0.426843		320.132		-3913.14		-3593.01
		2180		21.7513		0.427326		320.495		-3913.5		-3593.01
		2190		21.8511		0.428503		321.377		-3914.38		-3593.01
		2200		21.9508		0.430119		322.589		-3915.6		-3593.01
		2210		22.0506		0.431961		323.971		-3916.98		-3593.01
		2220		22.1504		0.433916		325.437		-3918.44		-3593.01
		2230		22.2502		0.435989		326.992		-3920		-3593.01
		2240		22.3499		0.438289		328.717		-3921.72		-3593.01
		2250		22.4497		0.440991		330.743		-3923.75		-3593.01
		2260		22.5495		0.444281		333.211		-3926.22		-3593.01
		2270		22.6493		0.448313		336.235		-3929.24		-3593.01
		2280		22.7491		0.453156		339.867		-3932.87		-3593.01
		2290		22.8488		0.458775		344.081		-3937.09		-3593.01
		2300		22.9486		0.465005		348.754		-3941.76		-3593.01
		2310		23.0484		0.471562		353.671		-3946.68		-3593.01
		2320		23.1482		0.478067		358.55		-3951.56		-3593.01
		2330		23.2479		0.484091		363.068		-3956.08		-3593.01
		2340		23.3477		0.489213		366.909		-3959.92		-3593.01
		2350		23.4475		0.493068		369.801		-3962.81		-3593.01
		2360		23.5473		0.495401		371.551		-3964.56		-3593.01
		2370		23.647		0.496087		372.065		-3965.07		-3593.01
		2380		23.7468		0.495146		371.359		-3964.37		-3593.01
		2390		23.8466		0.49273		369.547		-3962.55		-3593.01
		2400		23.9464		0.489087		366.816		-3959.82		-3593.01
		2410		24.0461		0.484519		363.389		-3956.4		-3593.01
		2420		24.1459		0.479324		359.493		-3952.5		-3593.01
		2430		24.2457		0.473757		355.318		-3948.33		-3593.01
		2440		24.3455		0.468004		351.003		-3944.01		-3593.01
		2450		24.4453		0.462179		346.634		-3939.64		-3593.01
		2460		24.545		0.456358		342.268		-3935.28		-3593.01
		2470		24.6448		0.450627		337.97		-3930.98		-3593.01
		2480		24.7446		0.445128		333.846		-3926.85		-3593.01
		2490		24.8444		0.440087		330.065		-3923.07		-3593.01
		2500		24.9441		0.435808		326.856		-3919.86		-3593.01
		2510		25.0439		0.432616		324.462		-3917.47		-3593.01
		2520		25.1437		0.430774		323.08		-3916.09		-3593.01
		2530		25.2435		0.430402		322.801		-3915.81		-3593.01
		2540		25.3432		0.431456		323.592		-3916.6		-3593.01
		2550		25.443		0.433766		325.324		-3918.33		-3593.01
		2560		25.5428		0.437099		327.825		-3920.83		-3593.01
		2570		25.6426		0.441214		330.911		-3923.92		-3593.01
		2580		25.7423		0.445865		334.399		-3927.41		-3593.01
		2590		25.8421		0.450782		338.086		-3931.09		-3593.01
		2600		25.9419		0.455665		341.749		-3934.76		-3593.01
		2610		26.0417		0.460205		345.154		-3938.16		-3593.01
		2620		26.1415		0.464119		348.089		-3941.1		-3593.01
		2630		26.2412		0.467193		350.395		-3943.4		-3593.01
		2640		26.341		0.469302		351.976		-3944.98		-3593.01
		2650		26.4408		0.470415		352.812		-3945.82		-3593.01
		2660		26.5406		0.470587		352.94		-3945.95		-3593.01
		2670		26.6403		0.469942		352.457		-3945.46		-3593.01
		2680		26.7401		0.46866		351.495		-3944.5		-3593.01
		2690		26.8399		0.466955		350.216		-3943.22		-3593.01
		2700		26.9397		0.465051		348.789		-3941.8		-3593.01
		2710		27.0394		0.463159		347.369		-3940.38		-3593.01
		2720		27.1392		0.461433		346.075		-3939.08		-3593.01
		2730		27.239		0.459947		344.96		-3937.97		-3593.01
		2740		27.3388		0.458676		344.007		-3937.01		-3593.01
		2750		27.4385		0.457498		343.124		-3936.13		-3593.01
		2760		27.5383		0.456229		342.172		-3935.18		-3593.01
		2770		27.6381		0.454669		341.002		-3934.01		-3593.01
		2780		27.7379		0.452666		339.5		-3932.51		-3593.01
		2790		27.8377		0.450176		337.632		-3930.64		-3593.01
		2800		27.9374		0.447303		335.477		-3928.48		-3593.01
		2810		28.0372		0.444316		333.237		-3926.24		-3593.01
		2820		28.137		0.44161		331.207		-3924.21		-3593.01
		2830		28.2368		0.439623		329.717		-3922.72		-3593.01
		2840		28.3365		0.438719		329.039		-3922.05		-3593.01
		2850		28.4363		0.439079		329.309		-3922.32		-3593.01
		2860		28.5361		0.440656		330.492		-3923.5		-3593.01
		2870		28.6359		0.443209		332.406		-3925.41		-3593.01
		2880		28.7356		0.446386		334.79		-3927.8		-3593.01
		2890		28.8354		0.449821		337.365		-3930.37		-3593.01
		2900		28.9352		0.453189		339.892		-3932.9		-3593.01
		2910		29.035		0.456242		342.181		-3935.19		-3593.01
		2920		29.1347		0.458807		344.105		-3937.11		-3593.01
		2930		29.2345		0.460772		345.579		-3938.59		-3593.01
		2940		29.3343		0.462067		346.55		-3939.56		-3593.01
		2950		29.4341		0.462645		346.984		-3939.99		-3593.01
		2960		29.5339		0.462479		346.859		-3939.87		-3593.01
		2970		29.6336		0.461574		346.18		-3939.19		-3593.01
		2980		29.7334		0.459974		344.98		-3937.99		-3593.01
		2990		29.8332		0.457776		343.332		-3936.34		-3593.01
		3000		29.933		0.455131		341.348		-3934.36		-3593.01
		3010		30.0327		0.452227		339.171		-3932.18		-3593.01
		3020		30.1325		0.449265		336.949		-3929.96		-3593.01
		3030		30.2323		0.446424		334.818		-3927.82		-3593.01
		3040		30.3321		0.443849		332.887		-3925.89		-3593.01
		3050		30.4318		0.441653		331.24		-3924.25		-3593.01
		3060		30.5316		0.439928		329.946		-3922.95		-3593.01
		3070		30.6314		0.438738		329.053		-3922.06		-3593.01
		3080		30.7312		0.438109		328.582		-3921.59		-3593.01
		3090		30.8309		0.438017		328.513		-3921.52		-3593.01
		3100		30.9307		0.438385		328.789		-3921.8		-3593.01
		3110		31.0305		0.439111		329.333		-3922.34		-3593.01
		3120		31.1303		0.440086		330.065		-3923.07		-3593.01
		3130		31.2301		0.441223		330.917		-3923.92		-3593.01
		3140		31.3298		0.44246		331.845		-3924.85		-3593.01
		3150		31.4296		0.443772		332.829		-3925.84		-3593.01
		3160		31.5294		0.445168		333.876		-3926.88		-3593.01
		3170		31.6292		0.446695		335.022		-3928.03		-3593.01
		3180		31.7289		0.44844		336.33		-3929.34		-3593.01
		3190		31.8287		0.450514		337.885		-3930.89		-3593.01
		3200		31.9285		0.453028		339.771		-3932.78		-3593.01
		3210		32.0283		0.456063		342.047		-3935.05		-3593.01
		3220		32.128		0.459628		344.721		-3937.73		-3593.01
		3230		32.2278		0.463634		347.725		-3940.73		-3593.01
		3240		32.3276		0.467886		350.915		-3943.92		-3593.01
		3250		32.4274		0.472109		354.082		-3947.09		-3593.01
		3260		32.5272		0.475983		356.988		-3949.99		-3593.01
		3270		32.6269		0.479201		359.401		-3952.41		-3593.01
		3280		32.7267		0.481501		361.126		-3954.13		-3593.01
		3290		32.8265		0.482704		362.028		-3955.04		-3593.01
		3300		32.9263		0.482729		362.047		-3955.05		-3593.01
		3310		33.026		0.481601		361.201		-3954.21		-3593.01
		3320		33.1258		0.479443		359.583		-3952.59		-3593.01
		3330		33.2256		0.476454		357.341		-3950.35		-3593.01
		3340		33.3254		0.472861		354.646		-3947.65		-3593.01
		3350		33.4251		0.468877		351.658		-3944.66		-3593.01
		3360		33.5249		0.464678		348.508		-3941.52		-3593.01
		3370		33.6247		0.460402		345.301		-3938.31		-3593.01
		3380		33.7245		0.456172		342.129		-3935.14		-3593.01
		3390		33.8242		0.452114		339.086		-3932.09		-3593.01
		3400		33.924		0.44837		336.277		-3929.28		-3593.01
		3410		34.0238		0.445091		333.818		-3926.83		-3593.01
		3420		34.1236		0.442436		331.827		-3924.83		-3593.01
		3430		34.2234		0.440548		330.411		-3923.42		-3593.01
		3440		34.3231		0.439539		329.654		-3922.66		-3593.01
		3450		34.4229		0.439459		329.594		-3922.6		-3593.01
		3460		34.5227		0.440266		330.2		-3923.21		-3593.01
		3470		34.6225		0.441821		331.366		-3924.37		-3593.01
		3480		34.7222		0.443895		332.922		-3925.93		-3593.01
		3490		34.822		0.446209		334.657		-3927.66		-3593.01
		3500		34.9218		0.448489		336.367		-3929.37		-3593.01
		3510		35.0216		0.450519		337.889		-3930.9		-3593.01
		3520		35.1213		0.452181		339.136		-3932.14		-3593.01
		3530		35.2211		0.453462		340.096		-3933.1		-3593.01
		3540		35.3209		0.454429		340.822		-3933.83		-3593.01
		3550		35.4207		0.455194		341.396		-3934.4		-3593.01
		3560		35.5204		0.455853		341.89		-3934.9		-3593.01
		3570		35.6202		0.456449		342.337		-3935.34		-3593.01
		3580		35.72		0.456954		342.715		-3935.72		-3593.01
		3590		35.8198		0.45728		342.96		-3935.97		-3593.01
		3600		35.9196		0.457305		342.979		-3935.99		-3593.01
		3610		36.0193		0.456907		342.68		-3935.69		-3593.01
		3620		36.1191		0.455991		341.993		-3935		-3593.01
		3630		36.2189		0.454514		340.886		-3933.89		-3593.01
		3640		36.3187		0.452497		339.373		-3932.38		-3593.01
		3650		36.4184		0.450033		337.525		-3930.53		-3593.01
		3660		36.5182		0.447283		335.462		-3928.47		-3593.01
		3670		36.618		0.444473		333.355		-3926.36		-3593.01
		3680		36.7178		0.441878		331.409		-3924.42		-3593.01
		3690		36.8175		0.439794		329.846		-3922.85		-3593.01
		3700		36.9173		0.438498		328.874		-3921.88		-3593.01
		3710		37.0171		0.438196		328.647		-3921.65		-3593.01
		3720		37.1169		0.438974		329.23		-3922.24		-3593.01
		3730		37.2166		0.440764		330.573		-3923.58		-3593.01
		3740		37.3164		0.443357		332.518		-3925.52		-3593.01
		3750		37.4162		0.446434		334.826		-3927.83		-3593.01
		3760		37.516		0.449642		337.231		-3930.24		-3593.01
		3770		37.6158		0.452659		339.494		-3932.5		-3593.01
		3780		37.7155		0.455261		341.445		-3934.45		-3593.01
		3790		37.8153		0.457341		343.006		-3936.01		-3593.01
		3800		37.9151		0.458916		344.187		-3937.19		-3593.01
		3810		38.0149		0.460097		345.073		-3938.08		-3593.01
		3820		38.1146		0.461044		345.783		-3938.79		-3593.01
		3830		38.2144		0.461917		346.438		-3939.44		-3593.01
		3840		38.3142		0.46283		347.122		-3940.13		-3593.01
		3850		38.414		0.463828		347.871		-3940.88		-3593.01
		3860		38.5137		0.464882		348.661		-3941.67		-3593.01
		3870		38.6135		0.465896		349.422		-3942.43		-3593.01
		3880		38.7133		0.466728		350.046		-3943.05		-3593.01
		3890		38.8131		0.467206		350.404		-3943.41		-3593.01
		3900		38.9128		0.467155		350.366		-3943.37		-3593.01
		3910		39.0126		0.466425		349.819		-3942.83		-3593.01
		3920		39.1124		0.464922		348.691		-3941.7		-3593.01
		3930		39.2122		0.46263		346.973		-3939.98		-3593.01
		3940		39.312		0.459632		344.724		-3937.73		-3593.01
		3950		39.4117		0.456103		342.077		-3935.08		-3593.01
		3960		39.5115		0.452305		339.229		-3932.24		-3593.01
		3970		39.6113		0.448558		336.419		-3929.43		-3593.01
		3980		39.7111		0.445201		333.901		-3926.91		-3593.01
		3990		39.8108		0.442541		331.906		-3924.91		-3593.01
