		timesteps		t		Temperature		Kin		Pot		TotalE
		1		0.00997765		0.391292		293.469		-2.58571		290.883
		1		0.00997765		0.391292		293.469		-2.58571		290.883
		2		0.0199553		0.391292		293.469		-2.58567		290.883
		3		0.029933		0.391291		293.468		-2.58564		290.883
		4		0.0399106		0.391291		293.468		-2.58561		290.882
		5		0.0498883		0.39129		293.468		-2.58557		290.882
		6		0.0598659		0.39129		293.467		-2.58554		290.882
		7		0.0698436		0.39129		293.467		-2.5855		290.882
		8		0.0798212		0.391289		293.467		-2.58547		290.881
		9		0.0897989		0.391289		293.467		-2.58544		290.881
		10		0.0997765		0.391289		293.466		-2.5854		290.881
		11		0.109754		0.391288		293.466		-2.58537		290.881
		12		0.119732		0.391288		293.466		-2.58534		290.88
		13		0.129709		0.391287		293.466		-2.58531		290.88
		14		0.139687		0.391287		293.465		-2.58527		290.88
		15		0.149665		0.391287		293.465		-2.58524		290.88
		16		0.159642		0.391286		293.465		-2.58521		290.88
		17		0.16962		0.391286		293.465		-2.58518		290.879
		18		0.179598		0.391286		293.464		-2.58514		290.879
		19		0.189575		0.391285		293.464		-2.58511		290.879
		20		0.199553		0.391285		293.464		-2.58508		290.879
		21		0.209531		0.391285		293.464		-2.58505		290.878
		22		0.219508		0.391284		293.463		-2.58501		290.878
		23		0.229486		0.391284		293.463		-2.58498		290.878
		24		0.239464		0.391284		293.463		-2.58495		290.878
		25		0.249441		0.391283		293.463		-2.58492		290.878
		26		0.259419		0.391283		293.462		-2.58489		290.877
		27		0.269397		0.391283		293.462		-2.58486		290.877
		28		0.279374		0.391282		293.462		-2.58483		290.877
		29		0.289352		0.391282		293.462		-2.58479		290.877
		30		0.29933		0.391282		293.461		-2.58476		290.877
		31		0.309307		0.391282		293.461		-2.58473		290.876
		32		0.319285		0.391281		293.461		-2.5847		290.876
		33		0.329263		0.391281		293.461		-2.58467		290.876
		34		0.33924		0.391281		293.461		-2.58464		290.876
		35		0.349218		0.39128		293.46		-2.58461		290.876
		36		0.359196		0.39128		293.46		-2.58458		290.876
		37		0.369173		0.39128		293.46		-2.58455		290.875
		38		0.379151		0.39128		293.46		-2.58452		290.875
		39		0.389128		0.391279		293.459		-2.58449		290.875
		40		0.399106		0.391279		293.459		-2.58446		290.875
		41		0.409084		0.391279		293.459		-2.58443		290.875
		42		0.419061		0.391278		293.459		-2.5844		290.874
		43		0.429039		0.391278		293.459		-2.58437		290.874
		44		0.439017		0.391278		293.458		-2.58434		290.874
		45		0.448994		0.391278		293.458		-2.58431		290.874
		46		0.458972		0.391277		293.458		-2.58428		290.874
		47		0.46895		0.391277		293.458		-2.58425		290.874
		48		0.478927		0.391277		293.458		-2.58423		290.874
		49		0.488905		0.391277		293.458		-2.5842		290.873
		50		0.498883		0.391277		293.457		-2.58417		290.873
		51		0.50886		0.391276		293.457		-2.58414		290.873
		51		0.50886		0.391276		293.457		-2.58414		290.873
		52		0.518838		0.391276		293.457		-2.58411		290.873
		53		0.528816		0.391276		293.457		-2.58408		290.873
		54		0.538793		0.391276		293.457		-2.58405		290.873
		55		0.548771		0.391275		293.457		-2.58403		290.873
		56		0.558749		0.391275		293.456		-2.584		290.872
		57		0.568726		0.391275		293.456		-2.58397		290.872
		58		0.578704		0.391275		293.456		-2.58394		290.872
		59		0.588682		0.391275		293.456		-2.58391		290.872
		60		0.598659		0.391274		293.456		-2.58389		290.872
		61		0.608637		0.391274		293.456		-2.58386		290.872
		62		0.618615		0.391274		293.455		-2.58383		290.872
		63		0.628592		0.391274		293.455		-2.58381		290.872
		64		0.63857		0.391274		293.455		-2.58378		290.871
		65		0.648547		0.391273		293.455		-2.58375		290.871
		66		0.658525		0.391273		293.455		-2.58372		290.871
		67		0.668503		0.391273		293.455		-2.5837		290.871
		68		0.67848		0.391273		293.455		-2.58367		290.871
		69		0.688458		0.391273		293.455		-2.58364		290.871
		70		0.698436		0.391272		293.454		-2.58362		290.871
		71		0.708413		0.391272		293.454		-2.58359		290.871
		72		0.718391		0.391272		293.454		-2.58357		290.871
		73		0.728369		0.391272		293.454		-2.58354		290.87
		74		0.738346		0.391272		293.454		-2.58351		290.87
		75		0.748324		0.391272		293.454		-2.58349		290.87
		76		0.758302		0.391272		293.454		-2.58346		290.87
		77		0.768279		0.391271		293.454		-2.58344		290.87
		78		0.778257		0.391271		293.453		-2.58341		290.87
		79		0.788235		0.391271		293.453		-2.58339		290.87
		80		0.798212		0.391271		293.453		-2.58336		290.87
		81		0.80819		0.391271		293.453		-2.58334		290.87
		82		0.818168		0.391271		293.453		-2.58331		290.87
		83		0.828145		0.391271		293.453		-2.58329		290.87
		84		0.838123		0.39127		293.453		-2.58326		290.87
		85		0.848101		0.39127		293.453		-2.58324		290.87
		86		0.858078		0.39127		293.453		-2.58321		290.869
		87		0.868056		0.39127		293.453		-2.58319		290.869
		88		0.878034		0.39127		293.453		-2.58316		290.869
		89		0.888011		0.39127		293.452		-2.58314		290.869
		90		0.897989		0.39127		293.452		-2.58311		290.869
		91		0.907966		0.39127		293.452		-2.58309		290.869
		92		0.917944		0.39127		293.452		-2.58307		290.869
		93		0.927922		0.39127		293.452		-2.58304		290.869
		94		0.937899		0.391269		293.452		-2.58302		290.869
		95		0.947877		0.391269		293.452		-2.583		290.869
		96		0.957855		0.391269		293.452		-2.58297		290.869
		97		0.967832		0.391269		293.452		-2.58295		290.869
		98		0.97781		0.391269		293.452		-2.58293		290.869
		99		0.987788		0.391269		293.452		-2.5829		290.869
		100		0.997765		0.391269		293.452		-2.58288		290.869
		101		1.00774		0.391269		293.452		-2.58286		290.869
		101		1.00774		0.391269		293.452		-2.58286		290.869
		102		1.01772		0.391269		293.452		-2.58283		290.869
		103		1.0277		0.391269		293.452		-2.58281		290.869
		104		1.03768		0.391269		293.452		-2.58279		290.869
		105		1.04765		0.391269		293.451		-2.58277		290.869
		106		1.05763		0.391269		293.451		-2.58275		290.869
		107		1.06761		0.391269		293.451		-2.58272		290.869
		108		1.07759		0.391269		293.451		-2.5827		290.869
		109		1.08756		0.391268		293.451		-2.58268		290.869
		110		1.09754		0.391268		293.451		-2.58266		290.869
		111		1.10752		0.391268		293.451		-2.58264		290.869
		112		1.1175		0.391268		293.451		-2.58261		290.869
		113		1.12747		0.391268		293.451		-2.58259		290.869
		114		1.13745		0.391268		293.451		-2.58257		290.869
		115		1.14743		0.391268		293.451		-2.58255		290.869
		116		1.15741		0.391268		293.451		-2.58253		290.869
		117		1.16739		0.391268		293.451		-2.58251		290.869
		118		1.17736		0.391268		293.451		-2.58249		290.869
		119		1.18734		0.391268		293.451		-2.58247		290.869
		120		1.19732		0.391268		293.451		-2.58245		290.869
		121		1.2073		0.391268		293.451		-2.58243		290.869
		122		1.21727		0.391268		293.451		-2.58241		290.869
		123		1.22725		0.391268		293.451		-2.58239		290.869
		124		1.23723		0.391268		293.451		-2.58237		290.869
		125		1.24721		0.391268		293.451		-2.58235		290.869
		126		1.25718		0.391268		293.451		-2.58233		290.869
		127		1.26716		0.391268		293.451		-2.58231		290.869
		128		1.27714		0.391268		293.451		-2.58229		290.869
		129		1.28712		0.391268		293.451		-2.58227		290.869
		130		1.29709		0.391268		293.451		-2.58225		290.869
		131		1.30707		0.391268		293.451		-2.58223		290.869
		132		1.31705		0.391268		293.451		-2.58221		290.869
		133		1.32703		0.391269		293.451		-2.58219		290.869
		134		1.33701		0.391269		293.451		-2.58217		290.869
		135		1.34698		0.391269		293.451		-2.58215		290.869
		136		1.35696		0.391269		293.452		-2.58213		290.869
		137		1.36694		0.391269		293.452		-2.58212		290.869
		138		1.37692		0.391269		293.452		-2.5821		290.869
		139		1.38689		0.391269		293.452		-2.58208		290.87
		140		1.39687		0.391269		293.452		-2.58206		290.87
		141		1.40685		0.391269		293.452		-2.58204		290.87
		142		1.41683		0.391269		293.452		-2.58203		290.87
		143		1.4268		0.391269		293.452		-2.58201		290.87
		144		1.43678		0.391269		293.452		-2.58199		290.87
		145		1.44676		0.391269		293.452		-2.58197		290.87
		146		1.45674		0.391269		293.452		-2.58195		290.87
		147		1.46672		0.391269		293.452		-2.58194		290.87
		148		1.47669		0.39127		293.452		-2.58192		290.87
		149		1.48667		0.39127		293.452		-2.5819		290.87
		150		1.49665		0.39127		293.452		-2.58189		290.87
		151		1.50663		0.39127		293.452		-2.58187		290.871
		151		1.50663		0.39127		293.452		-2.58187		290.871
		152		1.5166		0.39127		293.452		-2.58185		290.871
		153		1.52658		0.39127		293.453		-2.58184		290.871
		154		1.53656		0.39127		293.453		-2.58182		290.871
		155		1.54654		0.39127		293.453		-2.5818		290.871
		156		1.55651		0.39127		293.453		-2.58179		290.871
		157		1.56649		0.391271		293.453		-2.58177		290.871
		158		1.57647		0.391271		293.453		-2.58176		290.871
		159		1.58645		0.391271		293.453		-2.58174		290.871
		160		1.59642		0.391271		293.453		-2.58172		290.871
		161		1.6064		0.391271		293.453		-2.58171		290.872
		162		1.61638		0.391271		293.453		-2.58169		290.872
		163		1.62636		0.391271		293.454		-2.58168		290.872
		164		1.63634		0.391271		293.454		-2.58166		290.872
		165		1.64631		0.391272		293.454		-2.58165		290.872
		166		1.65629		0.391272		293.454		-2.58163		290.872
		167		1.66627		0.391272		293.454		-2.58162		290.872
		168		1.67625		0.391272		293.454		-2.5816		290.872
		169		1.68622		0.391272		293.454		-2.58159		290.873
		170		1.6962		0.391272		293.454		-2.58157		290.873
		171		1.70618		0.391273		293.454		-2.58156		290.873
		172		1.71616		0.391273		293.455		-2.58154		290.873
		173		1.72613		0.391273		293.455		-2.58153		290.873
		174		1.73611		0.391273		293.455		-2.58152		290.873
		175		1.74609		0.391273		293.455		-2.5815		290.873
		176		1.75607		0.391274		293.455		-2.58149		290.874
		177		1.76604		0.391274		293.455		-2.58148		290.874
		178		1.77602		0.391274		293.455		-2.58146		290.874
		179		1.786		0.391274		293.456		-2.58145		290.874
		180		1.79598		0.391274		293.456		-2.58144		290.874
		181		1.80596		0.391275		293.456		-2.58142		290.874
		182		1.81593		0.391275		293.456		-2.58141		290.875
		183		1.82591		0.391275		293.456		-2.5814		290.875
		184		1.83589		0.391275		293.456		-2.58138		290.875
		185		1.84587		0.391275		293.457		-2.58137		290.875
		186		1.85584		0.391276		293.457		-2.58136		290.875
		187		1.86582		0.391276		293.457		-2.58135		290.876
		188		1.8758		0.391276		293.457		-2.58133		290.876
		189		1.88578		0.391276		293.457		-2.58132		290.876
		190		1.89575		0.391277		293.457		-2.58131		290.876
		191		1.90573		0.391277		293.458		-2.5813		290.876
		192		1.91571		0.391277		293.458		-2.58129		290.876
		193		1.92569		0.391277		293.458		-2.58127		290.877
		194		1.93566		0.391277		293.458		-2.58126		290.877
		195		1.94564		0.391278		293.458		-2.58125		290.877
		196		1.95562		0.391278		293.458		-2.58124		290.877
		197		1.9656		0.391278		293.459		-2.58123		290.877
		198		1.97558		0.391279		293.459		-2.58122		290.878
		199		1.98555		0.391279		293.459		-2.58121		290.878
		200		1.99553		0.391279		293.459		-2.5812		290.878
		201		2.00551		0.391279		293.459		-2.58119		290.878
		201		2.00551		0.391279		293.459		-2.58119		290.878
		202		2.01549		0.39128		293.46		-2.58117		290.879
		203		2.02546		0.39128		293.46		-2.58116		290.879
		204		2.03544		0.39128		293.46		-2.58115		290.879
		205		2.04542		0.39128		293.46		-2.58114		290.879
		206		2.0554		0.391281		293.461		-2.58113		290.879
		207		2.06537		0.391281		293.461		-2.58112		290.88
		208		2.07535		0.391281		293.461		-2.58111		290.88
		209		2.08533		0.391282		293.461		-2.5811		290.88
		210		2.09531		0.391282		293.461		-2.58109		290.88
		211		2.10528		0.391282		293.462		-2.58109		290.881
		212		2.11526		0.391283		293.462		-2.58108		290.881
		213		2.12524		0.391283		293.462		-2.58107		290.881
		214		2.13522		0.391283		293.462		-2.58106		290.881
		215		2.1452		0.391284		293.463		-2.58105		290.882
		216		2.15517		0.391284		293.463		-2.58104		290.882
		217		2.16515		0.391284		293.463		-2.58103		290.882
		218		2.17513		0.391285		293.463		-2.58102		290.882
		219		2.18511		0.391285		293.464		-2.58101		290.883
		220		2.19508		0.391285		293.464		-2.58101		290.883
		221		2.20506		0.391286		293.464		-2.581		290.883
		222		2.21504		0.391286		293.464		-2.58099		290.883
		223		2.22502		0.391286		293.465		-2.58098		290.884
		224		2.23499		0.391287		293.465		-2.58097		290.884
		225		2.24497		0.391287		293.465		-2.58097		290.884
		226		2.25495		0.391287		293.465		-2.58096		290.885
		227		2.26493		0.391288		293.466		-2.58095		290.885
		228		2.27491		0.391288		293.466		-2.58095		290.885
		229		2.28488		0.391288		293.466		-2.58094		290.885
		230		2.29486		0.391289		293.467		-2.58093		290.886
		231		2.30484		0.391289		293.467		-2.58092		290.886
		232		2.31482		0.39129		293.467		-2.58092		290.886
		233		2.32479		0.39129		293.467		-2.58091		290.887
		234		2.33477		0.39129		293.468		-2.5809		290.887
		235		2.34475		0.391291		293.468		-2.5809		290.887
		236		2.35473		0.391291		293.468		-2.58089		290.887
		237		2.3647		0.391291		293.469		-2.58089		290.888
		238		2.37468		0.391292		293.469		-2.58088		290.888
		239		2.38466		0.391292		293.469		-2.58087		290.888
		240		2.39464		0.391293		293.47		-2.58087		290.889
		241		2.40461		0.391293		293.47		-2.58086		290.889
		242		2.41459		0.391294		293.47		-2.58086		290.889
		243		2.42457		0.391294		293.47		-2.58085		290.89
		244		2.43455		0.391294		293.471		-2.58085		290.89
		245		2.44453		0.391295		293.471		-2.58084		290.89
		246		2.4545		0.391295		293.471		-2.58084		290.891
		247		2.46448		0.391296		293.472		-2.58083		290.891
		248		2.47446		0.391296		293.472		-2.58083		290.891
		249		2.48444		0.391297		293.472		-2.58082		290.892
		250		2.49441		0.391297		293.473		-2.58082		290.892
		251		2.50439		0.391297		293.473		-2.58081		290.892
		251		2.50439		0.391297		293.473		-2.58081		290.892
		252		2.51437		0.391298		293.473		-2.58081		290.893
		253		2.52435		0.391298		293.474		-2.58081		290.893
		254		2.53432		0.391299		293.474		-2.5808		290.893
		255		2.5443		0.391299		293.474		-2.5808		290.894
		256		2.55428		0.3913		293.475		-2.58079		290.894
		257		2.56426		0.3913		293.475		-2.58079		290.894
		258		2.57423		0.391301		293.476		-2.58079		290.895
		259		2.58421		0.391301		293.476		-2.58078		290.895
		260		2.59419		0.391302		293.476		-2.58078		290.895
		261		2.60417		0.391302		293.477		-2.58078		290.896
		262		2.61415		0.391303		293.477		-2.58077		290.896
		263		2.62412		0.391303		293.477		-2.58077		290.897
		264		2.6341		0.391304		293.478		-2.58077		290.897
		265		2.64408		0.391304		293.478		-2.58077		290.897
		266		2.65406		0.391305		293.478		-2.58076		290.898
		267		2.66403		0.391305		293.479		-2.58076		290.898
		268		2.67401		0.391306		293.479		-2.58076		290.898
		269		2.68399		0.391306		293.48		-2.58076		290.899
		270		2.69397		0.391307		293.48		-2.58076		290.899
		271		2.70394		0.391307		293.48		-2.58075		290.9
		272		2.71392		0.391308		293.481		-2.58075		290.9
		273		2.7239		0.391308		293.481		-2.58075		290.9
		274		2.73388		0.391309		293.482		-2.58075		290.901
		275		2.74385		0.391309		293.482		-2.58075		290.901
		276		2.75383		0.39131		293.482		-2.58075		290.902
		277		2.76381		0.39131		293.483		-2.58075		290.902
		278		2.77379		0.391311		293.483		-2.58075		290.902
		279		2.78377		0.391311		293.484		-2.58075		290.903
		280		2.79374		0.391312		293.484		-2.58075		290.903
		281		2.80372		0.391313		293.484		-2.58074		290.904
		282		2.8137		0.391313		293.485		-2.58074		290.904
		283		2.82368		0.391314		293.485		-2.58074		290.904
		284		2.83365		0.391314		293.486		-2.58074		290.905
		285		2.84363		0.391315		293.486		-2.58074		290.905
		286		2.85361		0.391315		293.487		-2.58074		290.906
		287		2.86359		0.391316		293.487		-2.58075		290.906
		288		2.87356		0.391317		293.487		-2.58075		290.907
		289		2.88354		0.391317		293.488		-2.58075		290.907
		290		2.89352		0.391318		293.488		-2.58075		290.908
		291		2.9035		0.391318		293.489		-2.58075		290.908
		292		2.91347		0.391319		293.489		-2.58075		290.908
		293		2.92345		0.391319		293.49		-2.58075		290.909
		294		2.93343		0.39132		293.49		-2.58075		290.909
		295		2.94341		0.391321		293.49		-2.58075		290.91
		296		2.95339		0.391321		293.491		-2.58075		290.91
		297		2.96336		0.391322		293.491		-2.58076		290.911
		298		2.97334		0.391322		293.492		-2.58076		290.911
		299		2.98332		0.391323		293.492		-2.58076		290.912
		300		2.9933		0.391324		293.493		-2.58076		290.912
		301		3.00327		0.391324		293.493		-2.58076		290.913
		301		3.00327		0.391324		293.493		-2.58076		290.913
		302		3.01325		0.391325		293.494		-2.58077		290.913
		303		3.02323		0.391326		293.494		-2.58077		290.913
		304		3.03321		0.391326		293.495		-2.58077		290.914
		305		3.04318		0.391327		293.495		-2.58077		290.914
		306		3.05316		0.391328		293.496		-2.58078		290.915
		307		3.06314		0.391328		293.496		-2.58078		290.915
		308		3.07312		0.391329		293.497		-2.58078		290.916
		309		3.08309		0.391329		293.497		-2.58079		290.916
		310		3.09307		0.39133		293.498		-2.58079		290.917
		311		3.10305		0.391331		293.498		-2.58079		290.917
		312		3.11303		0.391331		293.499		-2.5808		290.918
		313		3.12301		0.391332		293.499		-2.5808		290.918
		314		3.13298		0.391333		293.5		-2.58081		290.919
		315		3.14296		0.391333		293.5		-2.58081		290.919
		316		3.15294		0.391334		293.501		-2.58081		290.92
		317		3.16292		0.391335		293.501		-2.58082		290.92
		318		3.17289		0.391336		293.502		-2.58082		290.921
		319		3.18287		0.391336		293.502		-2.58083		290.921
		320		3.19285		0.391337		293.503		-2.58083		290.922
		321		3.20283		0.391338		293.503		-2.58084		290.922
		322		3.2128		0.391338		293.504		-2.58084		290.923
		323		3.22278		0.391339		293.504		-2.58085		290.923
		324		3.23276		0.39134		293.505		-2.58085		290.924
		325		3.24274		0.39134		293.505		-2.58086		290.924
		326		3.25272		0.391341		293.506		-2.58086		290.925
		327		3.26269		0.391342		293.506		-2.58087		290.926
		328		3.27267		0.391343		293.507		-2.58087		290.926
		329		3.28265		0.391343		293.507		-2.58088		290.927
		330		3.29263		0.391344		293.508		-2.58089		290.927
		331		3.3026		0.391345		293.509		-2.58089		290.928
		332		3.31258		0.391346		293.509		-2.5809		290.928
		333		3.32256		0.391346		293.51		-2.58091		290.929
		334		3.33254		0.391347		293.51		-2.58091		290.929
		335		3.34251		0.391348		293.511		-2.58092		290.93
		336		3.35249		0.391349		293.511		-2.58093		290.93
		337		3.36247		0.391349		293.512		-2.58093		290.931
		338		3.37245		0.39135		293.513		-2.58094		290.932
		339		3.38242		0.391351		293.513		-2.58095		290.932
		340		3.3924		0.391352		293.514		-2.58096		290.933
		341		3.40238		0.391352		293.514		-2.58096		290.933
		342		3.41236		0.391353		293.515		-2.58097		290.934
		343		3.42234		0.391354		293.515		-2.58098		290.934
		344		3.43231		0.391355		293.516		-2.58099		290.935
		345		3.44229		0.391355		293.517		-2.58099		290.936
		346		3.45227		0.391356		293.517		-2.581		290.936
		347		3.46225		0.391357		293.518		-2.58101		290.937
		348		3.47222		0.391358		293.518		-2.58102		290.937
		349		3.4822		0.391359		293.519		-2.58103		290.938
		350		3.49218		0.391359		293.52		-2.58104		290.939
		351		3.50216		0.39136		293.52		-2.58105		290.939
		351		3.50216		0.39136		293.52		-2.58105		290.939
		352		3.51213		0.391361		293.521		-2.58106		290.94
		353		3.52211		0.391362		293.521		-2.58106		290.94
		354		3.53209		0.391363		293.522		-2.58107		290.941
		355		3.54207		0.391363		293.523		-2.58108		290.942
		356		3.55204		0.391364		293.523		-2.58109		290.942
		357		3.56202		0.391365		293.524		-2.5811		290.943
		358		3.572		0.391366		293.524		-2.58111		290.943
		359		3.58198		0.391367		293.525		-2.58112		290.944
		360		3.59196		0.391368		293.526		-2.58113		290.945
		361		3.60193		0.391368		293.526		-2.58114		290.945
		362		3.61191		0.391369		293.527		-2.58115		290.946
		363		3.62189		0.39137		293.528		-2.58116		290.946
		364		3.63187		0.391371		293.528		-2.58117		290.947
		365		3.64184		0.391372		293.529		-2.58119		290.948
		366		3.65182		0.391373		293.53		-2.5812		290.948
		367		3.6618		0.391374		293.53		-2.58121		290.949
		368		3.67178		0.391374		293.531		-2.58122		290.95
		369		3.68175		0.391375		293.532		-2.58123		290.95
		370		3.69173		0.391376		293.532		-2.58124		290.951
		371		3.70171		0.391377		293.533		-2.58125		290.952
		372		3.71169		0.391378		293.533		-2.58127		290.952
		373		3.72166		0.391379		293.534		-2.58128		290.953
		374		3.73164		0.39138		293.535		-2.58129		290.954
		375		3.74162		0.391381		293.535		-2.5813		290.954
		376		3.7516		0.391382		293.536		-2.58131		290.955
		377		3.76158		0.391382		293.537		-2.58133		290.956
		378		3.77155		0.391383		293.538		-2.58134		290.956
		379		3.78153		0.391384		293.538		-2.58135		290.957
		380		3.79151		0.391385		293.539		-2.58137		290.958
		381		3.80149		0.391386		293.54		-2.58138		290.958
		382		3.81146		0.391387		293.54		-2.58139		290.959
		383		3.82144		0.391388		293.541		-2.5814		290.96
		384		3.83142		0.391389		293.542		-2.58142		290.96
		385		3.8414		0.39139		293.542		-2.58143		290.961
		386		3.85137		0.391391		293.543		-2.58145		290.962
		387		3.86135		0.391392		293.544		-2.58146		290.962
		388		3.87133		0.391393		293.544		-2.58147		290.963
		389		3.88131		0.391394		293.545		-2.58149		290.964
		390		3.89128		0.391395		293.546		-2.5815		290.964
		391		3.90126		0.391395		293.547		-2.58152		290.965
		392		3.91124		0.391396		293.547		-2.58153		290.966
		393		3.92122		0.391397		293.548		-2.58155		290.966
		394		3.9312		0.391398		293.549		-2.58156		290.967
		395		3.94117		0.391399		293.549		-2.58158		290.968
		396		3.95115		0.3914		293.55		-2.58159		290.969
		397		3.96113		0.391401		293.551		-2.58161		290.969
		398		3.97111		0.391402		293.552		-2.58162		290.97
		399		3.98108		0.391403		293.552		-2.58164		290.971
		400		3.99106		0.391404		293.553		-2.58165		290.972
		401		4.00104		0.391405		293.554		-2.58167		290.972
		401		4.00104		0.391405		293.554		-2.58167		290.972
		402		4.01102		0.391406		293.555		-2.58168		290.973
		403		4.02099		0.391407		293.555		-2.5817		290.974
		404		4.03097		0.391408		293.556		-2.58172		290.974
		405		4.04095		0.391409		293.557		-2.58173		290.975
		406		4.05093		0.39141		293.558		-2.58175		290.976
		407		4.0609		0.391411		293.558		-2.58177		290.977
		408		4.07088		0.391412		293.559		-2.58178		290.977
		409		4.08086		0.391413		293.56		-2.5818		290.978
		410		4.09084		0.391414		293.561		-2.58182		290.979
		411		4.10082		0.391415		293.561		-2.58184		290.98
		412		4.11079		0.391416		293.562		-2.58185		290.98
		413		4.12077		0.391417		293.563		-2.58187		290.981
		414		4.13075		0.391418		293.564		-2.58189		290.982
		415		4.14073		0.391419		293.565		-2.58191		290.983
		416		4.1507		0.391421		293.565		-2.58192		290.983
		417		4.16068		0.391422		293.566		-2.58194		290.984
		418		4.17066		0.391423		293.567		-2.58196		290.985
		419		4.18064		0.391424		293.568		-2.58198		290.986
		420		4.19061		0.391425		293.569		-2.582		290.987
		421		4.20059		0.391426		293.569		-2.58202		290.987
		422		4.21057		0.391427		293.57		-2.58203		290.988
		423		4.22055		0.391428		293.571		-2.58205		290.989
		424		4.23053		0.391429		293.572		-2.58207		290.99
		425		4.2405		0.39143		293.573		-2.58209		290.99
		426		4.25048		0.391431		293.573		-2.58211		290.991
		427		4.26046		0.391432		293.574		-2.58213		290.992
		428		4.27044		0.391433		293.575		-2.58215		290.993
		429		4.28041		0.391434		293.576		-2.58217		290.994
		430		4.29039		0.391436		293.577		-2.58219		290.994
		431		4.30037		0.391437		293.577		-2.58221		290.995
		432		4.31035		0.391438		293.578		-2.58223		290.996
		433		4.32032		0.391439		293.579		-2.58225		290.997
		434		4.3303		0.39144		293.58		-2.58227		290.998
		435		4.34028		0.391441		293.581		-2.58229		290.999
		436		4.35026		0.391442		293.582		-2.58231		290.999
		437		4.36023		0.391443		293.583		-2.58233		291
		438		4.37021		0.391444		293.583		-2.58235		291.001
		439		4.38019		0.391446		293.584		-2.58238		291.002
		440		4.39017		0.391447		293.585		-2.5824		291.003
		441		4.40015		0.391448		293.586		-2.58242		291.003
		442		4.41012		0.391449		293.587		-2.58244		291.004
		443		4.4201		0.39145		293.588		-2.58246		291.005
		444		4.43008		0.391451		293.588		-2.58248		291.006
		445		4.44006		0.391452		293.589		-2.58251		291.007
		446		4.45003		0.391454		293.59		-2.58253		291.008
		447		4.46001		0.391455		293.591		-2.58255		291.009
		448		4.46999		0.391456		293.592		-2.58257		291.009
		449		4.47997		0.391457		293.593		-2.5826		291.01
		450		4.48994		0.391458		293.594		-2.58262		291.011
		451		4.49992		0.391459		293.595		-2.58264		291.012
		451		4.49992		0.391459		293.595		-2.58264		291.012
		452		4.5099		0.391461		293.596		-2.58267		291.013
		453		4.51988		0.391462		293.596		-2.58269		291.014
		454		4.52985		0.391463		293.597		-2.58271		291.015
		455		4.53983		0.391464		293.598		-2.58274		291.015
		456		4.54981		0.391465		293.599		-2.58276		291.016
		457		4.55979		0.391467		293.6		-2.58278		291.017
		458		4.56977		0.391468		293.601		-2.58281		291.018
		459		4.57974		0.391469		293.602		-2.58283		291.019
		460		4.58972		0.39147		293.603		-2.58286		291.02
		461		4.5997		0.391471		293.604		-2.58288		291.021
		462		4.60968		0.391473		293.605		-2.5829		291.022
		463		4.61965		0.391474		293.605		-2.58293		291.023
		464		4.62963		0.391475		293.606		-2.58295		291.023
		465		4.63961		0.391476		293.607		-2.58298		291.024
		466		4.64959		0.391478		293.608		-2.583		291.025
		467		4.65956		0.391479		293.609		-2.58303		291.026
		468		4.66954		0.39148		293.61		-2.58305		291.027
		469		4.67952		0.391481		293.611		-2.58308		291.028
		470		4.6895		0.391483		293.612		-2.58311		291.029
		471		4.69947		0.391484		293.613		-2.58313		291.03
		472		4.70945		0.391485		293.614		-2.58316		291.031
		473		4.71943		0.391486		293.615		-2.58318		291.032
		474		4.72941		0.391488		293.616		-2.58321		291.033
		475		4.73939		0.391489		293.617		-2.58324		291.033
		476		4.74936		0.39149		293.618		-2.58326		291.034
		477		4.75934		0.391491		293.619		-2.58329		291.035
		478		4.76932		0.391493		293.62		-2.58332		291.036
		479		4.7793		0.391494		293.621		-2.58334		291.037
		480		4.78927		0.391495		293.621		-2.58337		291.038
		481		4.79925		0.391497		293.622		-2.5834		291.039
		482		4.80923		0.391498		293.623		-2.58343		291.04
		483		4.81921		0.391499		293.624		-2.58345		291.041
		484		4.82918		0.391501		293.625		-2.58348		291.042
		485		4.83916		0.391502		293.626		-2.58351		291.043
		486		4.84914		0.391503		293.627		-2.58354		291.044
		487		4.85912		0.391504		293.628		-2.58357		291.045
		488		4.86909		0.391506		293.629		-2.58359		291.046
		489		4.87907		0.391507		293.63		-2.58362		291.047
		490		4.88905		0.391508		293.631		-2.58365		291.048
		491		4.89903		0.39151		293.632		-2.58368		291.049
		492		4.90901		0.391511		293.633		-2.58371		291.05
		493		4.91898		0.391512		293.634		-2.58374		291.051
		494		4.92896		0.391514		293.635		-2.58377		291.052
		495		4.93894		0.391515		293.636		-2.5838		291.053
		496		4.94892		0.391516		293.637		-2.58383		291.054
		497		4.95889		0.391518		293.638		-2.58386		291.054
		498		4.96887		0.391519		293.639		-2.58389		291.055
		499		4.97885		0.391521		293.64		-2.58392		291.056
		500		4.98883		0.391522		293.641		-2.58395		291.057
		501		4.9988		0.391523		293.642		-2.58398		291.058
		501		4.9988		0.391523		293.642		-2.58398		291.058
		502		5.00878		0.391525		293.643		-2.58401		291.059
		503		5.01876		0.391526		293.645		-2.58404		291.06
		504		5.02874		0.391527		293.646		-2.58407		291.061
		505		5.03872		0.391529		293.647		-2.5841		291.062
		506		5.04869		0.39153		293.648		-2.58413		291.063
		507		5.05867		0.391532		293.649		-2.58416		291.065
		508		5.06865		0.391533		293.65		-2.58419		291.066
		509		5.07863		0.391534		293.651		-2.58422		291.067
		510		5.0886		0.391536		293.652		-2.58426		291.068
		511		5.09858		0.391537		293.653		-2.58429		291.069
		512		5.10856		0.391539		293.654		-2.58432		291.07
		513		5.11854		0.39154		293.655		-2.58435		291.071
		514		5.12851		0.391541		293.656		-2.58438		291.072
		515		5.13849		0.391543		293.657		-2.58442		291.073
		516		5.14847		0.391544		293.658		-2.58445		291.074
		517		5.15845		0.391546		293.659		-2.58448		291.075
		518		5.16842		0.391547		293.66		-2.58451		291.076
		519		5.1784		0.391549		293.661		-2.58455		291.077
		520		5.18838		0.39155		293.663		-2.58458		291.078
		521		5.19836		0.391551		293.664		-2.58461		291.079
		522		5.20834		0.391553		293.665		-2.58465		291.08
		523		5.21831		0.391554		293.666		-2.58468		291.081
		524		5.22829		0.391556		293.667		-2.58471		291.082
		525		5.23827		0.391557		293.668		-2.58475		291.083
		526		5.24825		0.391559		293.669		-2.58478		291.084
		527		5.25822		0.39156		293.67		-2.58482		291.085
		528		5.2682		0.391562		293.671		-2.58485		291.086
		529		5.27818		0.391563		293.672		-2.58488		291.088
		530		5.28816		0.391565		293.673		-2.58492		291.089
		531		5.29813		0.391566		293.675		-2.58495		291.09
		532		5.30811		0.391568		293.676		-2.58499		291.091
		533		5.31809		0.391569		293.677		-2.58502		291.092
		534		5.32807		0.391571		293.678		-2.58506		291.093
		535		5.33804		0.391572		293.679		-2.58509		291.094
		536		5.34802		0.391574		293.68		-2.58513		291.095
		537		5.358		0.391575		293.681		-2.58516		291.096
		538		5.36798		0.391577		293.682		-2.5852		291.097
		539		5.37796		0.391578		293.684		-2.58524		291.098
		540		5.38793		0.39158		293.685		-2.58527		291.1
		541		5.39791		0.391581		293.686		-2.58531		291.101
		542		5.40789		0.391583		293.687		-2.58535		291.102
		543		5.41787		0.391584		293.688		-2.58538		291.103
		544		5.42784		0.391586		293.689		-2.58542		291.104
		545		5.43782		0.391587		293.691		-2.58546		291.105
		546		5.4478		0.391589		293.692		-2.58549		291.106
		547		5.45778		0.39159		293.693		-2.58553		291.107
		548		5.46775		0.391592		293.694		-2.58557		291.108
		549		5.47773		0.391594		293.695		-2.5856		291.11
		550		5.48771		0.391595		293.696		-2.58564		291.111
		551		5.49769		0.391597		293.698		-2.58568		291.112
		551		5.49769		0.391597		293.698		-2.58568		291.112
		552		5.50766		0.391598		293.699		-2.58572		291.113
		553		5.51764		0.3916		293.7		-2.58576		291.114
		554		5.52762		0.391601		293.701		-2.58579		291.115
		555		5.5376		0.391603		293.702		-2.58583		291.116
		556		5.54758		0.391605		293.703		-2.58587		291.118
		557		5.55755		0.391606		293.705		-2.58591		291.119
		558		5.56753		0.391608		293.706		-2.58595		291.12
		559		5.57751		0.391609		293.707		-2.58599		291.121
		560		5.58749		0.391611		293.708		-2.58603		291.122
		561		5.59746		0.391613		293.709		-2.58607		291.123
		562		5.60744		0.391614		293.711		-2.58611		291.125
		563		5.61742		0.391616		293.712		-2.58614		291.126
		564		5.6274		0.391617		293.713		-2.58618		291.127
		565		5.63737		0.391619		293.714		-2.58622		291.128
		566		5.64735		0.391621		293.715		-2.58626		291.129
		567		5.65733		0.391622		293.717		-2.5863		291.13
		568		5.66731		0.391624		293.718		-2.58635		291.132
		569		5.67728		0.391626		293.719		-2.58639		291.133
		570		5.68726		0.391627		293.72		-2.58643		291.134
		571		5.69724		0.391629		293.722		-2.58647		291.135
		572		5.70722		0.39163		293.723		-2.58651		291.136
		573		5.7172		0.391632		293.724		-2.58655		291.138
		574		5.72717		0.391634		293.725		-2.58659		291.139
		575		5.73715		0.391635		293.727		-2.58663		291.14
		576		5.74713		0.391637		293.728		-2.58667		291.141
		577		5.75711		0.391639		293.729		-2.58672		291.142
		578		5.76708		0.39164		293.73		-2.58676		291.144
		579		5.77706		0.391642		293.732		-2.5868		291.145
		580		5.78704		0.391644		293.733		-2.58684		291.146
		581		5.79702		0.391645		293.734		-2.58688		291.147
		582		5.80699		0.391647		293.735		-2.58693		291.148
		583		5.81697		0.391649		293.737		-2.58697		291.15
		584		5.82695		0.391651		293.738		-2.58701		291.151
		585		5.83693		0.391652		293.739		-2.58705		291.152
		586		5.8469		0.391654		293.74		-2.5871		291.153
		587		5.85688		0.391656		293.742		-2.58714		291.155
		588		5.86686		0.391657		293.743		-2.58718		291.156
		589		5.87684		0.391659		293.744		-2.58723		291.157
		590		5.88682		0.391661		293.746		-2.58727		291.158
		591		5.89679		0.391663		293.747		-2.58732		291.16
		592		5.90677		0.391664		293.748		-2.58736		291.161
		593		5.91675		0.391666		293.749		-2.5874		291.162
		594		5.92673		0.391668		293.751		-2.58745		291.163
		595		5.9367		0.391669		293.752		-2.58749		291.165
		596		5.94668		0.391671		293.753		-2.58754		291.166
		597		5.95666		0.391673		293.755		-2.58758		291.167
		598		5.96664		0.391675		293.756		-2.58763		291.168
		599		5.97661		0.391676		293.757		-2.58767		291.17
		600		5.98659		0.391678		293.759		-2.58772		291.171
		601		5.99657		0.39168		293.76		-2.58776		291.172
		601		5.99657		0.39168		293.76		-2.58776		291.172
		602		6.00655		0.391682		293.761		-2.58781		291.173
		603		6.01653		0.391684		293.763		-2.58785		291.175
		604		6.0265		0.391685		293.764		-2.5879		291.176
		605		6.03648		0.391687		293.765		-2.58795		291.177
		606		6.04646		0.391689		293.767		-2.58799		291.179
		607		6.05644		0.391691		293.768		-2.58804		291.18
		608		6.06641		0.391692		293.769		-2.58809		291.181
		609		6.07639		0.391694		293.771		-2.58813		291.183
		610		6.08637		0.391696		293.772		-2.58818		291.184
		611		6.09635		0.391698		293.773		-2.58823		291.185
		612		6.10632		0.3917		293.775		-2.58827		291.186
		613		6.1163		0.391701		293.776		-2.58832		291.188
		614		6.12628		0.391703		293.777		-2.58837		291.189
		615		6.13626		0.391705		293.779		-2.58842		291.19
		616		6.14623		0.391707		293.78		-2.58846		291.192
		617		6.15621		0.391709		293.782		-2.58851		291.193
		618		6.16619		0.391711		293.783		-2.58856		291.194
		619		6.17617		0.391712		293.784		-2.58861		291.196
		620		6.18615		0.391714		293.786		-2.58866		291.197
		621		6.19612		0.391716		293.787		-2.58871		291.198
		622		6.2061		0.391718		293.788		-2.58875		291.2
		623		6.21608		0.39172		293.79		-2.5888		291.201
		624		6.22606		0.391722		293.791		-2.58885		291.202
		625		6.23603		0.391724		293.793		-2.5889		291.204
		626		6.24601		0.391725		293.794		-2.58895		291.205
		627		6.25599		0.391727		293.795		-2.589		291.206
		628		6.26597		0.391729		293.797		-2.58905		291.208
		629		6.27594		0.391731		293.798		-2.5891		291.209
		630		6.28592		0.391733		293.8		-2.58915		291.211
		631		6.2959		0.391735		293.801		-2.5892		291.212
		632		6.30588		0.391737		293.802		-2.58925		291.213
		633		6.31585		0.391739		293.804		-2.5893		291.215
		634		6.32583		0.39174		293.805		-2.58935		291.216
		635		6.33581		0.391742		293.807		-2.5894		291.217
		636		6.34579		0.391744		293.808		-2.58945		291.219
		637		6.35577		0.391746		293.81		-2.5895		291.22
		638		6.36574		0.391748		293.811		-2.58956		291.221
		639		6.37572		0.39175		293.812		-2.58961		291.223
		640		6.3857		0.391752		293.814		-2.58966		291.224
		641		6.39568		0.391754		293.815		-2.58971		291.226
		642		6.40565		0.391756		293.817		-2.58976		291.227
		643		6.41563		0.391758		293.818		-2.58981		291.228
		644		6.42561		0.39176		293.82		-2.58987		291.23
		645		6.43559		0.391762		293.821		-2.58992		291.231
		646		6.44556		0.391764		293.823		-2.58997		291.233
		647		6.45554		0.391765		293.824		-2.59002		291.234
		648		6.46552		0.391767		293.826		-2.59008		291.235
		649		6.4755		0.391769		293.827		-2.59013		291.237
		650		6.48547		0.391771		293.829		-2.59018		291.238
		651		6.49545		0.391773		293.83		-2.59024		291.24
		651		6.49545		0.391773		293.83		-2.59024		291.24
		652		6.50543		0.391775		293.831		-2.59029		291.241
		653		6.51541		0.391777		293.833		-2.59034		291.243
		654		6.52539		0.391779		293.834		-2.5904		291.244
		655		6.53536		0.391781		293.836		-2.59045		291.245
		656		6.54534		0.391783		293.837		-2.59051		291.247
		657		6.55532		0.391785		293.839		-2.59056		291.248
		658		6.5653		0.391787		293.84		-2.59062		291.25
		659		6.57527		0.391789		293.842		-2.59067		291.251
		660		6.58525		0.391791		293.843		-2.59072		291.253
		661		6.59523		0.391793		293.845		-2.59078		291.254
		662		6.60521		0.391795		293.846		-2.59083		291.256
		663		6.61518		0.391797		293.848		-2.59089		291.257
		664		6.62516		0.391799		293.849		-2.59095		291.258
		665		6.63514		0.391801		293.851		-2.591		291.26
		666		6.64512		0.391803		293.852		-2.59106		291.261
		667		6.65509		0.391805		293.854		-2.59111		291.263
		668		6.66507		0.391807		293.856		-2.59117		291.264
		669		6.67505		0.391809		293.857		-2.59123		291.266
		670		6.68503		0.391811		293.859		-2.59128		291.267
		671		6.69501		0.391814		293.86		-2.59134		291.269
		672		6.70498		0.391816		293.862		-2.59139		291.27
		673		6.71496		0.391818		293.863		-2.59145		291.272
		674		6.72494		0.39182		293.865		-2.59151		291.273
		675		6.73492		0.391822		293.866		-2.59157		291.275
		676		6.74489		0.391824		293.868		-2.59162		291.276
		677		6.75487		0.391826		293.869		-2.59168		291.278
		678		6.76485		0.391828		293.871		-2.59174		291.279
		679		6.77483		0.39183		293.873		-2.5918		291.281
		680		6.7848		0.391832		293.874		-2.59185		291.282
		681		6.79478		0.391834		293.876		-2.59191		291.284
		682		6.80476		0.391836		293.877		-2.59197		291.285
		683		6.81474		0.391838		293.879		-2.59203		291.287
		684		6.82472		0.391841		293.88		-2.59209		291.288
		685		6.83469		0.391843		293.882		-2.59215		291.29
		686		6.84467		0.391845		293.884		-2.59221		291.291
		687		6.85465		0.391847		293.885		-2.59227		291.293
		688		6.86463		0.391849		293.887		-2.59232		291.294
		689		6.8746		0.391851		293.888		-2.59238		291.296
		690		6.88458		0.391853		293.89		-2.59244		291.297
		691		6.89456		0.391855		293.892		-2.5925		291.299
		692		6.90454		0.391857		293.893		-2.59256		291.301
		693		6.91451		0.39186		293.895		-2.59262		291.302
		694		6.92449		0.391862		293.896		-2.59268		291.304
		695		6.93447		0.391864		293.898		-2.59274		291.305
		696		6.94445		0.391866		293.9		-2.59281		291.307
		697		6.95442		0.391868		293.901		-2.59287		291.308
		698		6.9644		0.39187		293.903		-2.59293		291.31
		699		6.97438		0.391873		293.904		-2.59299		291.311
		700		6.98436		0.391875		293.906		-2.59305		291.313
		701		6.99434		0.391877		293.908		-2.59311		291.315
		701		6.99434		0.391877		293.908		-2.59311		291.315
		702		7.00431		0.391879		293.909		-2.59317		291.316
		703		7.01429		0.391881		293.911		-2.59323		291.318
		704		7.02427		0.391883		293.913		-2.5933		291.319
		705		7.03425		0.391886		293.914		-2.59336		291.321
		706		7.04422		0.391888		293.916		-2.59342		291.322
		707		7.0542		0.39189		293.918		-2.59348		291.324
		708		7.06418		0.391892		293.919		-2.59355		291.326
		709		7.07416		0.391894		293.921		-2.59361		291.327
		710		7.08413		0.391897		293.922		-2.59367		291.329
		711		7.09411		0.391899		293.924		-2.59373		291.33
		712		7.10409		0.391901		293.926		-2.5938		291.332
		713		7.11407		0.391903		293.927		-2.59386		291.334
		714		7.12404		0.391906		293.929		-2.59392		291.335
		715		7.13402		0.391908		293.931		-2.59399		291.337
		716		7.144		0.39191		293.933		-2.59405		291.338
		717		7.15398		0.391912		293.934		-2.59412		291.34
		718		7.16396		0.391914		293.936		-2.59418		291.342
		719		7.17393		0.391917		293.938		-2.59425		291.343
		720		7.18391		0.391919		293.939		-2.59431		291.345
		721		7.19389		0.391921		293.941		-2.59437		291.347
		722		7.20387		0.391924		293.943		-2.59444		291.348
		723		7.21384		0.391926		293.944		-2.5945		291.35
		724		7.22382		0.391928		293.946		-2.59457		291.351
		725		7.2338		0.39193		293.948		-2.59464		291.353
		726		7.24378		0.391933		293.949		-2.5947		291.355
		727		7.25375		0.391935		293.951		-2.59477		291.356
		728		7.26373		0.391937		293.953		-2.59483		291.358
		729		7.27371		0.391939		293.955		-2.5949		291.36
		730		7.28369		0.391942		293.956		-2.59496		291.361
		731		7.29366		0.391944		293.958		-2.59503		291.363
		732		7.30364		0.391946		293.96		-2.5951		291.365
		733		7.31362		0.391949		293.962		-2.59516		291.366
		734		7.3236		0.391951		293.963		-2.59523		291.368
		735		7.33358		0.391953		293.965		-2.5953		291.37
		736		7.34355		0.391956		293.967		-2.59537		291.371
		737		7.35353		0.391958		293.968		-2.59543		291.373
		738		7.36351		0.39196		293.97		-2.5955		291.375
		739		7.37349		0.391963		293.972		-2.59557		291.376
		740		7.38346		0.391965		293.974		-2.59564		291.378
		741		7.39344		0.391967		293.975		-2.5957		291.38
		742		7.40342		0.39197		293.977		-2.59577		291.381
		743		7.4134		0.391972		293.979		-2.59584		291.383
		744		7.42337		0.391974		293.981		-2.59591		291.385
		745		7.43335		0.391977		293.983		-2.59598		291.387
		746		7.44333		0.391979		293.984		-2.59605		291.388
		747		7.45331		0.391981		293.986		-2.59612		291.39
		748		7.46328		0.391984		293.988		-2.59619		291.392
		749		7.47326		0.391986		293.99		-2.59625		291.393
		750		7.48324		0.391989		293.991		-2.59632		291.395
		751		7.49322		0.391991		293.993		-2.59639		291.397
		751		7.49322		0.391991		293.993		-2.59639		291.397
		752		7.5032		0.391993		293.995		-2.59646		291.399
		753		7.51317		0.391996		293.997		-2.59653		291.4
		754		7.52315		0.391998		293.999		-2.5966		291.402
		755		7.53313		0.392001		294		-2.59667		291.404
		756		7.54311		0.392003		294.002		-2.59675		291.405
		757		7.55308		0.392005		294.004		-2.59682		291.407
		758		7.56306		0.392008		294.006		-2.59689		291.409
		759		7.57304		0.39201		294.008		-2.59696		291.411
		760		7.58302		0.392013		294.009		-2.59703		291.412
		761		7.59299		0.392015		294.011		-2.5971		291.414
		762		7.60297		0.392017		294.013		-2.59717		291.416
		763		7.61295		0.39202		294.015		-2.59724		291.418
		764		7.62293		0.392022		294.017		-2.59732		291.419
		765		7.6329		0.392025		294.019		-2.59739		291.421
		766		7.64288		0.392027		294.02		-2.59746		291.423
		767		7.65286		0.39203		294.022		-2.59753		291.425
		768		7.66284		0.392032		294.024		-2.59761		291.426
		769		7.67282		0.392035		294.026		-2.59768		291.428
		770		7.68279		0.392037		294.028		-2.59775		291.43
		771		7.69277		0.39204		294.03		-2.59782		291.432
		772		7.70275		0.392042		294.032		-2.5979		291.434
		773		7.71273		0.392044		294.033		-2.59797		291.435
		774		7.7227		0.392047		294.035		-2.59805		291.437
		775		7.73268		0.392049		294.037		-2.59812		291.439
		776		7.74266		0.392052		294.039		-2.59819		291.441
		777		7.75264		0.392054		294.041		-2.59827		291.443
		778		7.76261		0.392057		294.043		-2.59834		291.444
		779		7.77259		0.392059		294.045		-2.59842		291.446
		780		7.78257		0.392062		294.046		-2.59849		291.448
		781		7.79255		0.392064		294.048		-2.59857		291.45
		782		7.80253		0.392067		294.05		-2.59864		291.452
		783		7.8125		0.39207		294.052		-2.59872		291.453
		784		7.82248		0.392072		294.054		-2.59879		291.455
		785		7.83246		0.392075		294.056		-2.59887		291.457
		786		7.84244		0.392077		294.058		-2.59894		291.459
		787		7.85241		0.39208		294.06		-2.59902		291.461
		788		7.86239		0.392082		294.062		-2.59909		291.463
		789		7.87237		0.392085		294.064		-2.59917		291.464
		790		7.88235		0.392087		294.065		-2.59925		291.466
		791		7.89232		0.39209		294.067		-2.59932		291.468
		792		7.9023		0.392092		294.069		-2.5994		291.47
		793		7.91228		0.392095		294.071		-2.59948		291.472
		794		7.92226		0.392098		294.073		-2.59955		291.474
		795		7.93223		0.3921		294.075		-2.59963		291.475
		796		7.94221		0.392103		294.077		-2.59971		291.477
		797		7.95219		0.392105		294.079		-2.59979		291.479
		798		7.96217		0.392108		294.081		-2.59986		291.481
		799		7.97215		0.39211		294.083		-2.59994		291.483
		800		7.98212		0.392113		294.085		-2.60002		291.485
		801		7.9921		0.392116		294.087		-2.6001		291.487
		801		7.9921		0.392116		294.087		-2.6001		291.487
		802		8.00208		0.392118		294.089		-2.60018		291.489
		803		8.01206		0.392121		294.091		-2.60025		291.49
		804		8.02203		0.392123		294.093		-2.60033		291.492
		805		8.03201		0.392126		294.095		-2.60041		291.494
		806		8.04199		0.392129		294.097		-2.60049		291.496
		807		8.05197		0.392131		294.099		-2.60057		291.498
		808		8.06194		0.392134		294.1		-2.60065		291.5
		809		8.07192		0.392137		294.102		-2.60073		291.502
		810		8.0819		0.392139		294.104		-2.60081		291.504
		811		8.09188		0.392142		294.106		-2.60089		291.506
		812		8.10185		0.392145		294.108		-2.60097		291.507
		813		8.11183		0.392147		294.11		-2.60105		291.509
		814		8.12181		0.39215		294.112		-2.60113		291.511
		815		8.13179		0.392153		294.114		-2.60121		291.513
		816		8.14177		0.392155		294.116		-2.60129		291.515
		817		8.15174		0.392158		294.118		-2.60137		291.517
		818		8.16172		0.392161		294.12		-2.60145		291.519
		819		8.1717		0.392163		294.122		-2.60154		291.521
		820		8.18168		0.392166		294.124		-2.60162		291.523
		821		8.19165		0.392169		294.126		-2.6017		291.525
		822		8.20163		0.392171		294.128		-2.60178		291.527
		823		8.21161		0.392174		294.13		-2.60186		291.529
		824		8.22159		0.392177		294.132		-2.60194		291.531
		825		8.23156		0.392179		294.135		-2.60203		291.532
		826		8.24154		0.392182		294.137		-2.60211		291.534
		827		8.25152		0.392185		294.139		-2.60219		291.536
		828		8.2615		0.392187		294.141		-2.60228		291.538
		829		8.27147		0.39219		294.143		-2.60236		291.54
		830		8.28145		0.392193		294.145		-2.60244		291.542
		831		8.29143		0.392196		294.147		-2.60253		291.544
		832		8.30141		0.392198		294.149		-2.60261		291.546
		833		8.31139		0.392201		294.151		-2.60269		291.548
		834		8.32136		0.392204		294.153		-2.60278		291.55
		835		8.33134		0.392207		294.155		-2.60286		291.552
		836		8.34132		0.392209		294.157		-2.60295		291.554
		837		8.3513		0.392212		294.159		-2.60303		291.556
		838		8.36127		0.392215		294.161		-2.60311		291.558
		839		8.37125		0.392218		294.163		-2.6032		291.56
		840		8.38123		0.39222		294.165		-2.60328		291.562
		841		8.39121		0.392223		294.167		-2.60337		291.564
		842		8.40118		0.392226		294.169		-2.60345		291.566
		843		8.41116		0.392229		294.172		-2.60354		291.568
		844		8.42114		0.392232		294.174		-2.60363		291.57
		845		8.43112		0.392234		294.176		-2.60371		291.572
		846		8.44109		0.392237		294.178		-2.6038		291.574
		847		8.45107		0.39224		294.18		-2.60388		291.576
		848		8.46105		0.392243		294.182		-2.60397		291.578
		849		8.47103		0.392246		294.184		-2.60406		291.58
		850		8.48101		0.392248		294.186		-2.60414		291.582
		851		8.49098		0.392251		294.188		-2.60423		291.584
		851		8.49098		0.392251		294.188		-2.60423		291.584
		852		8.50096		0.392254		294.191		-2.60432		291.586
		853		8.51094		0.392257		294.193		-2.60441		291.588
		854		8.52092		0.39226		294.195		-2.60449		291.59
		855		8.53089		0.392263		294.197		-2.60458		291.592
		856		8.54087		0.392265		294.199		-2.60467		291.594
		857		8.55085		0.392268		294.201		-2.60476		291.596
		858		8.56083		0.392271		294.203		-2.60484		291.598
		859		8.5708		0.392274		294.205		-2.60493		291.601
		860		8.58078		0.392277		294.208		-2.60502		291.603
		861		8.59076		0.39228		294.21		-2.60511		291.605
		862		8.60074		0.392283		294.212		-2.6052		291.607
		863		8.61072		0.392285		294.214		-2.60529		291.609
		864		8.62069		0.392288		294.216		-2.60538		291.611
		865		8.63067		0.392291		294.218		-2.60547		291.613
		866		8.64065		0.392294		294.221		-2.60556		291.615
		867		8.65063		0.392297		294.223		-2.60565		291.617
		868		8.6606		0.3923		294.225		-2.60574		291.619
		869		8.67058		0.392303		294.227		-2.60583		291.621
		870		8.68056		0.392306		294.229		-2.60592		291.623
		871		8.69054		0.392309		294.231		-2.60601		291.625
		872		8.70051		0.392311		294.234		-2.6061		291.627
		873		8.71049		0.392314		294.236		-2.60619		291.63
		874		8.72047		0.392317		294.238		-2.60628		291.632
		875		8.73045		0.39232		294.24		-2.60637		291.634
		876		8.74042		0.392323		294.242		-2.60646		291.636
		877		8.7504		0.392326		294.245		-2.60655		291.638
		878		8.76038		0.392329		294.247		-2.60665		291.64
		879		8.77036		0.392332		294.249		-2.60674		291.642
		880		8.78034		0.392335		294.251		-2.60683		291.644
		881		8.79031		0.392338		294.253		-2.60692		291.646
		882		8.80029		0.392341		294.256		-2.60701		291.649
		883		8.81027		0.392344		294.258		-2.60711		291.651
		884		8.82025		0.392347		294.26		-2.6072		291.653
		885		8.83022		0.39235		294.262		-2.60729		291.655
		886		8.8402		0.392353		294.265		-2.60739		291.657
		887		8.85018		0.392356		294.267		-2.60748		291.659
		888		8.86016		0.392359		294.269		-2.60757		291.661
		889		8.87013		0.392362		294.271		-2.60767		291.664
		890		8.88011		0.392365		294.273		-2.60776		291.666
		891		8.89009		0.392368		294.276		-2.60785		291.668
		892		8.90007		0.392371		294.278		-2.60795		291.67
		893		8.91004		0.392374		294.28		-2.60804		291.672
		894		8.92002		0.392377		294.282		-2.60814		291.674
		895		8.93		0.39238		294.285		-2.60823		291.677
		896		8.93998		0.392383		294.287		-2.60833		291.679
		897		8.94996		0.392386		294.289		-2.60842		291.681
		898		8.95993		0.392389		294.292		-2.60852		291.683
		899		8.96991		0.392392		294.294		-2.60861		291.685
		900		8.97989		0.392395		294.296		-2.60871		291.687
		901		8.98987		0.392398		294.298		-2.6088		291.69
		901		8.98987		0.392398		294.298		-2.6088		291.69
		902		8.99984		0.392401		294.301		-2.6089		291.692
		903		9.00982		0.392404		294.303		-2.609		291.694
		904		9.0198		0.392407		294.305		-2.60909		291.696
		905		9.02978		0.39241		294.308		-2.60919		291.698
		906		9.03975		0.392413		294.31		-2.60929		291.701
		907		9.04973		0.392416		294.312		-2.60938		291.703
		908		9.05971		0.392419		294.314		-2.60948		291.705
		909		9.06969		0.392422		294.317		-2.60958		291.707
		910		9.07966		0.392425		294.319		-2.60968		291.709
		911		9.08964		0.392429		294.321		-2.60977		291.712
		912		9.09962		0.392432		294.324		-2.60987		291.714
		913		9.1096		0.392435		294.326		-2.60997		291.716
		914		9.11958		0.392438		294.328		-2.61007		291.718
		915		9.12955		0.392441		294.331		-2.61017		291.721
		916		9.13953		0.392444		294.333		-2.61026		291.723
		917		9.14951		0.392447		294.335		-2.61036		291.725
		918		9.15949		0.39245		294.338		-2.61046		291.727
		919		9.16946		0.392453		294.34		-2.61056		291.729
		920		9.17944		0.392457		294.342		-2.61066		291.732
		921		9.18942		0.39246		294.345		-2.61076		291.734
		922		9.1994		0.392463		294.347		-2.61086		291.736
		923		9.20937		0.392466		294.349		-2.61096		291.738
		924		9.21935		0.392469		294.352		-2.61106		291.741
		925		9.22933		0.392472		294.354		-2.61116		291.743
		926		9.23931		0.392475		294.357		-2.61126		291.745
		927		9.24928		0.392479		294.359		-2.61136		291.748
		928		9.25926		0.392482		294.361		-2.61146		291.75
		929		9.26924		0.392485		294.364		-2.61156		291.752
		930		9.27922		0.392488		294.366		-2.61166		291.754
		931		9.2892		0.392491		294.368		-2.61176		291.757
		932		9.29917		0.392494		294.371		-2.61187		291.759
		933		9.30915		0.392498		294.373		-2.61197		291.761
		934		9.31913		0.392501		294.376		-2.61207		291.764
		935		9.32911		0.392504		294.378		-2.61217		291.766
		936		9.33908		0.392507		294.38		-2.61227		291.768
		937		9.34906		0.39251		294.383		-2.61238		291.77
		938		9.35904		0.392514		294.385		-2.61248		291.773
		939		9.36902		0.392517		294.388		-2.61258		291.775
		940		9.37899		0.39252		294.39		-2.61268		291.777
		941		9.38897		0.392523		294.392		-2.61279		291.78
		942		9.39895		0.392526		294.395		-2.61289		291.782
		943		9.40893		0.39253		294.397		-2.61299		291.784
		944		9.4189		0.392533		294.4		-2.6131		291.787
		945		9.42888		0.392536		294.402		-2.6132		291.789
		946		9.43886		0.392539		294.405		-2.6133		291.791
		947		9.44884		0.392543		294.407		-2.61341		291.794
		948		9.45882		0.392546		294.409		-2.61351		291.796
		949		9.46879		0.392549		294.412		-2.61362		291.798
		950		9.47877		0.392552		294.414		-2.61372		291.801
		951		9.48875		0.392556		294.417		-2.61383		291.803
		951		9.48875		0.392556		294.417		-2.61383		291.803
		952		9.49873		0.392559		294.419		-2.61393		291.805
		953		9.5087		0.392562		294.422		-2.61404		291.808
		954		9.51868		0.392566		294.424		-2.61414		291.81
		955		9.52866		0.392569		294.427		-2.61425		291.812
		956		9.53864		0.392572		294.429		-2.61436		291.815
		957		9.54861		0.392575		294.432		-2.61446		291.817
		958		9.55859		0.392579		294.434		-2.61457		291.82
		959		9.56857		0.392582		294.437		-2.61467		291.822
		960		9.57855		0.392585		294.439		-2.61478		291.824
		961		9.58853		0.392589		294.442		-2.61489		291.827
		962		9.5985		0.392592		294.444		-2.61499		291.829
		963		9.60848		0.392595		294.447		-2.6151		291.831
		964		9.61846		0.392599		294.449		-2.61521		291.834
		965		9.62844		0.392602		294.452		-2.61532		291.836
		966		9.63841		0.392605		294.454		-2.61542		291.839
		967		9.64839		0.392609		294.457		-2.61553		291.841
		968		9.65837		0.392612		294.459		-2.61564		291.843
		969		9.66835		0.392615		294.462		-2.61575		291.846
		970		9.67832		0.392619		294.464		-2.61586		291.848
		971		9.6883		0.392622		294.467		-2.61597		291.851
		972		9.69828		0.392625		294.469		-2.61607		291.853
		973		9.70826		0.392629		294.472		-2.61618		291.855
		974		9.71823		0.392632		294.474		-2.61629		291.858
		975		9.72821		0.392636		294.477		-2.6164		291.86
		976		9.73819		0.392639		294.479		-2.61651		291.863
		977		9.74817		0.392642		294.482		-2.61662		291.865
		978		9.75815		0.392646		294.484		-2.61673		291.868
		979		9.76812		0.392649		294.487		-2.61684		291.87
		980		9.7781		0.392653		294.489		-2.61695		291.872
		981		9.78808		0.392656		294.492		-2.61706		291.875
		982		9.79806		0.392659		294.495		-2.61717		291.877
		983		9.80803		0.392663		294.497		-2.61728		291.88
		984		9.81801		0.392666		294.5		-2.61739		291.882
		985		9.82799		0.39267		294.502		-2.61751		291.885
		986		9.83797		0.392673		294.505		-2.61762		291.887
		987		9.84794		0.392677		294.507		-2.61773		291.89
		988		9.85792		0.39268		294.51		-2.61784		291.892
		989		9.8679		0.392683		294.513		-2.61795		291.895
		990		9.87788		0.392687		294.515		-2.61806		291.897
		991		9.88785		0.39269		294.518		-2.61818		291.9
		992		9.89783		0.392694		294.52		-2.61829		291.902
		993		9.90781		0.392697		294.523		-2.6184		291.905
		994		9.91779		0.392701		294.526		-2.61852		291.907
		995		9.92777		0.392704		294.528		-2.61863		291.91
		996		9.93774		0.392708		294.531		-2.61874		291.912
		997		9.94772		0.392711		294.533		-2.61886		291.915
		998		9.9577		0.392715		294.536		-2.61897		291.917
		999		9.96768		0.392718		294.539		-2.61908		291.92
		1000		9.97765		0.392722		294.541		-2.6192		291.922
		1001		9.98763		0.392725		294.544		-2.61931		291.925
		1001		9.98763		0.392725		294.544		-2.61931		291.925
		1002		9.99761		0.392729		294.546		-2.61943		291.927
		1003		10.0076		0.392732		294.549		-2.61954		291.93
		1004		10.0176		0.392736		294.552		-2.61965		291.932
		1005		10.0275		0.392739		294.554		-2.61977		291.935
		1006		10.0375		0.392743		294.557		-2.61989		291.937
		1007		10.0475		0.392746		294.56		-2.62		291.94
		1008		10.0575		0.39275		294.562		-2.62012		291.942
		1009		10.0675		0.392753		294.565		-2.62023		291.945
		1010		10.0774		0.392757		294.568		-2.62035		291.947
		1011		10.0874		0.39276		294.57		-2.62046		291.95
		1012		10.0974		0.392764		294.573		-2.62058		291.952
		1013		10.1074		0.392768		294.576		-2.6207		291.955
		1014		10.1173		0.392771		294.578		-2.62081		291.958
		1015		10.1273		0.392775		294.581		-2.62093		291.96
		1016		10.1373		0.392778		294.584		-2.62105		291.963
		1017		10.1473		0.392782		294.586		-2.62116		291.965
		1018		10.1573		0.392785		294.589		-2.62128		291.968
		1019		10.1672		0.392789		294.592		-2.6214		291.97
		1020		10.1772		0.392793		294.594		-2.62152		291.973
		1021		10.1872		0.392796		294.597		-2.62164		291.975
		1022		10.1972		0.3928		294.6		-2.62175		291.978
		1023		10.2071		0.392803		294.603		-2.62187		291.981
		1024		10.2171		0.392807		294.605		-2.62199		291.983
		1025		10.2271		0.392811		294.608		-2.62211		291.986
		1026		10.2371		0.392814		294.611		-2.62223		291.988
		1027		10.2471		0.392818		294.613		-2.62235		291.991
		1028		10.257		0.392821		294.616		-2.62247		291.994
		1029		10.267		0.392825		294.619		-2.62259		291.996
		1030		10.277		0.392829		294.622		-2.62271		291.999
		1031		10.287		0.392832		294.624		-2.62283		292.001
		1032		10.2969		0.392836		294.627		-2.62295		292.004
		1033		10.3069		0.39284		294.63		-2.62307		292.007
		1034		10.3169		0.392843		294.632		-2.62319		292.009
		1035		10.3269		0.392847		294.635		-2.62331		292.012
		1036		10.3368		0.392851		294.638		-2.62343		292.015
		1037		10.3468		0.392854		294.641		-2.62355		292.017
		1038		10.3568		0.392858		294.643		-2.62367		292.02
		1039		10.3668		0.392862		294.646		-2.62379		292.022
		1040		10.3768		0.392865		294.649		-2.62391		292.025
		1041		10.3867		0.392869		294.652		-2.62404		292.028
		1042		10.3967		0.392873		294.655		-2.62416		292.03
		1043		10.4067		0.392876		294.657		-2.62428		292.033
		1044		10.4167		0.39288		294.66		-2.6244		292.036
		1045		10.4266		0.392884		294.663		-2.62452		292.038
		1046		10.4366		0.392888		294.666		-2.62465		292.041
		1047		10.4466		0.392891		294.668		-2.62477		292.044
		1048		10.4566		0.392895		294.671		-2.62489		292.046
		1049		10.4666		0.392899		294.674		-2.62502		292.049
		1050		10.4765		0.392902		294.677		-2.62514		292.052
		1051		10.4865		0.392906		294.68		-2.62526		292.054
		1051		10.4865		0.392906		294.68		-2.62526		292.054
		1052		10.4965		0.39291		294.682		-2.62539		292.057
		1053		10.5065		0.392914		294.685		-2.62551		292.06
		1054		10.5164		0.392917		294.688		-2.62564		292.062
		1055		10.5264		0.392921		294.691		-2.62576		292.065
		1056		10.5364		0.392925		294.694		-2.62589		292.068
		1057		10.5464		0.392929		294.697		-2.62601		292.071
		1058		10.5564		0.392932		294.699		-2.62614		292.073
		1059		10.5663		0.392936		294.702		-2.62626		292.076
		1060		10.5763		0.39294		294.705		-2.62639		292.079
		1061		10.5863		0.392944		294.708		-2.62651		292.081
		1062		10.5963		0.392948		294.711		-2.62664		292.084
		1063		10.6062		0.392951		294.714		-2.62676		292.087
		1064		10.6162		0.392955		294.716		-2.62689		292.09
		1065		10.6262		0.392959		294.719		-2.62702		292.092
		1066		10.6362		0.392963		294.722		-2.62714		292.095
		1067		10.6462		0.392967		294.725		-2.62727		292.098
		1068		10.6561		0.39297		294.728		-2.6274		292.1
		1069		10.6661		0.392974		294.731		-2.62752		292.103
		1070		10.6761		0.392978		294.734		-2.62765		292.106
		1071		10.6861		0.392982		294.736		-2.62778		292.109
		1072		10.696		0.392986		294.739		-2.62791		292.111
		1073		10.706		0.39299		294.742		-2.62803		292.114
		1074		10.716		0.392993		294.745		-2.62816		292.117
		1075		10.726		0.392997		294.748		-2.62829		292.12
		1076		10.736		0.393001		294.751		-2.62842		292.122
		1077		10.7459		0.393005		294.754		-2.62855		292.125
		1078		10.7559		0.393009		294.757		-2.62868		292.128
		1079		10.7659		0.393013		294.76		-2.62881		292.131
		1080		10.7759		0.393017		294.762		-2.62894		292.134
		1081		10.7858		0.393021		294.765		-2.62907		292.136
		1082		10.7958		0.393024		294.768		-2.62919		292.139
		1083		10.8058		0.393028		294.771		-2.62932		292.142
		1084		10.8158		0.393032		294.774		-2.62945		292.145
		1085		10.8258		0.393036		294.777		-2.62959		292.147
		1086		10.8357		0.39304		294.78		-2.62972		292.15
		1087		10.8457		0.393044		294.783		-2.62985		292.153
		1088		10.8557		0.393048		294.786		-2.62998		292.156
		1089		10.8657		0.393052		294.789		-2.63011		292.159
		1090		10.8756		0.393056		294.792		-2.63024		292.162
		1091		10.8856		0.39306		294.795		-2.63037		292.164
		1092		10.8956		0.393064		294.798		-2.6305		292.167
		1093		10.9056		0.393067		294.801		-2.63063		292.17
		1094		10.9156		0.393071		294.804		-2.63077		292.173
		1095		10.9255		0.393075		294.807		-2.6309		292.176
		1096		10.9355		0.393079		294.809		-2.63103		292.178
		1097		10.9455		0.393083		294.812		-2.63116		292.181
		1098		10.9555		0.393087		294.815		-2.6313		292.184
		1099		10.9654		0.393091		294.818		-2.63143		292.187
		1100		10.9754		0.393095		294.821		-2.63156		292.19
		1101		10.9854		0.393099		294.824		-2.6317		292.193
		1101		10.9854		0.393099		294.824		-2.6317		292.193
		1102		10.9954		0.393103		294.827		-2.63183		292.196
		1103		11.0054		0.393107		294.83		-2.63196		292.198
		1104		11.0153		0.393111		294.833		-2.6321		292.201
		1105		11.0253		0.393115		294.836		-2.63223		292.204
		1106		11.0353		0.393119		294.839		-2.63237		292.207
		1107		11.0453		0.393123		294.842		-2.6325		292.21
		1108		11.0552		0.393127		294.845		-2.63264		292.213
		1109		11.0652		0.393131		294.848		-2.63277		292.216
		1110		11.0752		0.393135		294.851		-2.63291		292.218
		1111		11.0852		0.393139		294.854		-2.63304		292.221
		1112		11.0952		0.393143		294.857		-2.63318		292.224
		1113		11.1051		0.393147		294.86		-2.63331		292.227
		1114		11.1151		0.393151		294.863		-2.63345		292.23
		1115		11.1251		0.393155		294.866		-2.63358		292.233
		1116		11.1351		0.393159		294.87		-2.63372		292.236
		1117		11.145		0.393163		294.873		-2.63386		292.239
		1118		11.155		0.393167		294.876		-2.63399		292.242
		1119		11.165		0.393172		294.879		-2.63413		292.245
		1120		11.175		0.393176		294.882		-2.63427		292.247
		1121		11.1849		0.39318		294.885		-2.63441		292.25
		1122		11.1949		0.393184		294.888		-2.63454		292.253
		1123		11.2049		0.393188		294.891		-2.63468		292.256
		1124		11.2149		0.393192		294.894		-2.63482		292.259
		1125		11.2249		0.393196		294.897		-2.63496		292.262
		1126		11.2348		0.3932		294.9		-2.6351		292.265
		1127		11.2448		0.393204		294.903		-2.63523		292.268
		1128		11.2548		0.393208		294.906		-2.63537		292.271
		1129		11.2648		0.393212		294.909		-2.63551		292.274
		1130		11.2747		0.393217		294.912		-2.63565		292.277
		1131		11.2847		0.393221		294.916		-2.63579		292.28
		1132		11.2947		0.393225		294.919		-2.63593		292.283
		1133		11.3047		0.393229		294.922		-2.63607		292.286
		1134		11.3147		0.393233		294.925		-2.63621		292.289
		1135		11.3246		0.393237		294.928		-2.63635		292.292
		1136		11.3346		0.393241		294.931		-2.63649		292.295
		1137		11.3446		0.393246		294.934		-2.63663		292.298
		1138		11.3546		0.39325		294.937		-2.63677		292.3
		1139		11.3645		0.393254		294.94		-2.63691		292.303
		1140		11.3745		0.393258		294.944		-2.63705		292.306
		1141		11.3845		0.393262		294.947		-2.63719		292.309
		1142		11.3945		0.393266		294.95		-2.63734		292.312
		1143		11.4045		0.393271		294.953		-2.63748		292.315
		1144		11.4144		0.393275		294.956		-2.63762		292.318
		1145		11.4244		0.393279		294.959		-2.63776		292.321
		1146		11.4344		0.393283		294.962		-2.6379		292.324
		1147		11.4444		0.393287		294.965		-2.63805		292.327
		1148		11.4543		0.393292		294.969		-2.63819		292.33
		1149		11.4643		0.393296		294.972		-2.63833		292.333
		1150		11.4743		0.3933		294.975		-2.63847		292.336
		1151		11.4843		0.393304		294.978		-2.63862		292.339
		1151		11.4843		0.393304		294.978		-2.63862		292.339
		1152		11.4943		0.393308		294.981		-2.63876		292.343
		1153		11.5042		0.393313		294.984		-2.6389		292.346
		1154		11.5142		0.393317		294.988		-2.63905		292.349
		1155		11.5242		0.393321		294.991		-2.63919		292.352
		1156		11.5342		0.393325		294.994		-2.63934		292.355
		1157		11.5441		0.39333		294.997		-2.63948		292.358
		1158		11.5541		0.393334		295		-2.63963		292.361
		1159		11.5641		0.393338		295.004		-2.63977		292.364
		1160		11.5741		0.393342		295.007		-2.63992		292.367
		1161		11.5841		0.393347		295.01		-2.64006		292.37
		1162		11.594		0.393351		295.013		-2.64021		292.373
		1163		11.604		0.393355		295.016		-2.64035		292.376
		1164		11.614		0.393359		295.02		-2.6405		292.379
		1165		11.624		0.393364		295.023		-2.64064		292.382
		1166		11.6339		0.393368		295.026		-2.64079		292.385
		1167		11.6439		0.393372		295.029		-2.64094		292.388
		1168		11.6539		0.393377		295.032		-2.64108		292.391
		1169		11.6639		0.393381		295.036		-2.64123		292.394
		1170		11.6739		0.393385		295.039		-2.64138		292.398
		1171		11.6838		0.39339		295.042		-2.64152		292.401
		1172		11.6938		0.393394		295.045		-2.64167		292.404
		1173		11.7038		0.393398		295.049		-2.64182		292.407
		1174		11.7138		0.393403		295.052		-2.64197		292.41
		1175		11.7237		0.393407		295.055		-2.64212		292.413
		1176		11.7337		0.393411		295.058		-2.64226		292.416
		1177		11.7437		0.393416		295.062		-2.64241		292.419
		1178		11.7537		0.39342		295.065		-2.64256		292.422
		1179		11.7637		0.393424		295.068		-2.64271		292.426
		1180		11.7736		0.393429		295.071		-2.64286		292.429
		1181		11.7836		0.393433		295.075		-2.64301		292.432
		1182		11.7936		0.393437		295.078		-2.64316		292.435
		1183		11.8036		0.393442		295.081		-2.64331		292.438
		1184		11.8135		0.393446		295.085		-2.64346		292.441
		1185		11.8235		0.393451		295.088		-2.64361		292.444
		1186		11.8335		0.393455		295.091		-2.64376		292.447
		1187		11.8435		0.393459		295.094		-2.64391		292.451
		1188		11.8535		0.393464		295.098		-2.64406		292.454
		1189		11.8634		0.393468		295.101		-2.64421		292.457
		1190		11.8734		0.393473		295.104		-2.64436		292.46
		1191		11.8834		0.393477		295.108		-2.64451		292.463
		1192		11.8934		0.393481		295.111		-2.64466		292.466
		1193		11.9033		0.393486		295.114		-2.64482		292.47
		1194		11.9133		0.39349		295.118		-2.64497		292.473
		1195		11.9233		0.393495		295.121		-2.64512		292.476
		1196		11.9333		0.393499		295.124		-2.64527		292.479
		1197		11.9433		0.393504		295.128		-2.64542		292.482
		1198		11.9532		0.393508		295.131		-2.64558		292.485
		1199		11.9632		0.393512		295.134		-2.64573		292.489
		1200		11.9732		0.393517		295.138		-2.64588		292.492
		1201		11.9832		0.393521		295.141		-2.64604		292.495
		1201		11.9832		0.393521		295.141		-2.64604		292.495
		1202		11.9931		0.393526		295.144		-2.64619		292.498
		1203		12.0031		0.39353		295.148		-2.64634		292.501
		1204		12.0131		0.393535		295.151		-2.6465		292.505
		1205		12.0231		0.393539		295.154		-2.64665		292.508
		1206		12.0331		0.393544		295.158		-2.64681		292.511
		1207		12.043		0.393548		295.161		-2.64696		292.514
		1208		12.053		0.393553		295.165		-2.64712		292.517
		1209		12.063		0.393557		295.168		-2.64727		292.521
		1210		12.073		0.393562		295.171		-2.64743		292.524
		1211		12.0829		0.393566		295.175		-2.64758		292.527
		1212		12.0929		0.393571		295.178		-2.64774		292.53
		1213		12.1029		0.393575		295.182		-2.64789		292.534
		1214		12.1129		0.39358		295.185		-2.64805		292.537
		1215		12.1228		0.393584		295.188		-2.6482		292.54
		1216		12.1328		0.393589		295.192		-2.64836		292.543
		1217		12.1428		0.393594		295.195		-2.64852		292.547
		1218		12.1528		0.393598		295.199		-2.64867		292.55
		1219		12.1628		0.393603		295.202		-2.64883		292.553
		1220		12.1727		0.393607		295.205		-2.64899		292.556
		1221		12.1827		0.393612		295.209		-2.64915		292.56
		1222		12.1927		0.393616		295.212		-2.6493		292.563
		1223		12.2027		0.393621		295.216		-2.64946		292.566
		1224		12.2126		0.393625		295.219		-2.64962		292.569
		1225		12.2226		0.39363		295.223		-2.64978		292.573
		1226		12.2326		0.393635		295.226		-2.64994		292.576
		1227		12.2426		0.393639		295.229		-2.65009		292.579
		1228		12.2526		0.393644		295.233		-2.65025		292.583
		1229		12.2625		0.393648		295.236		-2.65041		292.586
		1230		12.2725		0.393653		295.24		-2.65057		292.589
		1231		12.2825		0.393658		295.243		-2.65073		292.593
		1232		12.2925		0.393662		295.247		-2.65089		292.596
		1233		12.3024		0.393667		295.25		-2.65105		292.599
		1234		12.3124		0.393672		295.254		-2.65121		292.602
		1235		12.3224		0.393676		295.257		-2.65137		292.606
		1236		12.3324		0.393681		295.261		-2.65153		292.609
		1237		12.3424		0.393685		295.264		-2.65169		292.612
		1238		12.3523		0.39369		295.268		-2.65185		292.616
		1239		12.3623		0.393695		295.271		-2.65201		292.619
		1240		12.3723		0.393699		295.275		-2.65218		292.622
		1241		12.3823		0.393704		295.278		-2.65234		292.626
		1242		12.3922		0.393709		295.282		-2.6525		292.629
		1243		12.4022		0.393713		295.285		-2.65266		292.632
		1244		12.4122		0.393718		295.289		-2.65282		292.636
		1245		12.4222		0.393723		295.292		-2.65298		292.639
		1246		12.4322		0.393728		295.296		-2.65315		292.642
		1247		12.4421		0.393732		295.299		-2.65331		292.646
		1248		12.4521		0.393737		295.303		-2.65347		292.649
		1249		12.4621		0.393742		295.306		-2.65364		292.653
		1250		12.4721		0.393746		295.31		-2.6538		292.656
		1251		12.482		0.393751		295.313		-2.65396		292.659
		1251		12.482		0.393751		295.313		-2.65396		292.659
		1252		12.492		0.393756		295.317		-2.65413		292.663
		1253		12.502		0.393761		295.32		-2.65429		292.666
		1254		12.512		0.393765		295.324		-2.65446		292.669
		1255		12.522		0.39377		295.327		-2.65462		292.673
		1256		12.5319		0.393775		295.331		-2.65478		292.676
		1257		12.5419		0.393779		295.335		-2.65495		292.68
		1258		12.5519		0.393784		295.338		-2.65511		292.683
		1259		12.5619		0.393789		295.342		-2.65528		292.686
		1260		12.5718		0.393794		295.345		-2.65544		292.69
		1261		12.5818		0.393798		295.349		-2.65561		292.693
		1262		12.5918		0.393803		295.352		-2.65578		292.697
		1263		12.6018		0.393808		295.356		-2.65594		292.7
		1264		12.6118		0.393813		295.36		-2.65611		292.704
		1265		12.6217		0.393818		295.363		-2.65627		292.707
		1266		12.6317		0.393822		295.367		-2.65644		292.71
		1267		12.6417		0.393827		295.37		-2.65661		292.714
		1268		12.6517		0.393832		295.374		-2.65678		292.717
		1269		12.6616		0.393837		295.378		-2.65694		292.721
		1270		12.6716		0.393842		295.381		-2.65711		292.724
		1271		12.6816		0.393846		295.385		-2.65728		292.728
		1272		12.6916		0.393851		295.388		-2.65745		292.731
		1273		12.7016		0.393856		295.392		-2.65761		292.734
		1274		12.7115		0.393861		295.396		-2.65778		292.738
		1275		12.7215		0.393866		295.399		-2.65795		292.741
		1276		12.7315		0.393871		295.403		-2.65812		292.745
		1277		12.7415		0.393875		295.407		-2.65829		292.748
		1278		12.7514		0.39388		295.41		-2.65846		292.752
		1279		12.7614		0.393885		295.414		-2.65863		292.755
		1280		12.7714		0.39389		295.418		-2.6588		292.759
		1281		12.7814		0.393895		295.421		-2.65897		292.762
		1282		12.7914		0.3939		295.425		-2.65914		292.766
		1283		12.8013		0.393905		295.428		-2.65931		292.769
		1284		12.8113		0.39391		295.432		-2.65948		292.773
		1285		12.8213		0.393914		295.436		-2.65965		292.776
		1286		12.8313		0.393919		295.439		-2.65982		292.78
		1287		12.8412		0.393924		295.443		-2.65999		292.783
		1288		12.8512		0.393929		295.447		-2.66016		292.787
		1289		12.8612		0.393934		295.451		-2.66033		292.79
		1290		12.8712		0.393939		295.454		-2.6605		292.794
		1291		12.8812		0.393944		295.458		-2.66068		292.797
		1292		12.8911		0.393949		295.462		-2.66085		292.801
		1293		12.9011		0.393954		295.465		-2.66102		292.804
		1294		12.9111		0.393959		295.469		-2.66119		292.808
		1295		12.9211		0.393964		295.473		-2.66136		292.811
		1296		12.931		0.393969		295.476		-2.66154		292.815
		1297		12.941		0.393973		295.48		-2.66171		292.818
		1298		12.951		0.393978		295.484		-2.66188		292.822
		1299		12.961		0.393983		295.488		-2.66206		292.825
		1300		12.9709		0.393988		295.491		-2.66223		292.829
		1301		12.9809		0.393993		295.495		-2.66241		292.833
		1301		12.9809		0.393993		295.495		-2.66241		292.833
		1302		12.9909		0.393998		295.499		-2.66258		292.836
		1303		13.0009		0.394003		295.502		-2.66275		292.84
		1304		13.0109		0.394008		295.506		-2.66293		292.843
		1305		13.0208		0.394013		295.51		-2.6631		292.847
		1306		13.0308		0.394018		295.514		-2.66328		292.85
		1307		13.0408		0.394023		295.517		-2.66345		292.854
		1308		13.0508		0.394028		295.521		-2.66363		292.858
		1309		13.0607		0.394033		295.525		-2.6638		292.861
		1310		13.0707		0.394038		295.529		-2.66398		292.865
		1311		13.0807		0.394043		295.532		-2.66416		292.868
		1312		13.0907		0.394048		295.536		-2.66433		292.872
		1313		13.1007		0.394053		295.54		-2.66451		292.875
		1314		13.1106		0.394058		295.544		-2.66469		292.879
		1315		13.1206		0.394063		295.548		-2.66486		292.883
		1316		13.1306		0.394068		295.551		-2.66504		292.886
		1317		13.1406		0.394073		295.555		-2.66522		292.89
		1318		13.1505		0.394079		295.559		-2.66539		292.894
		1319		13.1605		0.394084		295.563		-2.66557		292.897
		1320		13.1705		0.394089		295.567		-2.66575		292.901
		1321		13.1805		0.394094		295.57		-2.66593		292.904
		1322		13.1905		0.394099		295.574		-2.66611		292.908
		1323		13.2004		0.394104		295.578		-2.66629		292.912
		1324		13.2104		0.394109		295.582		-2.66646		292.915
		1325		13.2204		0.394114		295.586		-2.66664		292.919
		1326		13.2304		0.394119		295.589		-2.66682		292.923
		1327		13.2403		0.394124		295.593		-2.667		292.926
		1328		13.2503		0.394129		295.597		-2.66718		292.93
		1329		13.2603		0.394135		295.601		-2.66736		292.934
		1330		13.2703		0.39414		295.605		-2.66754		292.937
		1331		13.2803		0.394145		295.609		-2.66772		292.941
		1332		13.2902		0.39415		295.612		-2.6679		292.944
		1333		13.3002		0.394155		295.616		-2.66808		292.948
		1334		13.3102		0.39416		295.62		-2.66826		292.952
		1335		13.3202		0.394165		295.624		-2.66844		292.956
		1336		13.3301		0.39417		295.628		-2.66863		292.959
		1337		13.3401		0.394176		295.632		-2.66881		292.963
		1338		13.3501		0.394181		295.636		-2.66899		292.967
		1339		13.3601		0.394186		295.639		-2.66917		292.97
		1340		13.3701		0.394191		295.643		-2.66935		292.974
		1341		13.38		0.394196		295.647		-2.66954		292.978
		1342		13.39		0.394201		295.651		-2.66972		292.981
		1343		13.4		0.394207		295.655		-2.6699		292.985
		1344		13.41		0.394212		295.659		-2.67008		292.989
		1345		13.4199		0.394217		295.663		-2.67027		292.992
		1346		13.4299		0.394222		295.667		-2.67045		292.996
		1347		13.4399		0.394227		295.671		-2.67063		293
		1348		13.4499		0.394233		295.674		-2.67082		293.004
		1349		13.4599		0.394238		295.678		-2.671		293.007
		1350		13.4698		0.394243		295.682		-2.67119		293.011
		1351		13.4798		0.394248		295.686		-2.67137		293.015
		1351		13.4798		0.394248		295.686		-2.67137		293.015
		1352		13.4898		0.394253		295.69		-2.67156		293.019
		1353		13.4998		0.394259		295.694		-2.67174		293.022
		1354		13.5097		0.394264		295.698		-2.67193		293.026
		1355		13.5197		0.394269		295.702		-2.67211		293.03
		1356		13.5297		0.394274		295.706		-2.6723		293.034
		1357		13.5397		0.39428		295.71		-2.67248		293.037
		1358		13.5497		0.394285		295.714		-2.67267		293.041
		1359		13.5596		0.39429		295.718		-2.67286		293.045
		1360		13.5696		0.394296		295.722		-2.67304		293.049
		1361		13.5796		0.394301		295.726		-2.67323		293.052
		1362		13.5896		0.394306		295.73		-2.67341		293.056
		1363		13.5995		0.394311		295.734		-2.6736		293.06
		1364		13.6095		0.394317		295.737		-2.67379		293.064
		1365		13.6195		0.394322		295.741		-2.67398		293.067
		1366		13.6295		0.394327		295.745		-2.67416		293.071
		1367		13.6395		0.394333		295.749		-2.67435		293.075
		1368		13.6494		0.394338		295.753		-2.67454		293.079
		1369		13.6594		0.394343		295.757		-2.67473		293.083
		1370		13.6694		0.394349		295.761		-2.67492		293.086
		1371		13.6794		0.394354		295.765		-2.67511		293.09
		1372		13.6893		0.394359		295.769		-2.6753		293.094
		1373		13.6993		0.394365		295.773		-2.67548		293.098
		1374		13.7093		0.39437		295.777		-2.67567		293.102
		1375		13.7193		0.394375		295.781		-2.67586		293.106
		1376		13.7293		0.394381		295.785		-2.67605		293.109
		1377		13.7392		0.394386		295.789		-2.67624		293.113
		1378		13.7492		0.394391		295.793		-2.67643		293.117
		1379		13.7592		0.394397		295.797		-2.67662		293.121
		1380		13.7692		0.394402		295.802		-2.67681		293.125
		1381		13.7791		0.394407		295.806		-2.67701		293.129
		1382		13.7891		0.394413		295.81		-2.6772		293.132
		1383		13.7991		0.394418		295.814		-2.67739		293.136
		1384		13.8091		0.394424		295.818		-2.67758		293.14
		1385		13.8191		0.394429		295.822		-2.67777		293.144
		1386		13.829		0.394434		295.826		-2.67796		293.148
		1387		13.839		0.39444		295.83		-2.67816		293.152
		1388		13.849		0.394445		295.834		-2.67835		293.156
		1389		13.859		0.394451		295.838		-2.67854		293.159
		1390		13.8689		0.394456		295.842		-2.67873		293.163
		1391		13.8789		0.394461		295.846		-2.67893		293.167
		1392		13.8889		0.394467		295.85		-2.67912		293.171
		1393		13.8989		0.394472		295.854		-2.67931		293.175
		1394		13.9088		0.394478		295.858		-2.67951		293.179
		1395		13.9188		0.394483		295.862		-2.6797		293.183
		1396		13.9288		0.394489		295.867		-2.6799		293.187
		1397		13.9388		0.394494		295.871		-2.68009		293.191
		1398		13.9488		0.3945		295.875		-2.68028		293.194
		1399		13.9587		0.394505		295.879		-2.68048		293.198
		1400		13.9687		0.394511		295.883		-2.68067		293.202
		1401		13.9787		0.394516		295.887		-2.68087		293.206
		1401		13.9787		0.394516		295.887		-2.68087		293.206
		1402		13.9887		0.394522		295.891		-2.68106		293.21
		1403		13.9986		0.394527		295.895		-2.68126		293.214
		1404		14.0086		0.394533		295.899		-2.68146		293.218
		1405		14.0186		0.394538		295.904		-2.68165		293.222
		1406		14.0286		0.394544		295.908		-2.68185		293.226
		1407		14.0386		0.394549		295.912		-2.68204		293.23
		1408		14.0485		0.394555		295.916		-2.68224		293.234
		1409		14.0585		0.39456		295.92		-2.68244		293.238
		1410		14.0685		0.394566		295.924		-2.68264		293.242
		1411		14.0785		0.394571		295.928		-2.68283		293.246
		1412		14.0884		0.394577		295.933		-2.68303		293.25
		1413		14.0984		0.394582		295.937		-2.68323		293.253
		1414		14.1084		0.394588		295.941		-2.68343		293.257
		1415		14.1184		0.394593		295.945		-2.68362		293.261
		1416		14.1284		0.394599		295.949		-2.68382		293.265
		1417		14.1383		0.394605		295.953		-2.68402		293.269
		1418		14.1483		0.39461		295.958		-2.68422		293.273
		1419		14.1583		0.394616		295.962		-2.68442		293.277
		1420		14.1683		0.394621		295.966		-2.68462		293.281
		1421		14.1782		0.394627		295.97		-2.68482		293.285
		1422		14.1882		0.394632		295.974		-2.68502		293.289
		1423		14.1982		0.394638		295.979		-2.68522		293.293
		1424		14.2082		0.394644		295.983		-2.68542		293.297
		1425		14.2182		0.394649		295.987		-2.68562		293.301
		1426		14.2281		0.394655		295.991		-2.68582		293.305
		1427		14.2381		0.39466		295.995		-2.68602		293.309
		1428		14.2481		0.394666		296		-2.68622		293.313
		1429		14.2581		0.394672		296.004		-2.68642		293.317
		1430		14.268		0.394677		296.008		-2.68662		293.321
		1431		14.278		0.394683		296.012		-2.68683		293.325
		1432		14.288		0.394689		296.016		-2.68703		293.329
		1433		14.298		0.394694		296.021		-2.68723		293.333
		1434		14.308		0.3947		296.025		-2.68743		293.338
		1435		14.3179		0.394706		296.029		-2.68763		293.342
		1436		14.3279		0.394711		296.033		-2.68784		293.346
		1437		14.3379		0.394717		296.038		-2.68804		293.35
		1438		14.3479		0.394723		296.042		-2.68824		293.354
		1439		14.3578		0.394728		296.046		-2.68845		293.358
		1440		14.3678		0.394734		296.05		-2.68865		293.362
		1441		14.3778		0.39474		296.055		-2.68885		293.366
		1442		14.3878		0.394745		296.059		-2.68906		293.37
		1443		14.3978		0.394751		296.063		-2.68926		293.374
		1444		14.4077		0.394757		296.068		-2.68947		293.378
		1445		14.4177		0.394762		296.072		-2.68967		293.382
		1446		14.4277		0.394768		296.076		-2.68988		293.386
		1447		14.4377		0.394774		296.08		-2.69008		293.39
		1448		14.4476		0.39478		296.085		-2.69029		293.394
		1449		14.4576		0.394785		296.089		-2.69049		293.399
		1450		14.4676		0.394791		296.093		-2.6907		293.403
		1451		14.4776		0.394797		296.098		-2.69091		293.407
		1451		14.4776		0.394797		296.098		-2.69091		293.407
		1452		14.4876		0.394803		296.102		-2.69111		293.411
		1453		14.4975		0.394808		296.106		-2.69132		293.415
		1454		14.5075		0.394814		296.111		-2.69152		293.419
		1455		14.5175		0.39482		296.115		-2.69173		293.423
		1456		14.5275		0.394826		296.119		-2.69194		293.427
		1457		14.5374		0.394831		296.124		-2.69215		293.431
		1458		14.5474		0.394837		296.128		-2.69235		293.436
		1459		14.5574		0.394843		296.132		-2.69256		293.44
		1460		14.5674		0.394849		296.137		-2.69277		293.444
		1461		14.5774		0.394855		296.141		-2.69298		293.448
		1462		14.5873		0.39486		296.145		-2.69319		293.452
		1463		14.5973		0.394866		296.15		-2.69339		293.456
		1464		14.6073		0.394872		296.154		-2.6936		293.46
		1465		14.6173		0.394878		296.158		-2.69381		293.465
		1466		14.6272		0.394884		296.163		-2.69402		293.469
		1467		14.6372		0.394889		296.167		-2.69423		293.473
		1468		14.6472		0.394895		296.171		-2.69444		293.477
		1469		14.6572		0.394901		296.176		-2.69465		293.481
		1470		14.6672		0.394907		296.18		-2.69486		293.485
		1471		14.6771		0.394913		296.185		-2.69507		293.49
		1472		14.6871		0.394919		296.189		-2.69528		293.494
		1473		14.6971		0.394925		296.193		-2.69549		293.498
		1474		14.7071		0.39493		296.198		-2.6957		293.502
		1475		14.717		0.394936		296.202		-2.69592		293.506
		1476		14.727		0.394942		296.207		-2.69613		293.51
		1477		14.737		0.394948		296.211		-2.69634		293.515
		1478		14.747		0.394954		296.215		-2.69655		293.519
		1479		14.7569		0.39496		296.22		-2.69676		293.523
		1480		14.7669		0.394966		296.224		-2.69698		293.527
		1481		14.7769		0.394972		296.229		-2.69719		293.532
		1482		14.7869		0.394978		296.233		-2.6974		293.536
		1483		14.7969		0.394983		296.238		-2.69761		293.54
		1484		14.8068		0.394989		296.242		-2.69783		293.544
		1485		14.8168		0.394995		296.246		-2.69804		293.548
		1486		14.8268		0.395001		296.251		-2.69825		293.553
		1487		14.8368		0.395007		296.255		-2.69847		293.557
		1488		14.8467		0.395013		296.26		-2.69868		293.561
		1489		14.8567		0.395019		296.264		-2.6989		293.565
		1490		14.8667		0.395025		296.269		-2.69911		293.57
		1491		14.8767		0.395031		296.273		-2.69933		293.574
		1492		14.8867		0.395037		296.278		-2.69954		293.578
		1493		14.8966		0.395043		296.282		-2.69976		293.582
		1494		14.9066		0.395049		296.287		-2.69997		293.587
		1495		14.9166		0.395055		296.291		-2.70019		293.591
		1496		14.9266		0.395061		296.296		-2.7004		293.595
		1497		14.9365		0.395067		296.3		-2.70062		293.599
		1498		14.9465		0.395073		296.305		-2.70084		293.604
		1499		14.9565		0.395079		296.309		-2.70105		293.608
		1500		14.9665		0.395085		296.314		-2.70127		293.612
		1501		14.9765		0.395091		296.318		-2.70149		293.617
		1501		14.9765		0.395091		296.318		-2.70149		293.617
		1502		14.9864		0.395097		296.323		-2.7017		293.621
		1503		14.9964		0.395103		296.327		-2.70192		293.625
		1504		15.0064		0.395109		296.332		-2.70214		293.629
		1505		15.0164		0.395115		296.336		-2.70236		293.634
		1506		15.0263		0.395121		296.341		-2.70258		293.638
		1507		15.0363		0.395127		296.345		-2.70279		293.642
		1508		15.0463		0.395133		296.35		-2.70301		293.647
		1509		15.0563		0.395139		296.354		-2.70323		293.651
		1510		15.0663		0.395145		296.359		-2.70345		293.655
		1511		15.0762		0.395151		296.363		-2.70367		293.66
		1512		15.0862		0.395157		296.368		-2.70389		293.664
		1513		15.0962		0.395163		296.372		-2.70411		293.668
		1514		15.1062		0.395169		296.377		-2.70433		293.673
		1515		15.1161		0.395175		296.382		-2.70455		293.677
		1516		15.1261		0.395181		296.386		-2.70477		293.681
		1517		15.1361		0.395188		296.391		-2.70499		293.686
		1518		15.1461		0.395194		296.395		-2.70521		293.69
