		timesteps		t		Temperature		Kin		Pot		TotalE		MSD
		0		0		6.59431		4945.73		-4257.43		688.302		1.39064e-312
		50		0.498883		4.91706		3687.8		-2999.56		688.235		0.113327
		100		0.997765		2.9286		2196.45		-1508.13		688.315		0.31012
		150		1.49665		3.26126		2445.95		-1757.66		688.291		0.44573
		200		1.99553		3.21133		2408.5		-1720.2		688.299		0.550163
		250		2.49441		3.31308		2484.81		-1796.51		688.3		0.628734
		300		2.9933		3.48679		2615.09		-1926.8		688.288		0.696196
		350		3.49218		3.25028		2437.71		-1749.4		688.31		0.767507
		400		3.99106		3.32135		2491.01		-1802.73		688.287		0.829752
		450		4.48994		3.22858		2421.43		-1733.13		688.306		0.885387
		500		4.98883		3.21928		2414.46		-1726.16		688.307		0.928788
		550		5.48771		3.30396		2477.97		-1789.67		688.294		0.959298
		600		5.98659		3.28571		2464.28		-1775.98		688.309		0.985465
		650		6.48547		3.27135		2453.52		-1765.2		688.311		1.00856
		700		6.98436		3.33034		2497.76		-1809.45		688.305		1.0276
		750		7.48324		3.38304		2537.28		-1848.97		688.303		1.04674
		800		7.98212		3.32187		2491.4		-1803.11		688.298		1.07026
		850		8.48101		3.31498		2486.24		-1797.92		688.318		1.0923
		900		8.97989		3.57302		2679.76		-1991.47		688.296		1.11684
		950		9.47877		3.33493		2501.2		-1812.9		688.306		1.16078
		1000		9.97765		3.31878		2489.08		-1800.78		688.302		1.20956
		1050		10.4765		3.36958		2527.19		-1838.88		688.31		1.259
		1100		10.9754		3.41227		2559.2		-1870.9		688.298		1.31004
		1150		11.4743		3.31107		2483.3		-1795		688.303		1.36123
		1200		11.9732		3.14502		2358.77		-1670.46		688.311		1.4112
		1250		12.4721		3.28017		2460.13		-1771.83		688.299		1.4592
		1300		12.9709		3.26032		2445.24		-1756.94		688.306		1.51384
		1350		13.4698		3.26797		2450.97		-1762.67		688.299		1.56865
		1400		13.9687		3.21792		2413.44		-1725.13		688.308		1.62351
		1450		14.4676		3.26098		2445.73		-1757.43		688.305		1.68684
		1500		14.9665		3.25923		2444.42		-1756.12		688.306		1.75828
		1550		15.4654		3.11051		2332.88		-1644.58		688.303		1.84395
		1600		15.9642		3.17076		2378.07		-1689.77		688.304		1.93373
		1650		16.4631		3.14831		2361.23		-1672.93		688.306		2.02432
		1700		16.962		3.19004		2392.53		-1704.23		688.299		2.10518
		1750		17.4609		3.25865		2443.99		-1755.68		688.304		2.17913
		1800		17.9598		3.16862		2376.46		-1688.15		688.312		2.25842
		1850		18.4587		3.25641		2442.31		-1754.02		688.287		2.33636
		1900		18.9575		3.13086		2348.14		-1659.83		688.308		2.40768
		1950		19.4564		3.22402		2418.01		-1729.72		688.297		2.46771
		2000		19.9553		3.16924		2376.93		-1688.63		688.304		2.53081
		2050		20.4542		3.25432		2440.74		-1752.44		688.304		2.59968
		2100		20.9531		3.30984		2482.38		-1794.08		688.297		2.6813
		2150		21.452		3.20222		2401.67		-1713.35		688.311		2.78244
		2200		21.9508		3.1632		2372.4		-1684.1		688.3		2.89291
		2250		22.4497		2.92334		2192.51		-1504.2		688.312		2.99335
		2300		22.9486		3.1356		2351.7		-1663.41		688.289		3.0644
		2350		23.4475		3.2218		2416.35		-1728.06		688.287		3.14366
		2400		23.9464		3.06476		2298.57		-1610.27		688.302		3.24337
		2450		24.4453		3.13394		2350.45		-1662.14		688.311		3.34929
		2500		24.9441		3.2215		2416.12		-1727.82		688.299		3.46627
		2550		25.443		3.03956		2279.67		-1591.35		688.315		3.60532
		2600		25.9419		3.17823		2383.68		-1695.38		688.292		3.74832
		2650		26.4408		3.04429		2283.22		-1594.91		688.307		3.88877
		2700		26.9397		2.99118		2243.38		-1555.07		688.31		4.03463
		2750		27.4385		3.16166		2371.25		-1682.95		688.298		4.189
		2800		27.9374		3.07619		2307.15		-1618.84		688.31		4.34162
		2850		28.4363		3.13542		2351.56		-1663.26		688.301		4.47193
		2900		28.9352		3.18766		2390.74		-1702.44		688.3		4.59249
		2950		29.4341		3.13035		2347.77		-1659.46		688.31		4.72941
		3000		29.933		3.05216		2289.12		-1600.8		688.316		4.87866
		3050		30.4318		3.10859		2331.44		-1643.14		688.298		5.01458
		3100		30.9307		2.99365		2245.24		-1556.92		688.311		5.12161
		3150		31.4296		3.05532		2291.49		-1603.18		688.303		5.20789
		3200		31.9285		3.03948		2279.61		-1591.3		688.315		5.31282
		3250		32.4274		3.20447		2403.35		-1715.05		688.3		5.44012
		3300		32.9263		3.23935		2429.51		-1741.21		688.298		5.60452
		3350		33.4251		3.04769		2285.76		-1597.45		688.315		5.79749
		3400		33.924		3.12732		2345.49		-1657.18		688.305		5.98608
		3450		34.4229		3.1475		2360.62		-1672.33		688.296		6.16209
		3500		34.9218		3.0664		2299.8		-1611.49		688.309		6.31873
		3550		35.4207		3.10676		2330.07		-1641.76		688.305		6.45302
		3600		35.9196		3.07371		2305.29		-1616.98		688.304		6.55556
		3650		36.4184		3.06194		2296.45		-1608.15		688.306		6.63024
		3700		36.9173		3.07676		2307.57		-1619.27		688.304		6.70123
		3750		37.4162		3.03066		2273		-1584.69		688.309		6.77753
		3800		37.9151		3.03954		2279.65		-1591.35		688.306		6.86639
		3850		38.414		3.06505		2298.79		-1610.49		688.3		6.95553
		3900		38.9128		3.04233		2281.75		-1593.45		688.296		7.03845
		3950		39.4117		3.06107		2295.81		-1607.5		688.303		7.12735
		4000		39.9106		3.04417		2283.13		-1594.83		688.298		7.23683
		4050		40.4095		3.04029		2280.21		-1591.91		688.301		7.3518
		4100		40.9084		3.17759		2383.19		-1694.88		688.312		7.45424
		4150		41.4073		3.20736		2405.52		-1717.22		688.302		7.5404
		4200		41.9061		3.19076		2393.07		-1704.77		688.298		7.59492
		4250		42.405		3.08168		2311.26		-1622.95		688.313		7.64834
		4300		42.9039		3.17335		2380.01		-1691.72		688.295		7.73487
		4350		43.4028		3.06998		2302.48		-1614.17		688.313		7.84325
		4400		43.9017		3.05486		2291.15		-1602.84		688.309		7.94912
		4450		44.4006		3.08688		2315.16		-1626.85		688.314		8.07536
		4500		44.8994		3.18963		2392.22		-1703.93		688.297		8.23355
		4550		45.3983		3.02423		2268.17		-1579.86		688.309		8.42369
		4600		45.8972		3.07242		2304.31		-1616.01		688.306		8.6086
		4650		46.3961		3.12418		2343.13		-1654.83		688.306		8.78985
		4700		46.895		2.97969		2234.76		-1546.44		688.32		8.96584
		4750		47.3939		3.07482		2306.11		-1617.81		688.303		9.10372
		4800		47.8927		3.12371		2342.78		-1654.48		688.303		9.22978
		4850		48.3916		3.19844		2398.83		-1710.52		688.308		9.37004
		4900		48.8905		3.10089		2325.67		-1637.36		688.308		9.51677
		4950		49.3894		3.03445		2275.84		-1587.53		688.308		9.65175
		5000		49.8883		3.07514		2306.36		-1618.06		688.3		9.78991
		5050		50.3872		3.03545		2276.59		-1588.27		688.312		9.9195
		5100		50.886		3.08501		2313.76		-1625.45		688.308		10.0295
		5150		51.3849		3.13726		2352.94		-1664.63		688.312		10.1261
		5200		51.8838		3.32519		2493.89		-1805.59		688.3		10.2253
		5250		52.3827		3.15105		2363.28		-1674.97		688.314		10.3505
		5300		52.8816		3.11839		2338.8		-1650.49		688.31		10.506
		5350		53.3804		3.15621		2367.16		-1678.86		688.304		10.6701
		5400		53.8793		3.29011		2467.58		-1779.29		688.294		10.8089
		5450		54.3782		3.19777		2398.33		-1710.02		688.305		10.9379
		5500		54.8771		3.10983		2332.37		-1644.07		688.301		11.0634
		5550		55.376		3.05037		2287.78		-1599.46		688.31		11.1875
		5600		55.8749		3.16036		2370.27		-1681.97		688.301		11.3138
		5650		56.3737		3.10968		2332.26		-1643.96		688.304		11.4597
		5700		56.8726		3.05035		2287.77		-1599.46		688.305		11.6077
		5750		57.3715		3.00062		2250.47		-1562.16		688.31		11.74
		5800		57.8704		3.04798		2285.98		-1597.69		688.297		11.8595
		5850		58.3693		3.05205		2289.03		-1600.72		688.313		11.9548
		5900		58.8682		3.18696		2390.22		-1701.92		688.306		12.0089
		5950		59.367		3.05694		2292.71		-1604.4		688.309		12.0576
		6000		59.8659		3.03024		2272.68		-1584.37		688.305		12.1199
		6050		60.3648		3.04598		2284.48		-1596.17		688.31		12.211
		6100		60.8637		2.94739		2210.55		-1522.23		688.312		12.3226
		6150		61.3626		3.13429		2350.72		-1662.42		688.299		12.4146
		6200		61.8615		3.17288		2379.66		-1691.35		688.306		12.5222
		6250		62.3603		3.10247		2326.85		-1638.55		688.302		12.6871
		6300		62.8592		3.06822		2301.17		-1612.87		688.3		12.8647
		6350		63.3581		3.1115		2333.62		-1645.32		688.299		12.9916
		6400		63.857		3.03692		2277.69		-1589.37		688.318		13.106
		6450		64.3559		3.09392		2320.44		-1632.14		688.305		13.2636
		6500		64.8547		3.10687		2330.15		-1641.84		688.309		13.4732
		6550		65.3536		3.13986		2354.89		-1666.59		688.305		13.726
		6600		65.8525		3.087		2315.25		-1626.95		688.306		13.9682
		6650		66.3514		2.95826		2218.7		-1530.39		688.307		14.1676
		6700		66.8503		2.97324		2229.93		-1541.64		688.294		14.3386
		6750		67.3492		2.91928		2189.46		-1501.15		688.312		14.4672
		6800		67.848		3.03991		2279.93		-1591.63		688.304		14.582
		6850		68.3469		3.06722		2300.41		-1612.1		688.31		14.7108
		6900		68.8458		3.12539		2344.04		-1655.74		688.302		14.8851
		6950		69.3447		3.10232		2326.74		-1638.43		688.313		15.0772
		7000		69.8436		3.17218		2379.14		-1690.84		688.301		15.2512
		7050		70.3425		2.96137		2221.03		-1532.71		688.314		15.4063
		7100		70.8413		3.01462		2260.96		-1572.66		688.306		15.5446
		7150		71.3402		3.13548		2351.61		-1663.3		688.304		15.6932
		7200		71.8391		3.08929		2316.97		-1628.66		688.303		15.8539
		7250		72.338		3.05113		2288.35		-1600.04		688.311		15.9861
		7300		72.8369		3.16		2370		-1681.7		688.301		16.0995
		7350		73.3358		3.05333		2290		-1601.69		688.31		16.2124
		7400		73.8346		3.21698		2412.73		-1724.44		688.292		16.3211
		7450		74.3335		3.06526		2298.94		-1610.63		688.312		16.4795
		7500		74.8324		3.02484		2268.63		-1580.32		688.309		16.6774
		7550		75.3313		3.23953		2429.65		-1741.34		688.303		16.8765
		7600		75.8302		3.15392		2365.44		-1677.13		688.309		17.0776
		7650		76.329		3.0649		2298.67		-1610.37		688.302		17.2843
		7700		76.8279		3.17538		2381.54		-1693.23		688.301		17.4329
		7750		77.3268		3.21568		2411.76		-1723.46		688.301		17.5088
		7800		77.8257		3.09842		2323.82		-1635.51		688.308		17.568
		7850		78.3246		3.16919		2376.89		-1688.59		688.3		17.6763
		7900		78.8235		3.07506		2306.3		-1617.99		688.31		17.8216
		7950		79.3223		3.05606		2292.05		-1603.75		688.301		17.9745
		8000		79.8212		3.07136		2303.52		-1615.21		688.31		18.1221
		8050		80.3201		3.12995		2347.46		-1659.16		688.307		18.2813
		8100		80.819		3.17107		2378.3		-1689.99		688.307		18.4868
		8150		81.3179		3.14075		2355.57		-1667.26		688.305		18.7185
		8200		81.8168		3.08748		2315.61		-1627.3		688.306		18.9073
		8250		82.3156		3.06541		2299.05		-1610.75		688.308		19.0442
		8300		82.8145		3.10143		2326.07		-1637.76		688.307		19.1669
		8350		83.3134		3.06253		2296.9		-1608.59		688.313		19.2836
		8400		83.8123		3.1237		2342.78		-1654.48		688.303		19.4045
		8450		84.3112		3.14785		2360.88		-1672.58		688.308		19.5143
		8500		84.8101		3.11289		2334.67		-1646.37		688.303		19.6313
		8550		85.3089		3.02593		2269.45		-1581.14		688.305		19.7641
		8600		85.8078		3.03187		2273.9		-1585.6		688.302		19.8856
		8650		86.3067		3.05567		2291.76		-1603.45		688.303		19.9711
		8700		86.8056		3.03606		2277.05		-1588.73		688.319		20.0136
		8750		87.3045		3.0849		2313.67		-1625.36		688.312		20.0304
		8800		87.8034		3.0593		2294.47		-1606.17		688.304		20.1083
		8850		88.3022		2.96966		2227.24		-1538.93		688.315		20.2556
		8900		88.8011		3.15067		2363		-1674.7		688.298		20.4306
		8950		89.3		3.09222		2319.16		-1630.86		688.306		20.6183
		9000		89.7989		3.11027		2332.7		-1644.39		688.305		20.8314
		9050		90.2978		3.15285		2364.63		-1676.34		688.296		21.0658
		9100		90.7966		3.00488		2253.66		-1565.35		688.312		21.2828
		9150		91.2955		3.03298		2274.74		-1586.43		688.302		21.4522
		9200		91.7944		2.97506		2231.29		-1542.99		688.309		21.5591
		9250		92.2933		3.05723		2292.92		-1604.62		688.3		21.6555
		9300		92.7922		3.05273		2289.55		-1601.23		688.312		21.7681
		9350		93.2911		3.15499		2366.24		-1677.95		688.297		21.8697
		9400		93.7899		3.11233		2334.25		-1645.94		688.311		21.9205
		9450		94.2888		3.20149		2401.12		-1712.82		688.296		21.9202
		9500		94.7877		3.11713		2337.85		-1649.54		688.306		21.9472
		9550		95.2866		3.05745		2293.09		-1604.77		688.316		22.0575
		9600		95.7855		3.06295		2297.21		-1608.91		688.305		22.1722
		9650		96.2844		3.01931		2264.48		-1576.17		688.314		22.2639
		9700		96.7832		3.21724		2412.93		-1724.63		688.302		22.3632
		9750		97.2821		3.19691		2397.68		-1709.38		688.308		22.5033
		9800		97.781		3.21684		2412.63		-1724.33		688.301		22.6647
		9850		98.2799		3.1032		2327.4		-1639.09		688.308		22.8429
		9900		98.7788		3.05132		2288.49		-1600.19		688.307		23.009
		9950		99.2777		3.12069		2340.52		-1652.22		688.305		23.1436
		10000		99.7765		3.11933		2339.5		-1651.2		688.303		23.2401
		10050		100.275		2.9704		2227.8		-1539.48		688.317		23.2619
		10100		100.774		3.12358		2342.69		-1654.38		688.301		23.2283
		10150		101.273		3.12615		2344.61		-1656.31		688.307		23.2047
		10200		101.772		3.11717		2337.88		-1649.57		688.308		23.2171
		10250		102.271		3.15525		2366.44		-1678.13		688.31		23.2644
		10300		102.77		3.16213		2371.59		-1683.29		688.305		23.3358
		10350		103.269		3.1547		2366.03		-1677.72		688.306		23.433
		10400		103.768		3.26539		2449.04		-1760.74		688.299		23.483
		10450		104.266		3.16923		2376.93		-1688.62		688.311		23.4764
		10500		104.765		3.15659		2367.44		-1679.15		688.299		23.4637
		10550		105.264		3.06321		2297.41		-1609.09		688.313		23.4554
		10600		105.763		3.17539		2381.54		-1693.24		688.296		23.4673
		10650		106.262		3.17936		2384.52		-1696.22		688.303		23.52
		10700		106.761		3.11148		2333.61		-1645.3		688.307		23.6476
		10750		107.26		3.02677		2270.08		-1581.77		688.309		23.7936
		10800		107.759		3.06973		2302.29		-1613.98		688.312		23.8322
		10850		108.258		3.19033		2392.75		-1704.44		688.304		23.7798
		10900		108.756		3.12578		2344.34		-1656.03		688.308		23.7309
		10950		109.255		3.01635		2262.26		-1573.95		688.314		23.6941
		11000		109.754		3.01912		2264.34		-1576.03		688.307		23.6845
		11050		110.253		3.05637		2292.27		-1603.97		688.304		23.7365
		11100		110.752		3.03425		2275.69		-1587.38		688.307		23.8507
		11150		111.251		2.96005		2220.03		-1531.73		688.301		23.9669
		11200		111.75		2.86525		2148.93		-1460.63		688.302		24.0355
		11250		112.249		3.01379		2260.34		-1572.03		688.307		24.0622
		11300		112.747		3.15619		2367.14		-1678.83		688.309		24.0969
		11350		113.246		3.08448		2313.36		-1625.05		688.307		24.1871
		11400		113.745		3.10426		2328.19		-1639.89		688.307		24.2658
		11450		114.244		3.26845		2451.34		-1763.05		688.29		24.2964
		11500		114.743		3.01451		2260.88		-1572.56		688.322		24.3199
		11550		115.242		3.15493		2366.2		-1677.9		688.304		24.3731
		11600		115.741		3.2139		2410.43		-1722.12		688.307		24.4992
		11650		116.24		3.08289		2312.17		-1623.85		688.316		24.6726
		11700		116.739		3.10426		2328.19		-1639.9		688.299		24.7983
		11750		117.237		3.07735		2308.01		-1619.7		688.31		24.8595
		11800		117.736		3.21137		2408.53		-1720.24		688.289		24.9023
		11850		118.235		3.02192		2266.44		-1578.12		688.316		24.9771
		11900		118.734		3.12784		2345.88		-1657.57		688.308		25.0734
		11950		119.233		3.20272		2402.04		-1713.75		688.295		25.1891
		12000		119.732		3.06767		2300.75		-1612.45		688.302		25.3024
		12050		120.231		3.02664		2269.98		-1581.67		688.314		25.3936
		12100		120.73		3.18222		2386.66		-1698.37		688.294		25.5053
		12150		121.228		3.00868		2256.51		-1568.21		688.305		25.6464
		12200		121.727		3.0793		2309.48		-1621.16		688.313		25.8269
		12250		122.226		3.21947		2414.6		-1726.31		688.297		26.0424
		12300		122.725		3.1541		2365.58		-1677.27		688.308		26.2333
		12350		123.224		3.10683		2330.12		-1641.81		688.313		26.3894
		12400		123.723		3.07462		2305.97		-1617.66		688.306		26.5209
		12450		124.222		3.1013		2325.98		-1637.68		688.301		26.622
		12500		124.721		3.00271		2252.03		-1563.72		688.316		26.6794
		12550		125.22		3.20405		2403.04		-1714.73		688.304		26.7121
		12600		125.718		3.21616		2412.12		-1723.81		688.304		26.7718
		12650		126.217		3.15433		2365.75		-1677.45		688.303		26.917
		12700		126.716		3.09604		2322.03		-1633.7		688.327		27.0983
		12750		127.215		3.25114		2438.35		-1750.06		688.294		27.2427
		12800		127.714		3.01545		2261.59		-1573.27		688.317		27.3623
		12850		128.213		3.12723		2345.42		-1657.13		688.295		27.4322
		12900		128.712		3.17115		2378.36		-1690.06		688.306		27.4478
		12950		129.211		3.11664		2337.48		-1649.18		688.295		27.4561
		13000		129.709		3.03066		2272.99		-1584.69		688.299		27.5138
		13050		130.208		3.072		2304		-1615.68		688.315		27.6231
		13100		130.707		3.2102		2407.65		-1719.35		688.3		27.7533
		13150		131.206		3.06		2295		-1606.69		688.317		27.8873
		13200		131.705		3.20658		2404.93		-1716.64		688.298		28.0065
		13250		132.204		3.24503		2433.77		-1745.46		688.306		28.1232
		13300		132.703		3.12188		2341.41		-1653.09		688.319		28.3053
		13350		133.202		3.25079		2438.09		-1749.8		688.296		28.5176
		13400		133.701		3.11244		2334.33		-1646.02		688.303		28.7188
		13450		134.199		3.13321		2349.91		-1661.6		688.302		28.876
		13500		134.698		3.17113		2378.35		-1690.04		688.309		28.9746
		13550		135.197		3.13036		2347.77		-1659.46		688.304		29.0294
		13600		135.696		3.04267		2282.01		-1593.69		688.316		29.0912
		13650		136.195		3.0927		2319.53		-1631.22		688.311		29.1906
		13700		136.694		3.22168		2416.26		-1727.96		688.302		29.3098
		13750		137.193		3.16643		2374.82		-1686.52		688.304		29.4703
		13800		137.692		2.95784		2218.38		-1530.07		688.309		29.6674
		13850		138.191		3.01002		2257.52		-1569.21		688.309		29.8369
		13900		138.689		3.1514		2363.55		-1675.24		688.308		29.949
		13950		139.188		3.02856		2271.42		-1583.11		688.309		30.0156
		14000		139.687		2.9677		2225.77		-1537.46		688.31		30.0782
		14050		140.186		3.12724		2345.43		-1657.13		688.3		30.1676
		14100		140.685		3.03586		2276.89		-1588.59		688.305		30.2971
		14150		141.184		2.96618		2224.64		-1536.33		688.306		30.4261
		14200		141.683		2.99665		2247.49		-1559.17		688.312		30.5423
		14250		142.182		3.08012		2310.09		-1621.79		688.304		30.7173
		14300		142.68		3.11646		2337.34		-1649.04		688.302		30.9504
		14350		143.179		3.09922		2324.42		-1636.11		688.31		31.2069
		14400		143.678		3.23631		2427.23		-1738.94		688.296		31.4688
		14450		144.177		3.07425		2305.69		-1617.38		688.311		31.738
		14500		144.676		3.05353		2290.15		-1601.84		688.308		31.9697
		14550		145.175		3.11804		2338.53		-1650.22		688.313		32.1141
		14600		145.674		3.16135		2371.01		-1682.72		688.29		32.182
		14650		146.173		2.88912		2166.84		-1478.52		688.32		32.2607
		14700		146.672		3.0863		2314.73		-1626.43		688.299		32.3529
		14750		147.17		3.03523		2276.43		-1588.11		688.316		32.4508
		14800		147.669		3.14137		2356.03		-1667.73		688.305		32.5511
		14850		148.168		3.24914		2436.85		-1748.55		688.301		32.6816
		14900		148.667		3.24877		2436.58		-1748.27		688.308		32.858
		14950		149.166		3.17778		2383.34		-1695.02		688.318		33.0336
		15000		149.665		3.24255		2431.91		-1743.61		688.307		33.2115
		15050		150.164		3.19759		2398.19		-1709.89		688.303		33.4416
		15100		150.663		3.13577		2351.83		-1663.53		688.303		33.6728
		15150		151.161		3.05417		2290.63		-1602.31		688.316		33.8477
		15200		151.66		3.21167		2408.75		-1720.46		688.295		33.9356
		15250		152.159		3.10355		2327.66		-1639.36		688.308		33.9602
		15300		152.658		3.06345		2297.58		-1609.28		688.304		33.9741
		15350		153.157		3.04909		2286.82		-1598.52		688.304		34.0023
		15400		153.656		3.01445		2260.84		-1572.54		688.303		34.0843
		15450		154.155		3.10526		2328.95		-1640.64		688.303		34.1578
		15500		154.654		3.11007		2332.55		-1644.24		688.306		34.1896
		15550		155.153		3.0956		2321.7		-1633.39		688.308		34.163
		15600		155.651		3.22146		2416.09		-1727.79		688.301		34.0906
		15650		156.15		3.14319		2357.39		-1669.08		688.314		34.0721
		15700		156.649		3.01627		2262.2		-1573.88		688.318		34.1673
		15750		157.148		3.0447		2283.53		-1595.22		688.303		34.3195
		15800		157.647		3.11711		2337.83		-1649.52		688.315		34.4911
		15850		158.146		3.17863		2383.97		-1695.67		688.296		34.662
		15900		158.645		2.97204		2229.03		-1540.71		688.314		34.8475
		15950		159.144		3.10335		2327.52		-1639.21		688.31		35.0775
		16000		159.642		3.16003		2370.02		-1681.72		688.304		35.3246
		16050		160.141		3.09157		2318.67		-1630.36		688.31		35.5438
		16100		160.64		3.10297		2327.22		-1638.92		688.307		35.6688
		16150		161.139		3.17534		2381.5		-1693.19		688.314		35.7613
		16200		161.638		3.25045		2437.84		-1749.53		688.306		35.8649
		16250		162.137		3.13075		2348.06		-1659.76		688.309		36.0079
		16300		162.636		3.03696		2277.72		-1589.41		688.302		36.2071
		16350		163.135		3.0027		2252.02		-1563.71		688.309		36.4211
		16400		163.634		3.11054		2332.9		-1644.59		688.312		36.6651
		16450		164.132		3.11171		2333.79		-1645.48		688.305		36.8988
		16500		164.631		3.05374		2290.3		-1601.99		688.311		37.0827
		16550		165.13		3.09401		2320.51		-1632.2		688.303		37.259
		16600		165.629		3.02543		2269.07		-1580.76		688.312		37.4452
		16650		166.128		3.08962		2317.22		-1628.9		688.313		37.6164
		16700		166.627		3.20536		2404.02		-1715.72		688.299		37.7895
		16750		167.126		2.99891		2249.18		-1560.86		688.323		37.9828
		16800		167.625		3.09458		2320.93		-1632.63		688.299		38.2583
		16850		168.123		3.04019		2280.15		-1591.84		688.303		38.582
		16900		168.622		2.96206		2221.55		-1533.24		688.306		38.8676
		16950		169.121		3.02224		2266.68		-1578.38		688.304		39.0601
		17000		169.62		3.0927		2319.53		-1631.22		688.304		39.1887
		17050		170.119		3.03707		2277.81		-1589.5		688.308		39.2731
		17100		170.618		3.03159		2273.69		-1585.38		688.307		39.3626
		17150		171.117		3.05817		2293.63		-1605.32		688.315		39.5169
		17200		171.616		3.22046		2415.35		-1727.05		688.295		39.6803
		17250		172.115		3.11454		2335.9		-1647.59		688.311		39.8635
		17300		172.613		3.06081		2295.61		-1607.3		688.31		40.1303
		17350		173.112		3.13031		2347.73		-1659.43		688.307		40.3999
		17400		173.611		3.22166		2416.25		-1727.95		688.299		40.5766
		17450		174.11		3.10456		2328.42		-1640.11		688.303		40.6625
		17500		174.609		3.11006		2332.55		-1644.25		688.3		40.7003
		17550		175.108		3.04216		2281.62		-1593.32		688.302		40.7531
		17600		175.607		2.94714		2210.35		-1522.04		688.314		40.8602
		17650		176.106		3.04139		2281.04		-1592.74		688.303		40.954
		17700		176.604		3.10774		2330.8		-1642.5		688.299		41.0106
		17750		177.103		3.04731		2285.48		-1597.18		688.304		41.1329
		17800		177.602		3.10105		2325.79		-1637.49		688.299		41.337
		17850		178.101		3.16084		2370.63		-1682.32		688.312		41.547
		17900		178.6		3.26069		2445.52		-1757.21		688.305		41.7484
		17950		179.099		3.19309		2394.82		-1706.52		688.304		41.9673
		18000		179.598		3.07329		2304.96		-1616.65		688.313		42.1684
		18050		180.097		3.06183		2296.37		-1608.07		688.304		42.3035
		18100		180.596		2.96077		2220.57		-1532.27		688.309		42.3946
		18150		181.094		3.02212		2266.59		-1578.28		688.313		42.4442
		18200		181.593		3.07278		2304.59		-1616.29		688.301		42.5168
		18250		182.092		3.11697		2337.72		-1649.42		688.301		42.6133
		18300		182.591		3.12482		2343.61		-1655.3		688.31		42.7151
		18350		183.09		3.12327		2342.45		-1654.14		688.31		42.8456
		18400		183.589		3.18054		2385.4		-1697.11		688.296		42.9948
		18450		184.088		3.05186		2288.9		-1600.59		688.309		43.1074
		18500		184.587		3.05274		2289.56		-1601.24		688.312		43.1592
		18550		185.085		3.12874		2346.55		-1658.25		688.3		43.1783
		18600		185.584		3.0966		2322.45		-1634.15		688.306		43.197
		18650		186.083		3.10646		2329.85		-1641.55		688.299		43.3081
		18700		186.582		3.03416		2275.62		-1587.31		688.307		43.4706
		18750		187.081		3.11029		2332.72		-1644.41		688.302		43.6328
		18800		187.58		3.12633		2344.74		-1656.44		688.308		43.7775
		18850		188.079		3.12601		2344.51		-1656.2		688.313		43.8613
		18900		188.578		3.24395		2432.96		-1744.67		688.292		43.9246
		18950		189.077		3.22549		2419.12		-1730.81		688.305		44.0695
		19000		189.575		3.21298		2409.73		-1721.43		688.301		44.25
		19050		190.074		3.12937		2347.03		-1658.72		688.308		44.414
		19100		190.573		3.15573		2366.8		-1678.48		688.314		44.5239
		19150		191.072		3.23087		2423.16		-1734.85		688.303		44.5687
		19200		191.571		3.17261		2379.46		-1691.14		688.314		44.639
		19250		192.07		3.16998		2377.48		-1689.18		688.305		44.7747
		19300		192.569		3.14181		2356.36		-1668.05		688.3		44.9509
		19350		193.068		3.21887		2414.15		-1725.85		688.304		45.0814
		19400		193.566		3.21191		2408.93		-1720.62		688.315		45.1701
		19450		194.065		3.23198		2423.98		-1735.68		688.299		45.2601
		19500		194.564		3.07874		2309.05		-1620.74		688.313		45.2963
		19550		195.063		3.17612		2382.09		-1693.79		688.301		45.275
		19600		195.562		3.30283		2477.12		-1788.83		688.294		45.2719
		19650		196.061		3.13805		2353.54		-1665.22		688.314		45.3413
		19700		196.56		3.16777		2375.83		-1687.52		688.304		45.4757
		19750		197.059		3.16424		2373.18		-1684.88		688.301		45.5912
		19800		197.558		2.98008		2235.06		-1546.75		688.313		45.682
		19850		198.056		3.05831		2293.73		-1605.43		688.299		45.7343
		19900		198.555		3.0698		2302.35		-1614.04		688.314		45.7928
		19950		199.054		3.14732		2360.49		-1672.19		688.299		45.8584
		20000		199.553		3.13457		2350.93		-1662.63		688.299		45.9461
		20050		200.052		3.07822		2308.66		-1620.35		688.309		46.0452
		20100		200.551		3.14109		2355.81		-1667.51		688.305		46.088
		20150		201.05		3.20503		2403.77		-1715.47		688.299		46.0185
		20200		201.549		3.07308		2304.81		-1616.5		688.311		45.8682
		20250		202.047		3.05899		2294.24		-1605.92		688.318		45.7352
		20300		202.546		3.23869		2429.02		-1740.72		688.295		45.6379
		20350		203.045		3.08198		2311.48		-1623.17		688.312		45.7241
		20400		203.544		3.07601		2307.01		-1618.7		688.305		45.912
		20450		204.043		3.03331		2274.98		-1586.67		688.308		46.0543
		20500		204.542		3.05862		2293.97		-1605.66		688.313		46.0663
		20550		205.041		3.04882		2286.62		-1598.3		688.312		45.9984
		20600		205.54		3.11827		2338.7		-1650.39		688.304		45.9514
		20650		206.039		3.26081		2445.61		-1757.3		688.303		45.9493
		20700		206.537		3.16232		2371.74		-1683.44		688.308		46.0082
		20750		207.036		3.1037		2327.78		-1639.47		688.304		46.1159
		20800		207.535		2.98933		2242		-1553.69		688.309		46.2554
		20850		208.034		2.95119		2213.39		-1525.08		688.31		46.389
		20900		208.533		2.99998		2249.99		-1561.68		688.308		46.4513
		20950		209.032		3.00753		2255.65		-1567.34		688.309		46.4761
		21000		209.531		3.10725		2330.43		-1642.13		688.303		46.5304
		21050		210.03		3.16572		2374.29		-1685.99		688.304		46.6273
		21100		210.528		3.14807		2361.05		-1672.75		688.303		46.849
		21150		211.027		3.24292		2432.19		-1743.89		688.296		47.0922
		21200		211.526		3.16149		2371.11		-1682.8		688.314		47.2588
		21250		212.025		3.20317		2402.38		-1714.08		688.299		47.2904
		21300		212.524		3.19995		2399.97		-1711.67		688.3		47.2518
		21350		213.023		3.02476		2268.57		-1580.26		688.317		47.2405
		21400		213.522		3.08125		2310.94		-1622.64		688.3		47.2861
		21450		214.021		2.98098		2235.73		-1547.41		688.321		47.3144
		21500		214.52		3.19924		2399.43		-1711.14		688.29		47.3234
		21550		215.018		3.10024		2325.18		-1636.87		688.306		47.389
		21600		215.517		3.00988		2257.41		-1569.11		688.304		47.4206
		21650		216.016		3.06208		2296.56		-1608.25		688.306		47.3744
		21700		216.515		3.14448		2358.36		-1670.05		688.31		47.3375
		21750		217.014		3.11		2332.5		-1644.19		688.302		47.3561
		21800		217.513		3.08575		2314.31		-1626		688.309		47.4495
		21850		218.012		3.11794		2338.46		-1650.15		688.305		47.6183
		21900		218.511		3.12217		2341.63		-1653.33		688.302		47.8077
		21950		219.009		3.03972		2279.79		-1591.48		688.306		47.9571
		22000		219.508		2.92945		2197.09		-1508.79		688.297		48.0377
		22050		220.007		3.00446		2253.34		-1565.04		688.302		48.0957
		22100		220.506		3.10304		2327.28		-1638.98		688.3		48.1775
		22150		221.005		3.04128		2280.96		-1592.65		688.311		48.261
		22200		221.504		3.16375		2372.81		-1684.51		688.306		48.2862
		22250		222.003		3.02287		2267.15		-1578.84		688.313		48.2754
		22300		222.502		3.11155		2333.66		-1645.37		688.294		48.2922
		22350		223.001		2.98093		2235.7		-1547.39		688.31		48.3192
		22400		223.499		2.93378		2200.33		-1512.02		688.313		48.3193
		22450		223.998		3.05542		2291.56		-1603.26		688.306		48.3508
		22500		224.497		3.11793		2338.45		-1650.14		688.308		48.467
		22550		224.996		3.20413		2403.1		-1714.8		688.299		48.6748
		22600		225.495		3.15935		2369.51		-1681.21		688.301		48.9155
		22650		225.994		3.03452		2275.89		-1587.57		688.32		49.1251
		22700		226.493		3.16077		2370.58		-1682.28		688.303		49.2763
		22750		226.992		3.11728		2337.96		-1649.65		688.309		49.4162
		22800		227.491		3.08504		2313.78		-1625.47		688.309		49.5833
		22850		227.989		3.19068		2393.01		-1704.7		688.308		49.7456
		22900		228.488		3.12834		2346.26		-1657.94		688.313		49.8678
		22950		228.987		3.09325		2319.94		-1631.63		688.305		49.9651
		23000		229.486		3.03136		2273.52		-1585.21		688.309		50.0798
		23050		229.985		3.14655		2359.92		-1671.62		688.297		50.2199
		23100		230.484		3.09151		2318.63		-1630.32		688.311		50.3304
		23150		230.983		3.18767		2390.75		-1702.45		688.302		50.4372
		23200		231.482		3.22654		2419.91		-1731.61		688.297		50.5542
		23250		231.98		3.18474		2388.55		-1700.25		688.302		50.6745
		23300		232.479		3.10028		2325.21		-1636.9		688.31		50.7842
		23350		232.978		3.10827		2331.2		-1642.9		688.303		50.9341
		23400		233.477		3.13928		2354.46		-1666.16		688.305		51.1204
		23450		233.976		3.23484		2426.13		-1737.83		688.294		51.2574
		23500		234.475		3.07534		2306.5		-1618.19		688.308		51.3296
		23550		234.974		2.97912		2234.34		-1546.02		688.315		51.3785
		23600		235.473		3.10243		2326.82		-1638.52		688.304		51.3437
		23650		235.972		3.12557		2344.18		-1655.87		688.308		51.2464
		23700		236.47		3.13681		2352.61		-1664.31		688.302		51.2378
		23750		236.969		3.01811		2263.58		-1575.27		688.312		51.3274
		23800		237.468		3.05669		2292.52		-1604.22		688.301		51.4623
		23850		237.967		3.01582		2261.86		-1573.55		688.312		51.6164
		23900		238.466		3.05579		2291.84		-1603.53		688.311		51.7513
		23950		238.965		3.10607		2329.55		-1641.25		688.306		51.8913
		24000		239.464		2.99253		2244.4		-1556.09		688.306		52.0389
		24050		239.963		3.07755		2308.16		-1619.86		688.298		52.1706
		24100		240.461		3.11604		2337.03		-1648.73		688.308		52.2921
		24150		240.96		3.14359		2357.69		-1669.39		688.303		52.438
		24200		241.459		3.17714		2382.86		-1694.56		688.303		52.6714
		24250		241.958		3.03131		2273.48		-1585.17		688.316		52.9068
		24300		242.457		3.18568		2389.26		-1700.95		688.309		53.105
		24350		242.956		3.3448		2508.6		-1820.3		688.296		53.3549
		24400		243.455		3.00445		2253.34		-1565.02		688.322		53.6522
		24450		243.954		3.14516		2358.87		-1670.57		688.298		53.9081
		24500		244.453		3.05004		2287.53		-1599.23		688.306		54.065
		24550		244.951		3.10944		2332.08		-1643.79		688.29		54.2119
		24600		245.45		2.99284		2244.63		-1556.3		688.323		54.391
		24650		245.949		3.07039		2302.79		-1614.49		688.298		54.5574
		24700		246.448		3.05936		2294.52		-1606.22		688.302		54.7135
		24750		246.947		2.96548		2224.11		-1535.79		688.317		54.817
		24800		247.446		3.07576		2306.82		-1618.53		688.294		54.8256
		24850		247.945		3.02892		2271.69		-1583.37		688.314		54.7807
		24900		248.444		3.13704		2352.78		-1664.48		688.301		54.8586
		24950		248.942		3.08631		2314.74		-1626.43		688.308		55.0593
		25000		249.441		3.10496		2328.72		-1640.41		688.305		55.2617
		25050		249.94		3.17199		2378.99		-1690.7		688.294		55.4566
		25100		250.439		3.04682		2285.11		-1596.81		688.309		55.6395
		25150		250.938		3.10927		2331.95		-1643.66		688.292		55.7907
		25200		251.437		2.99409		2245.57		-1557.26		688.315		55.8283
		25250		251.936		3.17514		2381.36		-1693.05		688.306		55.7627
		25300		252.435		3.23696		2427.72		-1739.41		688.306		55.7493
		25350		252.934		3.21365		2410.24		-1721.94		688.304		55.899
		25400		253.432		3.16033		2370.25		-1681.95		688.298		56.1283
		25450		253.931		2.99368		2245.26		-1556.94		688.32		56.3379
		25500		254.43		3.08662		2314.96		-1626.65		688.307		56.5543
		25550		254.929		3.18724		2390.43		-1702.13		688.301		56.7611
		25600		255.428		3.12748		2345.61		-1657.31		688.306		56.9864
		25650		255.927		3.17744		2383.08		-1694.78		688.295		57.1896
		25700		256.426		3.12623		2344.67		-1656.36		688.308		57.3418
		25750		256.925		3.10773		2330.8		-1642.49		688.303		57.5003
		25800		257.423		2.9872		2240.4		-1552.08		688.32		57.6536
		25850		257.922		3.14442		2358.32		-1670.03		688.291		57.7667
		25900		258.421		3.07055		2302.91		-1614.6		688.306		57.878
		25950		258.92		3.18641		2389.81		-1701.51		688.295		58.004
		26000		259.419		3.19295		2394.72		-1706.42		688.3		58.1042
		26050		259.918		3.12546		2344.09		-1655.78		688.316		58.1551
		26100		260.417		3.0733		2304.98		-1616.67		688.309		58.2435
		26150		260.916		3.03222		2274.17		-1585.85		688.311		58.3994
		26200		261.415		3.21677		2412.58		-1724.28		688.3		58.5508
		26250		261.913		3.13127		2348.45		-1660.14		688.311		58.6577
		26300		262.412		3.1653		2373.97		-1685.67		688.301		58.7627
		26350		262.911		3.1545		2365.88		-1677.56		688.312		58.96
		26400		263.41		3.20233		2401.75		-1713.44		688.302		59.2391
		26450		263.909		2.96981		2227.36		-1539.05		688.31		59.5078
		26500		264.408		2.95615		2217.11		-1528.81		688.298		59.6893
		26550		264.907		3.09104		2318.28		-1629.97		688.312		59.7457
		26600		265.406		3.33154		2498.65		-1810.36		688.288		59.7426
		26650		265.904		3.09967		2324.75		-1636.44		688.314		59.7229
		26700		266.403		3.24835		2436.26		-1747.96		688.299		59.7451
		26750		266.902		3.28264		2461.98		-1773.69		688.293		59.7975
		26800		267.401		3.04119		2280.89		-1592.57		688.315		59.8501
		26850		267.9		3.10057		2325.43		-1637.12		688.306		59.8919
		26900		268.399		3.14126		2355.95		-1667.65		688.3		59.9544
		26950		268.898		3.07943		2309.57		-1621.27		688.302		60.018
		27000		269.397		3.10832		2331.24		-1642.94		688.298		60.0648
		27050		269.896		3.1521		2364.08		-1675.77		688.304		60.1196
		27100		270.394		3.12472		2343.54		-1655.24		688.306		60.2495
		27150		270.893		3.10044		2325.33		-1637.03		688.303		60.4802
		27200		271.392		3.11717		2337.88		-1649.57		688.307		60.691
		27250		271.891		3.23558		2426.68		-1738.39		688.291		60.8124
		27300		272.39		3.06142		2296.07		-1607.76		688.308		60.8679
		27350		272.889		3.17351		2380.13		-1691.85		688.28		60.9191
		27400		273.388		3.19709		2397.82		-1709.52		688.299		61.0059
		27450		273.887		3.13061		2347.95		-1659.64		688.314		61.1186
		27500		274.385		3.22827		2421.21		-1732.9		688.304		61.1781
		27550		274.884		3.07453		2305.9		-1617.59		688.309		61.2053
		27600		275.383		2.99206		2244.05		-1555.74		688.308		61.2513
		27650		275.882		3.00414		2253.1		-1564.8		688.3		61.3326
		27700		276.381		3.03218		2274.14		-1585.84		688.3		61.4279
		27750		276.88		3.10246		2326.84		-1638.54		688.309		61.6167
		27800		277.379		3.17527		2381.45		-1693.15		688.303		61.8136
		27850		277.878		3.05819		2293.64		-1605.33		688.316		61.9833
		27900		278.377		3.16143		2371.07		-1682.77		688.304		62.1407
		27950		278.875		3.22017		2415.13		-1726.83		688.305		62.2149
		28000		279.374		3.08981		2317.36		-1629.03		688.323		62.2678
		28050		279.873		3.19302		2394.77		-1706.47		688.301		62.3261
		28100		280.372		3.16134		2371		-1682.69		688.313		62.3798
		28150		280.871		3.13199		2348.99		-1660.69		688.304		62.4427
		28200		281.37		3.03885		2279.14		-1590.83		688.308		62.4432
		28250		281.869		3.01394		2260.46		-1572.15		688.306		62.4254
		28300		282.368		3.0871		2315.32		-1627.02		688.305		62.4896
		28350		282.866		3.16975		2377.31		-1689		688.311		62.6042
		28400		283.365		3.09811		2323.58		-1635.27		688.308		62.7299
		28450		283.864		3.00205		2251.54		-1563.23		688.31		62.9409
		28500		284.363		3.02972		2272.29		-1583.99		688.303		63.2182
		28550		284.862		2.92361		2192.71		-1504.39		688.321		63.4342
		28600		285.361		3.13828		2353.71		-1665.41		688.297		63.5004
		28650		285.86		3.09443		2320.82		-1632.52		688.304		63.477
		28700		286.359		3.02322		2267.42		-1579.11		688.308		63.4959
		28750		286.858		3.17968		2384.76		-1696.46		688.305		63.5275
		28800		287.356		3.21342		2410.07		-1721.76		688.306		63.5321
		28850		287.855		3.04954		2287.16		-1598.85		688.312		63.5902
		28900		288.354		3.12289		2342.17		-1653.87		688.3		63.7304
		28950		288.853		3.16766		2375.75		-1687.44		688.308		63.8252
		29000		289.352		3.09827		2323.7		-1635.4		688.305		63.8711
		29050		289.851		3.05436		2290.77		-1602.47		688.299		63.8659
		29100		290.35		3.0582		2293.65		-1605.35		688.3		63.8163
		29150		290.849		2.94704		2210.28		-1521.96		688.317		63.8232
		29200		291.347		3.19526		2396.44		-1708.14		688.304		63.9469
		29250		291.846		3.23953		2429.64		-1741.34		688.3		64.1436
		29300		292.345		3.15591		2366.93		-1678.62		688.313		64.3511
		29350		292.844		3.19409		2395.57		-1707.27		688.298		64.4793
		29400		293.343		3.09642		2322.31		-1634.01		688.3		64.5376
		29450		293.842		2.98313		2237.35		-1549.04		688.313		64.5452
		29500		294.341		3.07209		2304.07		-1615.77		688.296		64.4658
		29550		294.84		3.02778		2270.83		-1582.52		688.311		64.3853
		29600		295.339		3.05692		2292.69		-1604.37		688.314		64.4036
		29650		295.837		3.15047		2362.86		-1674.56		688.3		64.4885
		29700		296.336		3.04501		2283.76		-1595.44		688.311		64.5691
		29750		296.835		2.95928		2219.46		-1531.16		688.304		64.582
		29800		297.334		3.01993		2264.95		-1576.65		688.3		64.5423
		29850		297.833		3.11756		2338.17		-1649.86		688.308		64.5277
		29900		298.332		3.05422		2290.66		-1602.35		688.308		64.6086
		29950		298.831		3.07411		2305.58		-1617.28		688.299		64.7346
		30000		299.33		3.06774		2300.8		-1612.5		688.306		64.8606
		30050		299.828		3.04798		2285.99		-1597.68		688.308		64.9535
		30100		300.327		3.08348		2312.61		-1624.31		688.306		64.9705
		30150		300.826		3.07918		2309.39		-1621.08		688.312		64.9212
		30200		301.325		3.10353		2327.65		-1639.34		688.309		64.8932
		30250		301.824		3.1072		2330.4		-1642.09		688.305		65.0295
		30300		302.323		3.02297		2267.23		-1578.92		688.312		65.3111
		30350		302.822		3.06996		2302.47		-1614.16		688.305		65.5533
		30400		303.321		3.07312		2304.84		-1616.53		688.303		65.6864
		30450		303.82		3.00434		2253.25		-1564.95		688.302		65.7222
		30500		304.318		3.01004		2257.53		-1569.22		688.308		65.7237
		30550		304.817		3.07929		2309.47		-1621.16		688.307		65.7543
		30600		305.316		3.0823		2311.73		-1623.41		688.311		65.7451
		30650		305.815		3.12183		2341.37		-1653.07		688.302		65.7258
		30700		306.314		3.13528		2351.46		-1663.16		688.296		65.7648
		30750		306.813		3.14138		2356.04		-1667.73		688.301		65.8112
		30800		307.312		3.04512		2283.84		-1595.52		688.319		65.8871
		30850		307.811		3.04473		2283.55		-1595.24		688.308		66.056
		30900		308.309		3.11743		2338.07		-1649.77		688.298		66.2634
		30950		308.808		2.99993		2249.95		-1561.63		688.317		66.4643
		31000		309.307		3.09363		2320.22		-1631.93		688.288		66.6646
		31050		309.806		3.03311		2274.83		-1586.52		688.312		66.8763
		31100		310.305		3.15794		2368.45		-1680.15		688.304		67.063
		31150		310.804		3.21565		2411.74		-1723.43		688.303		67.24
		31200		311.303		3.16315		2372.36		-1684.06		688.302		67.3922
		31250		311.802		2.99974		2249.81		-1561.49		688.319		67.5763
		31300		312.301		3.15726		2367.94		-1679.65		688.296		67.7535
		31350		312.799		3.0597		2294.78		-1606.47		688.306		67.8989
		31400		313.298		3.08471		2313.53		-1625.23		688.305		67.9578
		31450		313.797		3.07573		2306.79		-1618.49		688.304		67.9452
		31500		314.296		3.08863		2316.47		-1628.16		688.31		67.9083
		31550		314.795		3.21266		2409.5		-1721.2		688.301		67.9726
		31600		315.294		3.06874		2301.56		-1613.24		688.312		68.1086
		31650		315.793		3.15828		2368.71		-1680.42		688.293		68.2646
		31700		316.292		3.06067		2295.5		-1607.19		688.313		68.4552
		31750		316.791		3.09999		2324.99		-1636.68		688.309		68.6789
		31800		317.289		3.07069		2303.02		-1614.7		688.316		68.9183
		31850		317.788		3.24119		2430.89		-1742.59		688.305		69.1718
		31900		318.287		3.21073		2408.05		-1719.75		688.302		69.3723
		31950		318.786		3.09773		2323.29		-1634.99		688.309		69.4339
		32000		319.285		3.18886		2391.64		-1703.34		688.305		69.3954
		32050		319.784		3.20157		2401.18		-1712.87		688.306		69.3777
		32100		320.283		3.15314		2364.85		-1676.55		688.308		69.5033
		32150		320.782		3.16775		2375.81		-1687.51		688.307		69.6782
		32200		321.28		3.13776		2353.32		-1665.02		688.303		69.8261
		32250		321.779		3.03695		2277.71		-1589.4		688.307		69.8867
		32300		322.278		3.03093		2273.19		-1584.88		688.31		69.907
		32350		322.777		3.09787		2323.4		-1635.1		688.301		69.9865
		32400		323.276		3.08089		2310.67		-1622.36		688.306		70.2026
		32450		323.775		3.15431		2365.74		-1677.44		688.292		70.4674
		32500		324.274		3.0493		2286.98		-1598.66		688.317		70.6642
		32550		324.773		3.19421		2395.65		-1707.36		688.295		70.788
		32600		325.272		2.93967		2204.75		-1516.44		688.314		70.9242
		32650		325.77		3.07067		2303.01		-1614.71		688.297		71.0906
		32700		326.269		3.06069		2295.52		-1607.21		688.308		71.2574
		32750		326.768		3.08512		2313.84		-1625.54		688.301		71.3768
		32800		327.267		3.0864		2314.8		-1626.49		688.31		71.4402
		32850		327.766		3.11838		2338.78		-1650.47		688.309		71.484
		32900		328.265		3.1036		2327.7		-1639.39		688.308		71.5876
		32950		328.764		3.12416		2343.12		-1654.82		688.304		71.8069
		33000		329.263		3.15532		2366.49		-1678.18		688.305		72.0479
		33050		329.761		3.17002		2377.51		-1689.21		688.304		72.1862
		33100		330.26		3.14052		2355.39		-1667.08		688.308		72.2663
		33150		330.759		3.07469		2306.02		-1617.71		688.309		72.3864
		33200		331.258		3.07866		2308.99		-1620.68		688.312		72.5167
		33250		331.757		3.14335		2357.51		-1669.21		688.304		72.5545
		33300		332.256		3.13658		2352.43		-1664.13		688.307		72.4661
		33350		332.755		3.16577		2374.33		-1686.02		688.305		72.3087
		33400		333.254		3.12973		2347.29		-1658.99		688.309		72.168
		33450		333.753		3.1894		2392.05		-1703.75		688.302		72.0854
		33500		334.251		3.13174		2348.81		-1660.51		688.303		72.0902
		33550		334.75		3.00358		2252.68		-1564.37		688.313		72.0985
		33600		335.249		3.06274		2297.06		-1608.75		688.303		72.1453
		33650		335.748		3.13352		2350.14		-1661.84		688.299		72.2713
		33700		336.247		3.00531		2253.98		-1565.67		688.31		72.389
		33750		336.746		2.96909		2226.82		-1538.5		688.313		72.3789
		33800		337.245		3.05016		2287.62		-1599.31		688.303		72.2665
		33850		337.744		3.11942		2339.56		-1651.26		688.306		72.2116
		33900		338.242		3.15035		2362.76		-1674.46		688.304		72.3193
		33950		338.741		3.13865		2353.99		-1665.69		688.3		72.4564
		34000		339.24		3.13637		2352.28		-1663.97		688.304		72.5204
		34050		339.739		3.10696		2330.22		-1641.92		688.301		72.4661
		34100		340.238		3.05852		2293.89		-1605.58		688.309		72.3485
		34150		340.737		3.06101		2295.76		-1607.45		688.31		72.2886
		34200		341.236		3.11913		2339.35		-1651.05		688.296		72.3299
		34250		341.735		3.08097		2310.73		-1622.42		688.305		72.3611
		34300		342.234		3.15494		2366.2		-1677.89		688.311		72.3097
		34350		342.732		3.17345		2380.08		-1691.78		688.305		72.214
		34400		343.231		2.99571		2246.78		-1558.46		688.319		72.1547
		34450		343.73		3.16298		2372.23		-1683.93		688.301		72.1766
		34500		344.229		3.19185		2393.89		-1705.59		688.302		72.2159
		34550		344.728		3.07271		2304.54		-1616.22		688.313		72.1907
		34600		345.227		3.10615		2329.61		-1641.3		688.308		72.1572
		34650		345.726		3.16533		2374		-1685.7		688.299		72.1815
		34700		346.225		3.13007		2347.55		-1659.24		688.316		72.2964
		34750		346.723		3.19355		2395.16		-1706.85		688.308		72.5146
		34800		347.222		3.1951		2396.33		-1708.02		688.303		72.7428
		34850		347.721		2.98603		2239.52		-1551.21		688.317		73.018
		34900		348.22		3.04824		2286.18		-1597.87		688.31		73.2922
		34950		348.719		3.20949		2407.12		-1718.82		688.295		73.4426
		35000		349.218		3.11282		2334.62		-1646.31		688.305		73.4313
		35050		349.717		3.11033		2332.75		-1644.44		688.31		73.3863
		35100		350.216		3.27422		2455.67		-1767.37		688.295		73.4594
		35150		350.715		3.04461		2283.46		-1595.14		688.323		73.5936
		35200		351.213		3.16644		2374.83		-1686.54		688.295		73.7311
		35250		351.712		3.10055		2325.41		-1637.1		688.314		73.9145
		35300		352.211		3.13434		2350.75		-1662.45		688.304		74.1423
		35350		352.71		3.10545		2329.08		-1640.78		688.302		74.3081
		35400		353.209		3.111		2333.25		-1644.94		688.308		74.3861
		35450		353.708		3.06264		2296.98		-1608.68		688.304		74.3542
		35500		354.207		2.89311		2169.83		-1481.5		688.33		74.2978
		35550		354.706		3.18032		2385.24		-1696.94		688.301		74.345
		35600		355.204		3.11736		2338.02		-1649.72		688.299		74.494
		35650		355.703		3.01503		2261.27		-1572.95		688.317		74.6976
		35700		356.202		3.1389		2354.18		-1665.88		688.296		74.8502
		35750		356.701		3.02743		2270.57		-1582.27		688.307		74.9127
		35800		357.2		3.12305		2342.29		-1653.99		688.301		74.9644
		35850		357.699		3.08526		2313.94		-1625.64		688.306		75.1199
		35900		358.198		3.14059		2355.45		-1667.15		688.3		75.3679
		35950		358.697		3.09989		2324.92		-1636.61		688.313		75.6492
		36000		359.196		3.23653		2427.4		-1739.1		688.302		75.9348
		36050		359.694		3.14522		2358.92		-1670.61		688.304		76.2784
		36100		360.193		3.09754		2323.15		-1634.85		688.308		76.6165
		36150		360.692		3.10674		2330.05		-1641.75		688.306		76.8445
		36200		361.191		3.06299		2297.24		-1608.94		688.304		76.9651
		36250		361.69		3.07298		2304.74		-1616.43		688.302		77.019
		36300		362.189		3.12312		2342.34		-1654.04		688.3		77.0819
		36350		362.688		3.16522		2373.92		-1685.61		688.306		77.191
		36400		363.187		3.22424		2418.18		-1729.88		688.302		77.3118
		36450		363.685		3.09357		2320.18		-1631.86		688.314		77.4134
		36500		364.184		3.13287		2349.65		-1661.34		688.309		77.425
		36550		364.683		3.26152		2446.14		-1757.84		688.3		77.3541
		36600		365.182		3.07042		2302.82		-1614.5		688.315		77.2945
		36650		365.681		3.03807		2278.56		-1590.26		688.3		77.2733
		36700		366.18		2.99814		2248.61		-1560.31		688.303		77.3155
		36750		366.679		3.14908		2361.81		-1673.52		688.289		77.4632
		36800		367.178		3.01327		2259.95		-1571.64		688.315		77.7051
		36850		367.677		3.10097		2325.73		-1637.43		688.303		77.9421
		36900		368.175		3.13915		2354.36		-1666.05		688.306		78.2488
		36950		368.674		3.08309		2312.32		-1624		688.316		78.5352
		37000		369.173		3.03298		2274.74		-1586.42		688.312		78.727
		37050		369.672		2.97155		2228.66		-1540.35		688.315		78.9587
		37100		370.171		3.10225		2326.69		-1638.38		688.302		79.2276
		37150		370.67		3.06879		2301.59		-1613.28		688.315		79.4301
		37200		371.169		3.08924		2316.93		-1628.63		688.297		79.4045
		37250		371.668		3.04732		2285.49		-1597.18		688.306		79.3068
		37300		372.166		3.11115		2333.36		-1645.05		688.309		79.3629
		37350		372.665		3.06091		2295.68		-1607.38		688.309		79.6061
		37400		373.164		3.13483		2351.12		-1662.82		688.302		79.9906
		37450		373.663		3.24801		2436.01		-1747.71		688.301		80.351
		37500		374.162		3.10781		2330.86		-1642.54		688.316		80.5315
		37550		374.661		3.11329		2334.96		-1646.67		688.295		80.5902
		37600		375.16		3.07007		2302.56		-1614.26		688.3		80.5858
		37650		375.659		3.0562		2292.15		-1603.85		688.3		80.5409
		37700		376.158		3.04185		2281.39		-1593.09		688.303		80.4336
		37750		376.656		3.12501		2343.75		-1655.45		688.306		80.2952
		37800		377.155		3.13058		2347.94		-1659.63		688.306		80.2515
		37850		377.654		2.97847		2233.85		-1545.53		688.317		80.325
		37900		378.153		3.09012		2317.59		-1629.29		688.298		80.4411
		37950		378.652		3.11774		2338.3		-1650		688.308		80.718
		38000		379.151		3.0591		2294.32		-1606.01		688.313		81.1438
		38050		379.65		3.12434		2343.26		-1654.95		688.308		81.5649
		38100		380.149		3.2712		2453.4		-1765.1		688.3		81.8744
		38150		380.647		3.18888		2391.66		-1703.35		688.312		82.0814
		38200		381.146		3.10808		2331.06		-1642.74		688.322		82.2292
		38250		381.645		3.20125		2400.94		-1712.64		688.304		82.4342
		38300		382.144		3.10558		2329.18		-1640.88		688.307		82.7222
		38350		382.643		3.01947		2264.61		-1576.3		688.304		83.0429
		38400		383.142		3.06676		2300.07		-1611.77		688.3		83.3715
		38450		383.641		3.18582		2389.36		-1701.06		688.298		83.697
		38500		384.14		3.12071		2340.53		-1652.22		688.311		83.9907
		38550		384.639		3.0621		2296.57		-1608.27		688.305		84.1917
		38600		385.137		3.08296		2312.22		-1623.91		688.304		84.3151
		38650		385.636		2.99456		2245.92		-1557.61		688.311		84.485
		38700		386.135		3.06213		2296.6		-1608.3		688.297		84.6581
		38750		386.634		3.09627		2322.2		-1633.9		688.298		84.8148
		38800		387.133		2.99715		2247.86		-1559.56		688.303		84.8445
		38850		387.632		2.9715		2228.63		-1540.32		688.305		84.7419
		38900		388.131		3.03904		2279.28		-1590.98		688.305		84.7285
		38950		388.63		3.186		2389.5		-1701.2		688.302		84.836
		39000		389.128		3.2017		2401.28		-1712.97		688.308		85.0006
		39050		389.627		3.18371		2387.78		-1699.48		688.302		85.1151
		39100		390.126		3.08128		2310.96		-1622.65		688.312		85.2156
		39150		390.625		3.24681		2435.11		-1746.81		688.299		85.3287
		39200		391.124		3.18013		2385.1		-1696.79		688.31		85.3992
		39250		391.623		3.21129		2408.47		-1720.16		688.304		85.4202
		39300		392.122		3.18505		2388.78		-1700.49		688.294		85.4726
		39350		392.621		2.88602		2164.51		-1476.19		688.326		85.6173
		39400		393.12		3.14282		2357.12		-1668.82		688.296		85.8108
		39450		393.618		3.10659		2329.94		-1641.63		688.31		85.9435
		39500		394.117		3.08103		2310.77		-1622.46		688.31		85.9534
		39550		394.616		3.07023		2302.67		-1614.37		688.308		85.9288
		39600		395.115		3.07265		2304.49		-1616.18		688.307		86.0386
		39650		395.614		3.09044		2317.83		-1629.52		688.302		86.3106
		39700		396.113		3.1004		2325.3		-1637		688.299		86.627
		39750		396.612		2.98458		2238.44		-1550.12		688.312		86.8606
		39800		397.111		3.14619		2359.64		-1671.34		688.3		86.9708
		39850		397.609		3.21287		2409.65		-1721.35		688.297		86.9971
		39900		398.108		3.0962		2322.15		-1633.84		688.312		87.0036
		39950		398.607		3.18316		2387.37		-1699.07		688.303		87.0509
		40000		399.106		3.12177		2341.33		-1653.02		688.311		87.137
		40050		399.605		3.05702		2292.76		-1604.46		688.301		87.2666
		40100		400.104		2.94088		2205.66		-1517.34		688.315		87.3789
		40150		400.603		3.10769		2330.77		-1642.47		688.3		87.2999
		40200		401.102		3.11921		2339.41		-1651.1		688.312		87.137
		40250		401.601		3.07639		2307.29		-1618.98		688.309		87.0317
		40300		402.099		3.03915		2279.36		-1591.05		688.306		86.9842
		40350		402.598		3.02292		2267.19		-1578.89		688.299		86.9585
		40400		403.097		2.97921		2234.4		-1546.1		688.307		86.9661
		40450		403.596		3.06604		2299.53		-1611.22		688.308		87.0383
		40500		404.095		3.25215		2439.12		-1750.83		688.29		87.2196
		40550		404.594		3.12291		2342.18		-1653.86		688.315		87.4652
		40600		405.093		3.08807		2316.05		-1627.75		688.303		87.6617
		40650		405.592		2.99469		2246.02		-1557.71		688.306		87.8154
		40700		406.09		2.9684		2226.3		-1537.98		688.312		87.8571
		40750		406.589		3.08182		2311.36		-1623.07		688.293		87.807
		40800		407.088		3.0666		2299.95		-1611.64		688.31		87.7467
		40850		407.587		3.21444		2410.83		-1722.53		688.299		87.7393
		40900		408.086		3.15028		2362.71		-1674.41		688.307		87.8685
		40950		408.585		3.07913		2309.35		-1621.04		688.311		88.1293
		41000		409.084		3.05492		2291.19		-1602.88		688.31		88.4679
		41050		409.583		3.11114		2333.35		-1645.05		688.307		88.8465
		41100		410.082		3.1011		2325.83		-1637.52		688.303		89.1916
		41150		410.58		3.09369		2320.27		-1631.97		688.304		89.3906
		41200		411.079		3.06025		2295.19		-1606.87		688.316		89.3917
		41250		411.578		3.1539		2365.43		-1677.13		688.303		89.3467
		41300		412.077		3.06776		2300.82		-1612.51		688.312		89.3831
		41350		412.576		3.03418		2275.63		-1587.32		688.314		89.4446
		41400		413.075		3.17212		2379.09		-1690.79		688.304		89.5531
		41450		413.574		3.15789		2368.42		-1680.11		688.302		89.7099
		41500		414.073		3.04607		2284.55		-1596.25		688.304		89.8623
		41550		414.572		3.00222		2251.66		-1563.36		688.305		90.0137
		41600		415.07		3.02834		2271.26		-1582.95		688.305		90.2459
		41650		415.569		3.00602		2254.51		-1566.2		688.308		90.6125
		41700		416.068		2.99964		2249.73		-1561.43		688.305		91.0153
		41750		416.567		3.03856		2278.92		-1590.61		688.314		91.344
		41800		417.066		3.13132		2348.49		-1660.18		688.309		91.5613
		41850		417.565		3.12268		2342.01		-1653.7		688.308		91.6986
		41900		418.064		3.17322		2379.91		-1691.6		688.309		91.9226
		41950		418.563		3.21062		2407.97		-1719.66		688.309		92.238
		42000		419.061		3.17626		2382.19		-1693.89		688.305		92.4985
		42050		419.56		3.09081		2318.11		-1629.8		688.309		92.7301
		42100		420.059		3.19269		2394.52		-1706.21		688.302		93.0208
		42150		420.558		3.15808		2368.56		-1680.24		688.319		93.3414
		42200		421.057		3.15368		2365.26		-1676.95		688.307		93.5859
		42250		421.556		3.10694		2330.2		-1641.9		688.301		93.7698
		42300		422.055		3.1524		2364.3		-1675.99		688.304		94.033
		42350		422.554		3.13175		2348.81		-1660.5		688.313		94.3059
		42400		423.053		3.07914		2309.36		-1621.05		688.306		94.4471
		42450		423.551		3.13723		2352.92		-1664.62		688.301		94.5294
		42500		424.05		3.16417		2373.13		-1684.82		688.308		94.6286
		42550		424.549		3.08347		2312.6		-1624.28		688.317		94.7806
		42600		425.048		3.13753		2353.15		-1664.84		688.301		94.934
		42650		425.547		3.09232		2319.24		-1630.93		688.305		95.0641
		42700		426.046		3.0967		2322.52		-1634.22		688.305		95.215
		42750		426.545		3.06311		2297.33		-1609.02		688.31		95.4407
		42800		427.044		3.09216		2319.12		-1630.81		688.313		95.7282
		42850		427.542		3.11925		2339.44		-1651.14		688.3		96.035
		42900		428.041		2.92353		2192.65		-1504.34		688.309		96.324
		42950		428.54		3.10453		2328.39		-1640.09		688.304		96.4065
		43000		429.039		3.12864		2346.48		-1658.16		688.312		96.3728
		43050		429.538		3.02412		2268.09		-1579.78		688.311		96.4138
		43100		430.037		3.06451		2298.38		-1610.07		688.307		96.4934
		43150		430.536		2.9755		2231.62		-1543.31		688.314		96.4877
		43200		431.035		3.09577		2321.82		-1633.52		688.308		96.4971
		43250		431.534		3.11958		2339.68		-1651.38		688.3		96.5775
		43300		432.032		2.96639		2224.79		-1536.48		688.312		96.5701
		43350		432.531		3.13638		2352.28		-1663.97		688.307		96.4033
		43400		433.03		3.1642		2373.15		-1684.84		688.312		96.2191
		43450		433.529		3.119		2339.25		-1650.95		688.305		96.1676
		43500		434.028		3.12889		2346.67		-1658.38		688.296		96.2741
		43550		434.527		3.08119		2310.89		-1622.59		688.302		96.5619
		43600		435.026		3.1323		2349.22		-1660.92		688.306		96.9665
		43650		435.525		3.12108		2340.81		-1652.5		688.313		97.3363
		43700		436.023		3.14155		2356.16		-1667.86		688.301		97.5416
		43750		436.522		3.10529		2328.96		-1640.66		688.306		97.5163
		43800		437.021		3.05144		2288.58		-1600.27		688.307		97.372
		43850		437.52		3.04567		2284.25		-1595.95		688.3		97.2929
		43900		438.019		2.99839		2248.79		-1560.48		688.316		97.4024
		43950		438.518		3.09213		2319.1		-1630.79		688.306		97.6461
		44000		439.017		3.06559		2299.19		-1610.89		688.304		97.8758
		44050		439.516		3.20513		2403.85		-1715.54		688.304		98.0026
		44100		440.015		3.1911		2393.33		-1705.02		688.303		98.0957
		44150		440.513		2.93451		2200.88		-1512.57		688.318		98.2351
		44200		441.012		3.02069		2265.52		-1577.22		688.299		98.3741
		44250		441.511		2.95935		2219.51		-1531.2		688.312		98.4615
		44300		442.01		3.13186		2348.89		-1660.6		688.296		98.4939
		44350		442.509		3.07231		2304.23		-1615.92		688.313		98.5982
		44400		443.008		3.17055		2377.91		-1689.6		688.307		98.7699
		44450		443.507		3.16204		2371.53		-1683.22		688.312		98.964
		44500		444.006		3.17957		2384.67		-1696.37		688.304		99.2014
		44550		444.504		3.07297		2304.73		-1616.43		688.3		99.3405
		44600		445.003		3.19724		2397.93		-1709.63		688.3		99.409
		44650		445.502		3.25446		2440.84		-1752.54		688.305		99.5135
		44700		446.001		3.12497		2343.73		-1655.43		688.301		99.5909
		44750		446.5		3.06135		2296.01		-1607.7		688.311		99.617
		44800		446.999		3.16992		2377.44		-1689.14		688.302		99.5886
		44850		447.498		3.16995		2377.46		-1689.15		688.309		99.6114
		44900		447.997		3.18105		2385.79		-1697.48		688.307		99.7946
		44950		448.496		3.13042		2347.81		-1659.5		688.309		100.032
		45000		448.994		3.13808		2353.56		-1665.26		688.301		100.188
		45050		449.493		3.05778		2293.33		-1605.02		688.31		100.325
		45100		449.992		3.1801		2385.08		-1696.78		688.296		100.529
		45150		450.491		2.98731		2240.49		-1552.17		688.316		100.781
		45200		450.99		3.0464		2284.8		-1596.5		688.301		101.006
		45250		451.489		3.0121		2259.08		-1570.77		688.309		101.196
		45300		451.988		3.0214		2266.05		-1577.75		688.302		101.413
		45350		452.487		3.03749		2278.12		-1589.81		688.308		101.586
		45400		452.985		3.06791		2300.93		-1612.63		688.306		101.667
		45450		453.484		3.13944		2354.58		-1666.28		688.294		101.754
		45500		453.983		3.07973		2309.8		-1621.49		688.304		101.958
		45550		454.482		3.05759		2293.19		-1604.89		688.305		102.289
		45600		454.981		3.13102		2348.26		-1659.96		688.303		102.606
		45650		455.48		3.11247		2334.35		-1646.04		688.31		102.897
		45700		455.979		3.0836		2312.7		-1624.39		688.31		103.211
		45750		456.478		3.15672		2367.54		-1679.24		688.3		103.543
		45800		456.977		3.07542		2306.56		-1618.25		688.315		103.774
		45850		457.475		3.03288		2274.66		-1586.35		688.313		103.915
		45900		457.974		3.0368		2277.6		-1589.29		688.304		104.003
		45950		458.473		3.04334		2282.51		-1594.2		688.307		104.149
		46000		458.972		3.15417		2365.63		-1677.33		688.298		104.421
		46050		459.471		3.08915		2316.86		-1628.55		688.311		104.723
		46100		459.97		3.0964		2322.3		-1634		688.304		104.87
		46150		460.469		3.05479		2291.09		-1602.79		688.301		104.966
		46200		460.968		3.03264		2274.48		-1586.17		688.311		105.099
		46250		461.466		3.17997		2384.98		-1696.67		688.304		105.189
		46300		461.965		3.1999		2399.92		-1711.61		688.31		105.189
		46350		462.464		3.17342		2380.06		-1691.76		688.307		105.158
		46400		462.963		3.15398		2365.49		-1677.19		688.299		105.251
		46450		463.462		3.04586		2284.4		-1596.08		688.313		105.468
		46500		463.961		3.03775		2278.31		-1590.01		688.301		105.669
		46550		464.46		3.00533		2254		-1565.69		688.311		105.801
		46600		464.959		3.16469		2373.52		-1685.21		688.303		105.883
		46650		465.458		3.2002		2400.15		-1711.85		688.304		105.942
		46700		465.956		3.14057		2355.43		-1667.11		688.315		105.971
		46750		466.455		3.10525		2328.94		-1640.64		688.305		106.006
		46800		466.954		2.97356		2230.17		-1541.85		688.318		106.155
		46850		467.453		3.23652		2427.39		-1739.09		688.294		106.343
		46900		467.952		3.0792		2309.4		-1621.09		688.313		106.58
		46950		468.451		3.0531		2289.83		-1601.52		688.303		106.751
		47000		468.95		3.1499		2362.42		-1674.12		688.302		106.795
		47050		469.449		3.23215		2424.11		-1735.81		688.3		106.796
		47100		469.947		3.16795		2375.96		-1687.65		688.312		106.767
		47150		470.446		3.15837		2368.78		-1680.48		688.298		106.641
		47200		470.945		3.03932		2279.49		-1591.19		688.305		106.524
		47250		471.444		3.15161		2363.71		-1675.4		688.304		106.535
		47300		471.943		3.18775		2390.81		-1702.51		688.3		106.464
		47350		472.442		2.89516		2171.37		-1483.04		688.329		106.294
		47400		472.941		3.1614		2371.05		-1682.76		688.294		106.274
		47450		473.44		3.14632		2359.74		-1671.44		688.303		106.41
		47500		473.939		3.08364		2312.73		-1624.42		688.311		106.595
		47550		474.437		3.09522		2321.42		-1633.12		688.302		106.784
		47600		474.936		3.07423		2305.67		-1617.37		688.302		106.988
		47650		475.435		3.122		2341.5		-1653.19		688.306		107.168
		47700		475.934		3.20269		2402.01		-1713.72		688.3		107.219
		47750		476.433		3.13699		2352.74		-1664.43		688.315		107.131
		47800		476.932		3.22249		2416.87		-1728.57		688.304		107.076
		47850		477.431		3.13234		2349.26		-1660.94		688.315		107.188
		47900		477.93		3.18347		2387.6		-1699.29		688.305		107.473
		47950		478.428		3.22405		2418.04		-1729.73		688.306		107.802
		48000		478.927		3.07403		2305.52		-1617.21		688.315		108.117
		48050		479.426		3.06015		2295.11		-1606.81		688.301		108.399
		48100		479.925		3.06699		2300.24		-1611.94		688.303		108.629
		48150		480.424		3.10664		2329.98		-1641.68		688.307		108.778
		48200		480.923		3.11868		2339.01		-1650.7		688.307		108.836
		48250		481.422		3.08481		2313.6		-1625.29		688.31		108.856
		48300		481.921		3.09067		2318.01		-1629.7		688.304		108.917
		48350		482.42		3.04932		2286.99		-1598.68		688.305		109.109
		48400		482.918		2.90909		2181.82		-1493.51		688.305		109.315
		48450		483.417		2.91493		2186.2		-1497.89		688.303		109.446
		48500		483.916		3.16473		2373.55		-1685.26		688.295		109.496
		48550		484.415		3.04264		2281.98		-1593.66		688.315		109.48
		48600		484.914		3.17589		2381.91		-1693.61		688.3		109.436
		48650		485.413		3.17403		2380.52		-1692.21		688.309		109.39
		48700		485.912		3.07308		2304.81		-1616.5		688.31		109.454
		48750		486.411		3.00197		2251.48		-1563.17		688.309		109.703
		48800		486.909		3.0385		2278.87		-1590.56		688.307		109.961
		48850		487.408		3.08455		2313.41		-1625.1		688.307		110.048
		48900		487.907		3.05344		2290.08		-1601.78		688.304		109.952
		48950		488.406		3.02		2265		-1576.68		688.314		109.912
		49000		488.905		3.07669		2307.52		-1619.21		688.303		110.087
		49050		489.404		3.08303		2312.28		-1623.98		688.297		110.314
		49100		489.903		3.06721		2300.41		-1612.1		688.314		110.43
		49150		490.402		3.13222		2349.16		-1660.86		688.298		110.403
		49200		490.901		3.02363		2267.72		-1579.41		688.315		110.37
		49250		491.399		3.23461		2425.96		-1737.65		688.3		110.437
		49300		491.898		3.17307		2379.8		-1691.49		688.316		110.614
		49350		492.397		3.15092		2363.19		-1674.88		688.311		110.788
		49400		492.896		3.20394		2402.96		-1714.65		688.301		110.872
		49450		493.395		3.10904		2331.78		-1643.47		688.311		110.904
		49500		493.894		3.23211		2424.08		-1735.78		688.296		110.932
		49550		494.393		3.16593		2374.45		-1686.14		688.304		110.996
		49600		494.892		3.11555		2336.66		-1648.35		688.31		111.135
		49650		495.39		3.07227		2304.2		-1615.89		688.311		111.325
		49700		495.889		3.11926		2339.44		-1651.13		688.309		111.462
		49750		496.388		3.18926		2391.95		-1703.64		688.308		111.431
		49800		496.887		3.15336		2365.02		-1676.72		688.298		111.394
		49850		497.386		3.09179		2318.84		-1630.55		688.296		111.412
		49900		497.885		2.9988		2249.1		-1560.78		688.312		111.42
		49950		498.384		3.06756		2300.67		-1612.37		688.307		111.418
