		timesteps		t		Temperature		Kin		Pot		TotalE
		0		0		0.697993		523.494		-4257.43		-3733.93
		50		0.498883		0.56879		426.593		-4160.53		-3733.94
		100		0.997765		0.287725		215.794		-3949.72		-3733.93
		150		1.49665		0.164556		123.417		-3857.34		-3733.93
		200		1.99553		0.254102		190.576		-3924.51		-3733.93
		250		2.49441		0.328582		246.436		-3980.37		-3733.93
		300		2.9933		0.330403		247.802		-3981.73		-3733.93
		350		3.49218		0.326427		244.82		-3978.75		-3733.93
		400		3.99106		0.354183		265.638		-3999.57		-3733.93
		450		4.48994		0.389004		291.753		-4025.69		-3733.93
		500		4.98883		0.394421		295.815		-4029.75		-3733.93
		550		5.48771		0.367973		275.98		-4009.91		-3733.93
		600		5.98659		0.347955		260.966		-3994.9		-3733.93
		650		6.48547		0.350169		262.627		-3996.56		-3733.93
		700		6.98436		0.353216		264.912		-3998.84		-3733.93
		750		7.48324		0.346951		260.213		-3994.15		-3733.93
		800		7.98212		0.34204		256.53		-3990.46		-3733.93
		850		8.48101		0.347147		260.36		-3994.29		-3733.93
		900		8.97989		0.355709		266.781		-4000.71		-3733.93
		950		9.47877		0.356378		267.284		-4001.22		-3733.93
		1000		9.97765		0.347447		260.585		-3994.52		-3733.93
		1050		10.4765		0.342942		257.206		-3991.14		-3733.93
		1100		10.9754		0.353968		265.476		-3999.41		-3733.93
		1150		11.4743		0.363069		272.302		-4006.23		-3733.93
		1200		11.9732		0.361139		270.854		-4004.79		-3733.93
		1250		12.4721		0.361279		270.959		-4004.89		-3733.93
		1300		12.9709		0.364244		273.183		-4007.12		-3733.93
		1350		13.4698		0.361697		271.272		-4005.2		-3733.93
		1400		13.9687		0.367232		275.424		-4009.36		-3733.93
		1450		14.4676		0.383545		287.658		-4021.59		-3733.93
		1500		14.9665		0.390146		292.609		-4026.54		-3733.93
		1550		15.4654		0.376084		282.063		-4016		-3733.93
		1600		15.9642		0.348492		261.369		-3995.3		-3733.93
		1650		16.4631		0.327927		245.945		-3979.88		-3733.93
		1700		16.962		0.325692		244.269		-3978.2		-3733.93
		1750		17.4609		0.333717		250.288		-3984.22		-3733.93
		1800		17.9598		0.336919		252.689		-3986.62		-3733.93
		1850		18.4587		0.348719		261.539		-3995.47		-3733.93
		1900		18.9575		0.376346		282.26		-4016.19		-3733.93
		1950		19.4564		0.387736		290.802		-4024.73		-3733.93
		2000		19.9553		0.372748		279.561		-4013.49		-3733.93
		2050		20.4542		0.355393		266.544		-4000.48		-3733.93
		2100		20.9531		0.344166		258.124		-3992.06		-3733.93
		2150		21.452		0.343167		257.375		-3991.31		-3733.93
		2200		21.9508		0.346742		260.057		-3993.99		-3733.93
		2250		22.4497		0.343178		257.384		-3991.32		-3733.93
		2300		22.9486		0.334981		251.236		-3985.17		-3733.93
		2350		23.4475		0.3377		253.275		-3987.21		-3733.93
		2400		23.9464		0.360378		270.284		-4004.22		-3733.93
		2450		24.4453		0.381719		286.29		-4020.22		-3733.93
		2500		24.9441		0.383937		287.953		-4021.89		-3733.93
		2550		25.443		0.371775		278.832		-4012.76		-3733.93
		2600		25.9419		0.357817		268.363		-4002.3		-3733.93
		2650		26.4408		0.351482		263.612		-3997.54		-3733.93
		2700		26.9397		0.352936		264.702		-3998.63		-3733.93
		2750		27.4385		0.352383		264.287		-3998.22		-3733.93
		2800		27.9374		0.359178		269.384		-4003.32		-3733.93
		2850		28.4363		0.366783		275.087		-4009.02		-3733.93
		2900		28.9352		0.361351		271.013		-4004.95		-3733.93
		2950		29.4341		0.350938		263.204		-3997.14		-3733.93
		3000		29.933		0.344532		258.399		-3992.33		-3733.93
		3050		30.4318		0.349256		261.942		-3995.87		-3733.93
		3100		30.9307		0.360588		270.441		-4004.37		-3733.93
		3150		31.4296		0.364098		273.074		-4007.01		-3733.93
		3200		31.9285		0.35038		262.785		-3996.72		-3733.93
		3250		32.4274		0.337981		253.486		-3987.42		-3733.93
		3300		32.9263		0.344799		258.599		-3992.53		-3733.93
		3350		33.4251		0.359743		269.807		-4003.74		-3733.93
		3400		33.924		0.363303		272.477		-4006.41		-3733.93
		3450		34.4229		0.362165		271.624		-4005.56		-3733.93
		3500		34.9218		0.361352		271.014		-4004.95		-3733.93
		3550		35.4207		0.363185		272.388		-4006.32		-3733.93
		3600		35.9196		0.361779		271.334		-4005.27		-3733.93
		3650		36.4184		0.355698		266.773		-4000.71		-3733.93
		3700		36.9173		0.347946		260.96		-3994.89		-3733.93
		3750		37.4162		0.345416		259.062		-3992.99		-3733.93
		3800		37.9151		0.353477		265.107		-3999.04		-3733.93
		3850		38.414		0.366567		274.926		-4008.86		-3733.93
		3900		38.9128		0.372887		279.665		-4013.6		-3733.93
		3950		39.4117		0.370727		278.045		-4011.98		-3733.93
		4000		39.9106		0.359229		269.422		-4003.35		-3733.93
		4050		40.4095		0.342306		256.73		-3990.66		-3733.93
		4100		40.9084		0.34124		255.93		-3989.86		-3733.93
		4150		41.4073		0.357808		268.356		-4002.29		-3733.93
		4200		41.9061		0.362351		271.764		-4005.7		-3733.93
		4250		42.405		0.352092		264.069		-3998		-3733.93
		4300		42.9039		0.356875		267.656		-4001.59		-3733.93
		4350		43.4028		0.370443		277.833		-4011.77		-3733.93
		4400		43.9017		0.371919		278.939		-4012.87		-3733.93
		4450		44.4006		0.360321		270.241		-4004.17		-3733.93
		4500		44.8994		0.352032		264.024		-3997.96		-3733.93
		4550		45.3983		0.355908		266.931		-4000.86		-3733.93
		4600		45.8972		0.359954		269.966		-4003.9		-3733.93
		4650		46.3961		0.351		263.25		-3997.18		-3733.93
		4700		46.895		0.346947		260.211		-3994.14		-3733.93
		4750		47.3939		0.358805		269.104		-4003.04		-3733.93
		4800		47.8927		0.362127		271.595		-4005.53		-3733.93
		4850		48.3916		0.350942		263.207		-3997.14		-3733.93
		4900		48.8905		0.341298		255.974		-3989.91		-3733.93
		4950		49.3894		0.340164		255.123		-3989.06		-3733.93
		5000		49.8883		0.349815		262.361		-3996.29		-3733.93
		5050		50.3872		0.357977		268.483		-4002.42		-3733.93
		5100		50.886		0.35968		269.76		-4003.69		-3733.93
		5150		51.3849		0.359465		269.599		-4003.53		-3733.93
		5200		51.8838		0.356775		267.582		-4001.51		-3733.93
		5250		52.3827		0.35734		268.005		-4001.94		-3733.93
		5300		52.8816		0.358755		269.066		-4003		-3733.93
		5350		53.3804		0.358849		269.137		-4003.07		-3733.93
		5400		53.8793		0.359707		269.781		-4003.71		-3733.93
		5450		54.3782		0.359454		269.591		-4003.52		-3733.93
		5500		54.8771		0.358174		268.63		-4002.56		-3733.93
		5550		55.376		0.355305		266.478		-4000.41		-3733.93
		5600		55.8749		0.351486		263.615		-3997.55		-3733.93
		5650		56.3737		0.35694		267.705		-4001.64		-3733.93
		5700		56.8726		0.369151		276.863		-4010.8		-3733.93
		5750		57.3715		0.369072		276.804		-4010.74		-3733.93
		5800		57.8704		0.358521		268.891		-4002.82		-3733.93
		5850		58.3693		0.357294		267.97		-4001.9		-3733.93
		5900		58.8682		0.360997		270.748		-4004.68		-3733.93
		5950		59.367		0.359685		269.764		-4003.7		-3733.93
		6000		59.8659		0.349823		262.367		-3996.3		-3733.93
		6050		60.3648		0.342023		256.518		-3990.45		-3733.93
		6100		60.8637		0.342985		257.239		-3991.17		-3733.93
		6150		61.3626		0.344548		258.411		-3992.34		-3733.93
		6200		61.8615		0.34931		261.983		-3995.91		-3733.93
		6250		62.3603		0.356842		267.631		-4001.56		-3733.93
		6300		62.8592		0.357234		267.926		-4001.86		-3733.93
		6350		63.3581		0.355337		266.503		-4000.44		-3733.93
		6400		63.857		0.357284		267.963		-4001.9		-3733.93
		6450		64.3559		0.360787		270.59		-4004.52		-3733.93
		6500		64.8547		0.361034		270.775		-4004.71		-3733.93
		6550		65.3536		0.357163		267.872		-4001.8		-3733.93
		6600		65.8525		0.353663		265.247		-3999.18		-3733.93
		6650		66.3514		0.35768		268.26		-4002.19		-3733.93
		6700		66.8503		0.36262		271.965		-4005.9		-3733.93
		6750		67.3492		0.360233		270.175		-4004.11		-3733.93
		6800		67.848		0.35278		264.585		-3998.52		-3733.93
		6850		68.3469		0.351217		263.413		-3997.34		-3733.93
		6900		68.8458		0.363658		272.744		-4006.68		-3733.93
		6950		69.3447		0.375568		281.676		-4015.61		-3733.93
		7000		69.8436		0.371125		278.344		-4012.28		-3733.93
		7050		70.3425		0.359077		269.308		-4003.24		-3733.93
		7100		70.8413		0.357401		268.051		-4001.98		-3733.93
		7150		71.3402		0.356127		267.095		-4001.03		-3733.93
		7200		71.8391		0.344739		258.554		-3992.49		-3733.93
		7250		72.338		0.339487		254.615		-3988.55		-3733.93
		7300		72.8369		0.348783		261.587		-3995.52		-3733.93
		7350		73.3358		0.358398		268.798		-4002.73		-3733.93
		7400		73.8346		0.35622		267.165		-4001.1		-3733.93
		7450		74.3335		0.344336		258.252		-3992.18		-3733.93
		7500		74.8324		0.34169		256.268		-3990.2		-3733.93
		7550		75.3313		0.354078		265.558		-3999.49		-3733.93
		7600		75.8302		0.364524		273.393		-4007.33		-3733.93
		7650		76.329		0.360366		270.275		-4004.21		-3733.93
		7700		76.8279		0.352166		264.125		-3998.06		-3733.93
		7750		77.3268		0.348975		261.731		-3995.66		-3733.93
		7800		77.8257		0.356763		267.572		-4001.5		-3733.93
		7850		78.3246		0.363718		272.788		-4006.72		-3733.93
		7900		78.8235		0.365273		273.955		-4007.89		-3733.93
		7950		79.3223		0.362878		272.158		-4006.09		-3733.93
		8000		79.8212		0.359504		269.628		-4003.56		-3733.93
		8050		80.3201		0.36457		273.427		-4007.36		-3733.93
		8100		80.819		0.371362		278.522		-4012.45		-3733.93
		8150		81.3179		0.363826		272.87		-4006.8		-3733.93
		8200		81.8168		0.349389		262.042		-3995.97		-3733.93
		8250		82.3156		0.344774		258.581		-3992.51		-3733.93
		8300		82.8145		0.352038		264.028		-3997.96		-3733.93
		8350		83.3134		0.357637		268.228		-4002.16		-3733.93
		8400		83.8123		0.36314		272.355		-4006.29		-3733.93
		8450		84.3112		0.36482		273.615		-4007.55		-3733.93
		8500		84.8101		0.356907		267.68		-4001.61		-3733.93
		8550		85.3089		0.353825		265.369		-3999.3		-3733.93
		8600		85.8078		0.356533		267.4		-4001.33		-3733.93
		8650		86.3067		0.351615		263.711		-3997.64		-3733.93
		8700		86.8056		0.342064		256.548		-3990.48		-3733.93
		8750		87.3045		0.339582		254.686		-3988.62		-3733.93
		8800		87.8034		0.350128		262.596		-3996.53		-3733.93
		8850		88.3022		0.362342		271.756		-4005.69		-3733.93
		8900		88.8011		0.361923		271.443		-4005.37		-3733.93
		8950		89.3		0.353579		265.184		-3999.12		-3733.93
		9000		89.7989		0.349094		261.821		-3995.75		-3733.93
		9050		90.2978		0.355186		266.39		-4000.32		-3733.93
		9100		90.7966		0.358824		269.118		-4003.05		-3733.93
		9150		91.2955		0.358352		268.764		-4002.7		-3733.93
		9200		91.7944		0.356196		267.147		-4001.08		-3733.93
		9250		92.2933		0.350975		263.231		-3997.16		-3733.93
		9300		92.7922		0.350232		262.674		-3996.61		-3733.93
		9350		93.2911		0.355051		266.288		-4000.22		-3733.93
		9400		93.7899		0.365882		274.411		-4008.34		-3733.93
		9450		94.2888		0.377696		283.272		-4017.2		-3733.93
		9500		94.7877		0.377216		282.912		-4016.84		-3733.93
		9550		95.2866		0.364483		273.362		-4007.29		-3733.93
		9600		95.7855		0.350431		262.823		-3996.76		-3733.93
		9650		96.2844		0.346814		260.111		-3994.04		-3733.93
		9700		96.7832		0.348453		261.34		-3995.27		-3733.93
		9750		97.2821		0.347391		260.543		-3994.48		-3733.93
		9800		97.781		0.348481		261.361		-3995.29		-3733.93
		9850		98.2799		0.358345		268.759		-4002.69		-3733.93
		9900		98.7788		0.362143		271.607		-4005.54		-3733.93
		9950		99.2777		0.354159		265.62		-3999.55		-3733.93
		10000		99.7765		0.34682		260.115		-3994.05		-3733.93
		10050		100.275		0.349464		262.098		-3996.03		-3733.93
		10100		100.774		0.357117		267.838		-4001.77		-3733.93
		10150		101.273		0.363575		272.681		-4006.61		-3733.93
		10200		101.772		0.359487		269.616		-4003.55		-3733.93
		10250		102.271		0.353705		265.279		-3999.21		-3733.93
		10300		102.77		0.362932		272.199		-4006.13		-3733.93
		10350		103.269		0.369872		277.404		-4011.34		-3733.93
		10400		103.768		0.364613		273.46		-4007.39		-3733.93
		10450		104.266		0.35261		264.458		-3998.39		-3733.93
		10500		104.765		0.3472		260.4		-3994.33		-3733.93
		10550		105.264		0.356822		267.617		-4001.55		-3733.93
		10600		105.763		0.360816		270.612		-4004.54		-3733.93
		10650		106.262		0.348492		261.369		-3995.3		-3733.93
		10700		106.761		0.342615		256.961		-3990.89		-3733.93
		10750		107.26		0.357335		268.002		-4001.93		-3733.93
		10800		107.759		0.375894		281.92		-4015.85		-3733.93
		10850		108.258		0.382797		287.098		-4021.03		-3733.93
		10900		108.756		0.365263		273.947		-4007.88		-3733.93
		10950		109.255		0.344805		258.604		-3992.54		-3733.93
		11000		109.754		0.345759		259.319		-3993.25		-3733.93
		11050		110.253		0.352242		264.181		-3998.11		-3733.93
		11100		110.752		0.349535		262.151		-3996.08		-3733.93
		11150		111.251		0.348238		261.178		-3995.11		-3733.93
		11200		111.75		0.358234		268.676		-4002.61		-3733.93
		11250		112.249		0.365145		273.859		-4007.79		-3733.93
		11300		112.747		0.360932		270.699		-4004.63		-3733.93
		11350		113.246		0.35086		263.145		-3997.08		-3733.93
		11400		113.745		0.34294		257.205		-3991.14		-3733.93
		11450		114.244		0.350704		263.028		-3996.96		-3733.93
		11500		114.743		0.361949		271.462		-4005.39		-3733.93
		11550		115.242		0.362647		271.985		-4005.92		-3733.93
		11600		115.741		0.353016		264.762		-3998.69		-3733.93
		11650		116.24		0.348722		261.542		-3995.47		-3733.93
		11700		116.739		0.357353		268.015		-4001.95		-3733.93
		11750		117.237		0.360744		270.558		-4004.49		-3733.93
		11800		117.736		0.354007		265.505		-3999.44		-3733.93
		11850		118.235		0.352794		264.595		-3998.53		-3733.93
		11900		118.734		0.357577		268.183		-4002.12		-3733.93
		11950		119.233		0.363041		272.281		-4006.21		-3733.93
		12000		119.732		0.368811		276.609		-4010.54		-3733.93
		12050		120.231		0.362571		271.928		-4005.86		-3733.93
		12100		120.73		0.355234		266.425		-4000.36		-3733.93
		12150		121.228		0.360967		270.725		-4004.66		-3733.93
		12200		121.727		0.365951		274.463		-4008.4		-3733.93
		12250		122.226		0.361107		270.83		-4004.76		-3733.93
		12300		122.725		0.353953		265.465		-3999.4		-3733.93
		12350		123.224		0.349112		261.834		-3995.77		-3733.93
		12400		123.723		0.34704		260.28		-3994.21		-3733.93
		12450		124.222		0.344706		258.53		-3992.46		-3733.93
		12500		124.721		0.348419		261.314		-3995.25		-3733.93
		12550		125.22		0.353953		265.465		-3999.4		-3733.93
		12600		125.718		0.358627		268.97		-4002.9		-3733.93
		12650		126.217		0.360534		270.4		-4004.33		-3733.93
		12700		126.716		0.356947		267.71		-4001.64		-3733.93
		12750		127.215		0.357417		268.063		-4001.99		-3733.93
		12800		127.714		0.366445		274.833		-4008.77		-3733.93
		12850		128.213		0.36678		275.085		-4009.02		-3733.93
		12900		128.712		0.35536		266.52		-4000.45		-3733.93
		12950		129.211		0.342909		257.182		-3991.11		-3733.93
		13000		129.709		0.344171		258.129		-3992.06		-3733.93
		13050		130.208		0.360472		270.354		-4004.29		-3733.93
		13100		130.707		0.366047		274.536		-4008.47		-3733.93
		13150		131.206		0.354937		266.202		-4000.13		-3733.93
		13200		131.705		0.352505		264.379		-3998.31		-3733.93
		13250		132.204		0.357846		268.384		-4002.32		-3733.93
		13300		132.703		0.350823		263.117		-3997.05		-3733.93
		13350		133.202		0.347958		260.969		-3994.9		-3733.93
		13400		133.701		0.358971		269.228		-4003.16		-3733.93
		13450		134.199		0.362683		272.013		-4005.95		-3733.93
		13500		134.698		0.351541		263.656		-3997.59		-3733.93
		13550		135.197		0.353739		265.304		-3999.24		-3733.93
		13600		135.696		0.376366		282.275		-4016.21		-3733.93
		13650		136.195		0.379689		284.766		-4018.7		-3733.93
		13700		136.694		0.355258		266.444		-4000.38		-3733.93
		13750		137.193		0.340604		255.453		-3989.38		-3733.93
		13800		137.692		0.348888		261.666		-3995.6		-3733.93
		13850		138.191		0.359837		269.877		-4003.81		-3733.93
		13900		138.689		0.355793		266.844		-4000.78		-3733.93
		13950		139.188		0.343764		257.823		-3991.76		-3733.93
		14000		139.687		0.342782		257.086		-3991.02		-3733.93
		14050		140.186		0.352884		264.663		-3998.6		-3733.93
		14100		140.685		0.361285		270.964		-4004.9		-3733.93
		14150		141.184		0.364981		273.736		-4007.67		-3733.93
		14200		141.683		0.365019		273.764		-4007.7		-3733.93
		14250		142.182		0.35369		265.268		-3999.2		-3733.93
		14300		142.68		0.337288		252.966		-3986.9		-3733.93
		14350		143.179		0.337917		253.438		-3987.37		-3733.93
		14400		143.678		0.353904		265.428		-3999.36		-3733.93
		14450		144.177		0.366375		274.782		-4008.71		-3733.93
		14500		144.676		0.365468		274.101		-4008.03		-3733.93
		14550		145.175		0.357133		267.85		-4001.78		-3733.93
		14600		145.674		0.356395		267.296		-4001.23		-3733.93
		14650		146.173		0.360648		270.486		-4004.42		-3733.93
		14700		146.672		0.367787		275.841		-4009.77		-3733.93
		14750		147.17		0.370514		277.885		-4011.82		-3733.93
		14800		147.669		0.364742		273.556		-4007.49		-3733.93
		14850		148.168		0.351637		263.727		-3997.66		-3733.93
		14900		148.667		0.341139		255.854		-3989.79		-3733.93
		14950		149.166		0.348803		261.603		-3995.53		-3733.93
		15000		149.665		0.366279		274.71		-4008.64		-3733.93
		15050		150.164		0.371157		278.368		-4012.3		-3733.93
		15100		150.663		0.365211		273.908		-4007.84		-3733.93
		15150		151.161		0.360216		270.162		-4004.09		-3733.93
		15200		151.66		0.354409		265.807		-3999.74		-3733.93
		15250		152.159		0.343376		257.532		-3991.46		-3733.93
		15300		152.658		0.341546		256.16		-3990.09		-3733.93
		15350		153.157		0.354583		265.937		-3999.87		-3733.93
		15400		153.656		0.360491		270.369		-4004.3		-3733.93
		15450		154.155		0.349926		262.445		-3996.38		-3733.93
		15500		154.654		0.343556		257.667		-3991.6		-3733.93
		15550		155.153		0.353401		265.051		-3998.98		-3733.93
		15600		155.651		0.36228		271.71		-4005.64		-3733.93
		15650		156.15		0.358477		268.858		-4002.79		-3733.93
		15700		156.649		0.348705		261.529		-3995.46		-3733.93
		15750		157.148		0.349194		261.896		-3995.83		-3733.93
		15800		157.647		0.355261		266.446		-4000.38		-3733.93
		15850		158.146		0.360095		270.072		-4004		-3733.93
		15900		158.645		0.360235		270.177		-4004.11		-3733.93
		15950		159.144		0.357069		267.802		-4001.73		-3733.93
		16000		159.642		0.358166		268.625		-4002.56		-3733.93
		16050		160.141		0.366		274.5		-4008.43		-3733.93
		16100		160.64		0.372895		279.671		-4013.6		-3733.93
		16150		161.139		0.368771		276.579		-4010.51		-3733.93
		16200		161.638		0.359143		269.357		-4003.29		-3733.93
		16250		162.137		0.356934		267.7		-4001.63		-3733.93
		16300		162.636		0.358025		268.519		-4002.45		-3733.93
		16350		163.135		0.349773		262.33		-3996.26		-3733.93
		16400		163.634		0.341256		255.942		-3989.87		-3733.93
		16450		164.132		0.34429		258.218		-3992.15		-3733.93
		16500		164.631		0.354899		266.174		-4000.11		-3733.93
		16550		165.13		0.363229		272.422		-4006.35		-3733.93
		16600		165.629		0.362496		271.872		-4005.8		-3733.93
		16650		166.128		0.359433		269.575		-4003.51		-3733.93
		16700		166.627		0.359581		269.686		-4003.62		-3733.93
		16750		167.126		0.352343		264.257		-3998.19		-3733.93
		16800		167.625		0.339715		254.786		-3988.72		-3733.93
		16850		168.123		0.343468		257.601		-3991.53		-3733.93
		16900		168.622		0.357516		268.137		-4002.07		-3733.93
		16950		169.121		0.361976		271.482		-4005.41		-3733.93
		17000		169.62		0.355346		266.51		-4000.44		-3733.93
		17050		170.119		0.353464		265.098		-3999.03		-3733.93
		17100		170.618		0.36519		273.893		-4007.83		-3733.93
		17150		171.117		0.368216		276.162		-4010.09		-3733.93
		17200		171.616		0.350157		262.618		-3996.55		-3733.93
		17250		172.115		0.341189		255.892		-3989.82		-3733.93
		17300		172.613		0.354542		265.907		-3999.84		-3733.93
		17350		173.112		0.365952		274.464		-4008.4		-3733.93
		17400		173.611		0.367111		275.333		-4009.27		-3733.93
		17450		174.11		0.363633		272.725		-4006.66		-3733.93
		17500		174.609		0.35867		269.002		-4002.93		-3733.93
		17550		175.108		0.361668		271.251		-4005.18		-3733.93
		17600		175.607		0.363201		272.401		-4006.33		-3733.93
		17650		176.106		0.354025		265.518		-3999.45		-3733.93
		17700		176.604		0.349482		262.112		-3996.04		-3733.93
		17750		177.103		0.353139		264.855		-3998.79		-3733.93
		17800		177.602		0.357345		268.009		-4001.94		-3733.93
		17850		178.101		0.361816		271.362		-4005.29		-3733.93
		17900		178.6		0.361982		271.487		-4005.42		-3733.93
		17950		179.099		0.35646		267.345		-4001.28		-3733.93
		18000		179.598		0.348513		261.385		-3995.32		-3733.93
		18050		180.097		0.342159		256.619		-3990.55		-3733.93
		18100		180.596		0.344296		258.222		-3992.15		-3733.93
		18150		181.094		0.357561		268.171		-4002.1		-3733.93
		18200		181.593		0.368727		276.545		-4010.48		-3733.93
		18250		182.092		0.366168		274.626		-4008.56		-3733.93
		18300		182.591		0.351226		263.42		-3997.35		-3733.93
		18350		183.09		0.342543		256.907		-3990.84		-3733.93
		18400		183.589		0.34811		261.082		-3995.01		-3733.93
		18450		184.088		0.353407		265.055		-3998.99		-3733.93
		18500		184.587		0.357105		267.829		-4001.76		-3733.93
		18550		185.085		0.362506		271.879		-4005.81		-3733.93
		18600		185.584		0.366244		274.683		-4008.62		-3733.93
		18650		186.083		0.365453		274.09		-4008.02		-3733.93
		18700		186.582		0.360733		270.55		-4004.48		-3733.93
		18750		187.081		0.353041		264.781		-3998.71		-3733.93
		18800		187.58		0.348859		261.644		-3995.58		-3733.93
		18850		188.079		0.353778		265.334		-3999.27		-3733.93
		18900		188.578		0.361046		270.784		-4004.72		-3733.93
		18950		189.077		0.361579		271.184		-4005.12		-3733.93
		19000		189.575		0.357076		267.807		-4001.74		-3733.93
		19050		190.074		0.353157		264.868		-3998.8		-3733.93
		19100		190.573		0.359149		269.362		-4003.29		-3733.93
		19150		191.072		0.367453		275.59		-4009.52		-3733.93
		19200		191.571		0.354821		266.116		-4000.05		-3733.93
		19250		192.07		0.339384		254.538		-3988.47		-3733.93
		19300		192.569		0.353427		265.07		-3999		-3733.93
		19350		193.068		0.373436		280.077		-4014.01		-3733.93
		19400		193.566		0.372861		279.645		-4013.58		-3733.93
		19450		194.065		0.356855		267.641		-4001.57		-3733.93
		19500		194.564		0.339662		254.746		-3988.68		-3733.93
		19550		195.063		0.337584		253.188		-3987.12		-3733.93
		19600		195.562		0.340504		255.378		-3989.31		-3733.93
		19650		196.061		0.346338		259.754		-3993.69		-3733.93
		19700		196.56		0.359492		269.619		-4003.55		-3733.93
		19750		197.059		0.373955		280.466		-4014.4		-3733.93
		19800		197.558		0.37202		279.015		-4012.95		-3733.93
		19850		198.056		0.360603		270.453		-4004.38		-3733.93
		19900		198.555		0.354062		265.546		-3999.48		-3733.93
		19950		199.054		0.360693		270.519		-4004.45		-3733.93
		20000		199.553		0.368915		276.686		-4010.62		-3733.93
		20050		200.052		0.360558		270.419		-4004.35		-3733.93
		20100		200.551		0.347906		260.929		-3994.86		-3733.93
		20150		201.05		0.34871		261.533		-3995.46		-3733.93
		20200		201.549		0.359402		269.552		-4003.48		-3733.93
		20250		202.047		0.365488		274.116		-4008.05		-3733.93
		20300		202.546		0.363353		272.515		-4006.45		-3733.93
		20350		203.045		0.358841		269.13		-4003.06		-3733.93
		20400		203.544		0.358469		268.852		-4002.78		-3733.93
		20450		204.043		0.350975		263.231		-3997.16		-3733.93
		20500		204.542		0.34581		259.358		-3993.29		-3733.93
		20550		205.041		0.352803		264.602		-3998.53		-3733.93
		20600		205.54		0.359551		269.663		-4003.6		-3733.93
		20650		206.039		0.354679		266.009		-3999.94		-3733.93
		20700		206.537		0.348088		261.066		-3995		-3733.93
		20750		207.036		0.349539		262.154		-3996.09		-3733.93
		20800		207.535		0.356926		267.694		-4001.63		-3733.93
		20850		208.034		0.366513		274.885		-4008.82		-3733.93
		20900		208.533		0.369802		277.351		-4011.28		-3733.93
		20950		209.032		0.363624		272.718		-4006.65		-3733.93
		21000		209.531		0.35003		262.522		-3996.45		-3733.93
		21050		210.03		0.338619		253.964		-3987.9		-3733.93
		21100		210.528		0.337665		253.249		-3987.18		-3733.93
		21150		211.027		0.347777		260.833		-3994.76		-3733.93
		21200		211.526		0.360672		270.504		-4004.44		-3733.93
		21250		212.025		0.361723		271.293		-4005.22		-3733.93
		21300		212.524		0.357219		267.914		-4001.85		-3733.93
		21350		213.023		0.362447		271.835		-4005.77		-3733.93
		21400		213.522		0.371462		278.597		-4012.53		-3733.93
		21450		214.021		0.370027		277.52		-4011.45		-3733.93
		21500		214.52		0.351931		263.948		-3997.88		-3733.93
		21550		215.018		0.337702		253.277		-3987.21		-3733.93
		21600		215.517		0.343308		257.481		-3991.41		-3733.93
		21650		216.016		0.354635		265.976		-3999.91		-3733.93
		21700		216.515		0.363266		272.449		-4006.38		-3733.93
		21750		217.014		0.371448		278.586		-4012.52		-3733.93
		21800		217.513		0.36848		276.36		-4010.29		-3733.93
		21850		218.012		0.359693		269.77		-4003.7		-3733.93
		21900		218.511		0.356275		267.207		-4001.14		-3733.93
		21950		219.009		0.353803		265.353		-3999.28		-3733.93
		22000		219.508		0.353836		265.377		-3999.31		-3733.93
		22050		220.007		0.352805		264.604		-3998.54		-3733.93
		22100		220.506		0.353024		264.768		-3998.7		-3733.93
		22150		221.005		0.352109		264.082		-3998.01		-3733.93
		22200		221.504		0.351867		263.9		-3997.83		-3733.93
		22250		222.003		0.357376		268.032		-4001.96		-3733.93
		22300		222.502		0.356989		267.741		-4001.67		-3733.93
		22350		223.001		0.351509		263.632		-3997.56		-3733.93
		22400		223.499		0.34304		257.28		-3991.21		-3733.93
		22450		223.998		0.340924		255.693		-3989.62		-3733.93
		22500		224.497		0.358407		268.805		-4002.74		-3733.93
		22550		224.996		0.379094		284.32		-4018.25		-3733.93
		22600		225.495		0.377508		283.131		-4017.06		-3733.93
		22650		225.994		0.354795		266.096		-4000.03		-3733.93
		22700		226.493		0.344306		258.23		-3992.16		-3733.93
		22750		226.992		0.358387		268.79		-4002.72		-3733.93
		22800		227.491		0.368232		276.174		-4010.11		-3733.93
		22850		227.989		0.361274		270.956		-4004.89		-3733.93
		22900		228.488		0.356344		267.258		-4001.19		-3733.93
		22950		228.987		0.35127		263.452		-3997.38		-3733.93
		23000		229.486		0.342967		257.225		-3991.16		-3733.93
		23050		229.985		0.349935		262.451		-3996.38		-3733.93
		23100		230.484		0.361224		270.918		-4004.85		-3733.93
		23150		230.983		0.359838		269.879		-4003.81		-3733.93
		23200		231.482		0.362593		271.945		-4005.88		-3733.93
		23250		231.98		0.369134		276.85		-4010.78		-3733.93
		23300		232.479		0.368105		276.079		-4010.01		-3733.93
		23350		232.978		0.361123		270.843		-4004.77		-3733.93
		23400		233.477		0.352802		264.602		-3998.53		-3733.93
		23450		233.976		0.342945		257.209		-3991.14		-3733.93
		23500		234.475		0.338357		253.768		-3987.7		-3733.93
		23550		234.974		0.344319		258.239		-3992.17		-3733.93
		23600		235.473		0.352483		264.362		-3998.29		-3733.93
		23650		235.972		0.355842		266.882		-4000.81		-3733.93
		23700		236.47		0.353644		265.233		-3999.16		-3733.93
		23750		236.969		0.358194		268.646		-4002.58		-3733.93
		23800		237.468		0.359464		269.598		-4003.53		-3733.93
		23850		237.967		0.354103		265.577		-3999.51		-3733.93
		23900		238.466		0.352955		264.717		-3998.65		-3733.93
		23950		238.965		0.35961		269.708		-4003.64		-3733.93
		24000		239.464		0.362352		271.764		-4005.7		-3733.93
		24050		239.963		0.357668		268.251		-4002.18		-3733.93
		24100		240.461		0.358895		269.171		-4003.1		-3733.93
		24150		240.96		0.366319		274.739		-4008.67		-3733.93
		24200		241.459		0.369162		276.871		-4010.8		-3733.93
		24250		241.958		0.365039		273.78		-4007.71		-3733.93
		24300		242.457		0.358882		269.162		-4003.09		-3733.93
		24350		242.956		0.353086		264.815		-3998.75		-3733.93
		24400		243.455		0.350621		262.966		-3996.9		-3733.93
		24450		243.954		0.347962		260.971		-3994.9		-3733.93
		24500		244.453		0.35067		263.003		-3996.93		-3733.93
		24550		244.951		0.358883		269.162		-4003.09		-3733.93
		24600		245.45		0.361609		271.207		-4005.14		-3733.93
		24650		245.949		0.354344		265.758		-3999.69		-3733.93
		24700		246.448		0.338965		254.224		-3988.16		-3733.93
		24750		246.947		0.340901		255.676		-3989.61		-3733.93
		24800		247.446		0.361287		270.965		-4004.9		-3733.93
		24850		247.945		0.369665		277.248		-4011.18		-3733.93
		24900		248.444		0.360995		270.747		-4004.68		-3733.93
		24950		248.942		0.351583		263.687		-3997.62		-3733.93
		25000		249.441		0.351501		263.626		-3997.56		-3733.93
		25050		249.94		0.361053		270.79		-4004.72		-3733.93
		25100		250.439		0.364663		273.497		-4007.43		-3733.93
		25150		250.938		0.355428		266.571		-4000.5		-3733.93
		25200		251.437		0.356864		267.648		-4001.58		-3733.93
		25250		251.936		0.363266		272.449		-4006.38		-3733.93
		25300		252.435		0.359563		269.672		-4003.6		-3733.93
		25350		252.934		0.353656		265.242		-3999.17		-3733.93
		25400		253.432		0.350663		262.997		-3996.93		-3733.93
		25450		253.931		0.347417		260.563		-3994.49		-3733.93
		25500		254.43		0.349014		261.761		-3995.69		-3733.93
		25550		254.929		0.361789		271.342		-4005.27		-3733.93
		25600		255.428		0.370254		277.69		-4011.62		-3733.93
		25650		255.927		0.361808		271.356		-4005.29		-3733.93
		25700		256.426		0.353496		265.122		-3999.05		-3733.93
		25750		256.925		0.352623		264.467		-3998.4		-3733.93
		25800		257.423		0.349373		262.03		-3995.96		-3733.93
		25850		257.922		0.35309		264.818		-3998.75		-3733.93
		25900		258.421		0.3679		275.925		-4009.86		-3733.93
		25950		258.92		0.370239		277.679		-4011.61		-3733.93
		26000		259.419		0.353908		265.431		-3999.36		-3733.93
		26050		259.918		0.338418		253.813		-3987.75		-3733.93
		26100		260.417		0.340138		255.103		-3989.03		-3733.93
		26150		260.916		0.355865		266.898		-4000.83		-3733.93
		26200		261.415		0.365968		274.476		-4008.41		-3733.93
		26250		261.913		0.364946		273.709		-4007.64		-3733.93
		26300		262.412		0.358731		269.048		-4002.98		-3733.93
		26350		262.911		0.352966		264.725		-3998.66		-3733.93
		26400		263.41		0.357131		267.849		-4001.78		-3733.93
		26450		263.909		0.363155		272.366		-4006.3		-3733.93
		26500		264.408		0.359301		269.476		-4003.41		-3733.93
		26550		264.907		0.351393		263.545		-3997.48		-3733.93
		26600		265.406		0.347658		260.743		-3994.68		-3733.93
		26650		265.904		0.347756		260.817		-3994.75		-3733.93
		26700		266.403		0.3492		261.9		-3995.83		-3733.93
		26750		266.902		0.348318		261.239		-3995.17		-3733.93
		26800		267.401		0.352664		264.498		-3998.43		-3733.93
		26850		267.9		0.363979		272.984		-4006.92		-3733.93
		26900		268.399		0.379529		284.646		-4018.58		-3733.93
		26950		268.898		0.381179		285.884		-4019.82		-3733.93
		27000		269.397		0.362366		271.774		-4005.71		-3733.93
		27050		269.896		0.346748		260.061		-3993.99		-3733.93
		27100		270.394		0.343652		257.739		-3991.67		-3733.93
		27150		270.893		0.345608		259.206		-3993.14		-3733.93
		27200		271.392		0.349482		262.112		-3996.04		-3733.93
		27250		271.891		0.351743		263.808		-3997.74		-3733.93
		27300		272.39		0.355172		266.379		-4000.31		-3733.93
		27350		272.889		0.368501		276.376		-4010.31		-3733.93
		27400		273.388		0.382739		287.054		-4020.99		-3733.93
		27450		273.887		0.384418		288.314		-4022.25		-3733.93
		27500		274.385		0.366034		274.526		-4008.46		-3733.93
		27550		274.884		0.33505		251.288		-3985.22		-3733.93
		27600		275.383		0.323506		242.63		-3976.56		-3733.93
		27650		275.882		0.331871		248.904		-3982.84		-3733.93
		27700		276.381		0.347622		260.717		-3994.65		-3733.93
		27750		276.88		0.360433		270.325		-4004.26		-3733.93
		27800		277.379		0.370109		277.582		-4011.51		-3733.93
		27850		277.878		0.376348		282.261		-4016.19		-3733.93
		27900		278.377		0.370738		278.054		-4011.99		-3733.93
		27950		278.875		0.345791		259.343		-3993.28		-3733.93
		28000		279.374		0.322809		242.107		-3976.04		-3733.93
		28050		279.873		0.335338		251.504		-3985.44		-3733.93
		28100		280.372		0.366058		274.543		-4008.48		-3733.93
		28150		280.871		0.383642		287.731		-4021.66		-3733.93
		28200		281.37		0.378452		283.839		-4017.77		-3733.93
		28250		281.869		0.369345		277.009		-4010.94		-3733.93
		28300		282.368		0.370814		278.11		-4012.04		-3733.93
		28350		282.866		0.36816		276.12		-4010.05		-3733.93
		28400		283.365		0.352036		264.027		-3997.96		-3733.93
		28450		283.864		0.335347		251.51		-3985.44		-3733.93
		28500		284.363		0.333877		250.408		-3984.34		-3733.93
		28550		284.862		0.350728		263.046		-3996.98		-3733.93
		28600		285.361		0.363921		272.941		-4006.87		-3733.93
		28650		285.86		0.360715		270.536		-4004.47		-3733.93
		28700		286.359		0.352817		264.613		-3998.54		-3733.93
		28750		286.858		0.352574		264.43		-3998.36		-3733.93
		28800		287.356		0.355066		266.3		-4000.23		-3733.93
		28850		287.855		0.356768		267.576		-4001.51		-3733.93
		28900		288.354		0.357792		268.344		-4002.28		-3733.93
		28950		288.853		0.356378		267.283		-4001.22		-3733.93
		29000		289.352		0.351983		263.988		-3997.92		-3733.93
		29050		289.851		0.354733		266.05		-3999.98		-3733.93
		29100		290.35		0.363819		272.864		-4006.8		-3733.93
		29150		290.849		0.368736		276.552		-4010.48		-3733.93
		29200		291.347		0.363864		272.898		-4006.83		-3733.93
		29250		291.846		0.346109		259.582		-3993.51		-3733.93
		29300		292.345		0.332949		249.712		-3983.64		-3733.93
		29350		292.844		0.345858		259.394		-3993.33		-3733.93
		29400		293.343		0.363571		272.678		-4006.61		-3733.93
		29450		293.842		0.364996		273.747		-4007.68		-3733.93
		29500		294.341		0.360392		270.294		-4004.23		-3733.93
		29550		294.84		0.35753		268.148		-4002.08		-3733.93
		29600		295.339		0.35394		265.455		-3999.39		-3733.93
		29650		295.837		0.355187		266.391		-4000.32		-3733.93
		29700		296.336		0.363783		272.837		-4006.77		-3733.93
		29750		296.835		0.365326		273.995		-4007.93		-3733.93
		29800		297.334		0.360432		270.324		-4004.26		-3733.93
		29850		297.833		0.357489		268.117		-4002.05		-3733.93
		29900		298.332		0.356243		267.182		-4001.11		-3733.93
		29950		298.831		0.354951		266.213		-4000.15		-3733.93
		30000		299.33		0.350897		263.173		-3997.11		-3733.93
		30050		299.828		0.345922		259.442		-3993.37		-3733.93
		30100		300.327		0.343217		257.413		-3991.34		-3733.93
		30150		300.826		0.348853		261.64		-3995.57		-3733.93
		30200		301.325		0.361783		271.337		-4005.27		-3733.93
		30250		301.824		0.372562		279.421		-4013.35		-3733.93
		30300		302.323		0.371284		278.463		-4012.4		-3733.93
		30350		302.822		0.355698		266.773		-4000.71		-3733.93
		30400		303.321		0.33806		253.545		-3987.48		-3733.93
		30450		303.82		0.33545		251.588		-3985.52		-3733.93
		30500		304.318		0.348212		261.159		-3995.09		-3733.93
		30550		304.817		0.366749		275.062		-4008.99		-3733.93
		30600		305.316		0.368724		276.543		-4010.48		-3733.93
		30650		305.815		0.356192		267.144		-4001.08		-3733.93
		30700		306.314		0.352323		264.242		-3998.17		-3733.93
		30750		306.813		0.356252		267.189		-4001.12		-3733.93
		30800		307.312		0.355617		266.713		-4000.64		-3733.93
		30850		307.811		0.35775		268.313		-4002.24		-3733.93
		30900		308.309		0.364321		273.241		-4007.17		-3733.93
		30950		308.808		0.365522		274.141		-4008.07		-3733.93
		31000		309.307		0.356685		267.513		-4001.45		-3733.93
		31050		309.806		0.350322		262.742		-3996.67		-3733.93
		31100		310.305		0.358567		268.925		-4002.86		-3733.93
		31150		310.804		0.364226		273.17		-4007.1		-3733.93
		31200		311.303		0.356602		267.452		-4001.38		-3733.93
		31250		311.802		0.347167		260.375		-3994.31		-3733.93
		31300		312.301		0.3471		260.325		-3994.26		-3733.93
		31350		312.799		0.353064		264.798		-3998.73		-3733.93
		31400		313.298		0.35762		268.215		-4002.15		-3733.93
		31450		313.797		0.359274		269.456		-4003.39		-3733.93
		31500		314.296		0.354201		265.651		-3999.58		-3733.93
		31550		314.795		0.350032		262.524		-3996.46		-3733.93
		31600		315.294		0.351583		263.687		-3997.62		-3733.93
		31650		315.793		0.355046		266.284		-4000.22		-3733.93
		31700		316.292		0.355875		266.906		-4000.84		-3733.93
		31750		316.791		0.356393		267.295		-4001.23		-3733.93
		31800		317.289		0.360695		270.521		-4004.45		-3733.93
		31850		317.788		0.361346		271.009		-4004.94		-3733.93
		31900		318.287		0.35194		263.955		-3997.89		-3733.93
		31950		318.786		0.346356		259.767		-3993.7		-3733.93
		32000		319.285		0.353585		265.189		-3999.12		-3733.93
		32050		319.784		0.369773		277.33		-4011.26		-3733.93
		32100		320.283		0.374463		280.847		-4014.78		-3733.93
		32150		320.782		0.365474		274.106		-4008.04		-3733.93
		32200		321.28		0.35525		266.437		-4000.37		-3733.93
		32250		321.779		0.345543		259.157		-3993.09		-3733.93
		32300		322.278		0.35049		262.867		-3996.8		-3733.93
		32350		322.777		0.364657		273.493		-4007.43		-3733.93
		32400		323.276		0.366068		274.551		-4008.48		-3733.93
		32450		323.775		0.364431		273.323		-4007.26		-3733.93
		32500		324.274		0.361062		270.797		-4004.73		-3733.93
		32550		324.773		0.350732		263.049		-3996.98		-3733.93
		32600		325.272		0.34724		260.43		-3994.36		-3733.93
		32650		325.77		0.347374		260.531		-3994.46		-3733.93
		32700		326.269		0.34301		257.258		-3991.19		-3733.93
		32750		326.768		0.340159		255.119		-3989.05		-3733.93
		32800		327.267		0.346974		260.231		-3994.16		-3733.93
		32850		327.766		0.360274		270.206		-4004.14		-3733.93
		32900		328.265		0.369715		277.287		-4011.22		-3733.93
		32950		328.764		0.37272		279.54		-4013.47		-3733.93
		33000		329.263		0.364652		273.489		-4007.42		-3733.93
		33050		329.761		0.351474		263.606		-3997.54		-3733.93
		33100		330.26		0.353916		265.437		-3999.37		-3733.93
		33150		330.759		0.363342		272.506		-4006.44		-3733.93
		33200		331.258		0.35965		269.738		-4003.67		-3733.93
		33250		331.757		0.350339		262.755		-3996.69		-3733.93
		33300		332.256		0.349799		262.349		-3996.28		-3733.93
		33350		332.755		0.359435		269.576		-4003.51		-3733.93
		33400		333.254		0.364356		273.267		-4007.2		-3733.93
		33450		333.753		0.35716		267.87		-4001.8		-3733.93
		33500		334.251		0.346137		259.603		-3993.53		-3733.93
		33550		334.75		0.348771		261.579		-3995.51		-3733.93
		33600		335.249		0.362383		271.787		-4005.72		-3733.93
		33650		335.748		0.366412		274.809		-4008.74		-3733.93
		33700		336.247		0.354302		265.727		-3999.66		-3733.93
		33750		336.746		0.338148		253.611		-3987.54		-3733.93
		33800		337.245		0.33954		254.655		-3988.59		-3733.93
		33850		337.744		0.359062		269.297		-4003.23		-3733.93
		33900		338.242		0.370362		277.772		-4011.7		-3733.93
		33950		338.741		0.36814		276.105		-4010.04		-3733.93
		34000		339.24		0.357742		268.307		-4002.24		-3733.93
		34050		339.739		0.344689		258.517		-3992.45		-3733.93
		34100		340.238		0.347008		260.256		-3994.19		-3733.93
		34150		340.737		0.362044		271.533		-4005.47		-3733.93
		34200		341.236		0.369483		277.112		-4011.04		-3733.93
		34250		341.735		0.36544		274.08		-4008.01		-3733.93
		34300		342.234		0.351985		263.989		-3997.92		-3733.93
		34350		342.732		0.34447		258.352		-3992.28		-3733.93
		34400		343.231		0.354972		266.229		-4000.16		-3733.93
		34450		343.73		0.371358		278.518		-4012.45		-3733.93
		34500		344.229		0.37156		278.67		-4012.6		-3733.93
		34550		344.728		0.347118		260.339		-3994.27		-3733.93
		34600		345.227		0.33391		250.432		-3984.36		-3733.93
		34650		345.726		0.344898		258.673		-3992.61		-3733.93
		34700		346.225		0.358466		268.85		-4002.78		-3733.93
		34750		346.723		0.362658		271.993		-4005.93		-3733.93
		34800		347.222		0.360868		270.651		-4004.58		-3733.93
		34850		347.721		0.362519		271.889		-4005.82		-3733.93
		34900		348.22		0.369521		277.141		-4011.07		-3733.93
		34950		348.719		0.363603		272.702		-4006.63		-3733.93
		35000		349.218		0.350239		262.679		-3996.61		-3733.93
		35050		349.717		0.349277		261.957		-3995.89		-3733.93
		35100		350.216		0.353845		265.384		-3999.32		-3733.93
		35150		350.715		0.354291		265.718		-3999.65		-3733.93
		35200		351.213		0.353139		264.854		-3998.79		-3733.93
		35250		351.712		0.352558		264.419		-3998.35		-3733.93
		35300		352.211		0.352826		264.62		-3998.55		-3733.93
		35350		352.71		0.348781		261.586		-3995.52		-3733.93
		35400		353.209		0.350556		262.917		-3996.85		-3733.93
		35450		353.708		0.36326		272.445		-4006.38		-3733.93
		35500		354.207		0.36598		274.485		-4008.42		-3733.93
		35550		354.706		0.353318		264.988		-3998.92		-3733.93
		35600		355.204		0.347014		260.261		-3994.19		-3733.93
		35650		355.703		0.34877		261.577		-3995.51		-3733.93
		35700		356.202		0.352012		264.009		-3997.94		-3733.93
		35750		356.701		0.371662		278.747		-4012.68		-3733.93
		35800		357.2		0.389482		292.112		-4026.04		-3733.93
		35850		357.699		0.374799		281.099		-4015.03		-3733.93
		35900		358.198		0.341817		256.363		-3990.29		-3733.93
		35950		358.697		0.329534		247.15		-3981.08		-3733.93
		36000		359.196		0.343217		257.413		-3991.34		-3733.93
		36050		359.694		0.362033		271.525		-4005.46		-3733.93
		36100		360.193		0.369568		277.176		-4011.11		-3733.93
		36150		360.692		0.360097		270.073		-4004		-3733.93
		36200		361.191		0.34742		260.565		-3994.5		-3733.93
		36250		361.69		0.347063		260.297		-3994.23		-3733.93
		36300		362.189		0.353802		265.351		-3999.28		-3733.93
		36350		362.688		0.360553		270.415		-4004.35		-3733.93
		36400		363.187		0.369855		277.391		-4011.32		-3733.93
		36450		363.685		0.372212		279.159		-4013.09		-3733.93
		36500		364.184		0.359396		269.547		-4003.48		-3733.93
		36550		364.683		0.34912		261.84		-3995.77		-3733.93
		36600		365.182		0.349234		261.925		-3995.86		-3733.93
		36650		365.681		0.34455		258.412		-3992.34		-3733.93
		36700		366.18		0.342759		257.069		-3991		-3733.93
		36750		366.679		0.354491		265.868		-3999.8		-3733.93
		36800		367.178		0.368873		276.655		-4010.59		-3733.93
		36850		367.677		0.379614		284.71		-4018.64		-3733.93
		36900		368.175		0.376769		282.577		-4016.51		-3733.93
		36950		368.674		0.360108		270.081		-4004.01		-3733.93
		37000		369.173		0.33942		254.565		-3988.5		-3733.93
		37050		369.672		0.331085		248.314		-3982.24		-3733.93
		37100		370.171		0.348505		261.379		-3995.31		-3733.93
		37150		370.67		0.369022		276.767		-4010.7		-3733.93
		37200		371.169		0.37184		278.88		-4012.81		-3733.93
		37250		371.668		0.36513		273.847		-4007.78		-3733.93
		37300		372.166		0.357858		268.394		-4002.33		-3733.93
		37350		372.665		0.351962		263.971		-3997.9		-3733.93
		37400		373.164		0.351558		263.669		-3997.6		-3733.93
		37450		373.663		0.355107		266.33		-4000.26		-3733.93
		37500		374.162		0.353619		265.214		-3999.15		-3733.93
		37550		374.661		0.349304		261.978		-3995.91		-3733.93
		37600		375.16		0.352044		264.033		-3997.96		-3733.93
		37650		375.659		0.357351		268.013		-4001.94		-3733.93
		37700		376.158		0.360662		270.496		-4004.43		-3733.93
		37750		376.656		0.364576		273.432		-4007.36		-3733.93
		37800		377.155		0.358738		269.054		-4002.99		-3733.93
		37850		377.654		0.355445		266.584		-4000.52		-3733.93
		37900		378.153		0.360315		270.236		-4004.17		-3733.93
		37950		378.652		0.360243		270.182		-4004.11		-3733.93
		38000		379.151		0.347884		260.913		-3994.84		-3733.93
		38050		379.65		0.343661		257.746		-3991.68		-3733.93
		38100		380.149		0.353782		265.336		-3999.27		-3733.93
		38150		380.647		0.363419		272.564		-4006.5		-3733.93
		38200		381.146		0.365793		274.345		-4008.28		-3733.93
		38250		381.645		0.358976		269.232		-4003.16		-3733.93
		38300		382.144		0.352734		264.551		-3998.48		-3733.93
		38350		382.643		0.351851		263.888		-3997.82		-3733.93
		38400		383.142		0.35476		266.07		-4000		-3733.93
		38450		383.641		0.35727		267.953		-4001.88		-3733.93
		38500		384.14		0.360992		270.744		-4004.68		-3733.93
		38550		384.639		0.360643		270.482		-4004.41		-3733.93
		38600		385.137		0.356152		267.114		-4001.05		-3733.93
		38650		385.636		0.356702		267.527		-4001.46		-3733.93
		38700		386.135		0.356532		267.399		-4001.33		-3733.93
		38750		386.634		0.355787		266.84		-4000.77		-3733.93
		38800		387.133		0.358404		268.803		-4002.73		-3733.93
		38850		387.632		0.353733		265.299		-3999.23		-3733.93
		38900		388.131		0.343107		257.33		-3991.26		-3733.93
		38950		388.63		0.348958		261.718		-3995.65		-3733.93
		39000		389.128		0.36625		274.688		-4008.62		-3733.93
		39050		389.627		0.376675		282.506		-4016.44		-3733.93
		39100		390.126		0.36807		276.053		-4009.98		-3733.93
		39150		390.625		0.347672		260.754		-3994.69		-3733.93
		39200		391.124		0.335607		251.705		-3985.64		-3733.93
		39250		391.623		0.347381		260.535		-3994.47		-3733.93
		39300		392.122		0.360824		270.618		-4004.55		-3733.93
		39350		392.621		0.355688		266.766		-4000.7		-3733.93
		39400		393.12		0.349568		262.176		-3996.11		-3733.93
		39450		393.618		0.355763		266.822		-4000.75		-3733.93
		39500		394.117		0.357199		267.899		-4001.83		-3733.93
		39550		394.616		0.352867		264.65		-3998.58		-3733.93
		39600		395.115		0.362252		271.689		-4005.62		-3733.93
		39650		395.614		0.368918		276.688		-4010.62		-3733.93
		39700		396.113		0.357864		268.398		-4002.33		-3733.93
		39750		396.612		0.347238		260.429		-3994.36		-3733.93
		39800		397.111		0.34947		262.102		-3996.03		-3733.93
		39850		397.609		0.356263		267.198		-4001.13		-3733.93
		39900		398.108		0.358867		269.15		-4003.08		-3733.93
		39950		398.607		0.359299		269.474		-4003.41		-3733.93
		40000		399.106		0.361394		271.045		-4004.98		-3733.93
		40050		399.605		0.35862		268.965		-4002.9		-3733.93
		40100		400.104		0.354186		265.64		-3999.57		-3733.93
		40150		400.603		0.356611		267.458		-4001.39		-3733.93
		40200		401.102		0.36043		270.323		-4004.25		-3733.93
		40250		401.601		0.360771		270.578		-4004.51		-3733.93
		40300		402.099		0.358742		269.056		-4002.99		-3733.93
		40350		402.598		0.356785		267.589		-4001.52		-3733.93
		40400		403.097		0.354055		265.541		-3999.47		-3733.93
		40450		403.596		0.35062		262.965		-3996.9		-3733.93
		40500		404.095		0.348465		261.349		-3995.28		-3733.93
		40550		404.594		0.350557		262.918		-3996.85		-3733.93
		40600		405.093		0.359324		269.493		-4003.43		-3733.93
		40650		405.592		0.367129		275.347		-4009.28		-3733.93
		40700		406.09		0.364551		273.413		-4007.35		-3733.93
		40750		406.589		0.354029		265.522		-3999.45		-3733.93
		40800		407.088		0.349499		262.124		-3996.06		-3733.93
		40850		407.587		0.356344		267.258		-4001.19		-3733.93
		40900		408.086		0.360957		270.717		-4004.65		-3733.93
		40950		408.585		0.359743		269.807		-4003.74		-3733.93
		41000		409.084		0.357069		267.802		-4001.73		-3733.93
		41050		409.583		0.355778		266.833		-4000.77		-3733.93
		41100		410.082		0.357027		267.77		-4001.7		-3733.93
		41150		410.58		0.351088		263.316		-3997.25		-3733.93
		41200		411.079		0.346123		259.592		-3993.52		-3733.93
		41250		411.578		0.345553		259.165		-3993.1		-3733.93
		41300		412.077		0.344916		258.687		-3992.62		-3733.93
		41350		412.576		0.349728		262.296		-3996.23		-3733.93
		41400		413.075		0.363639		272.729		-4006.66		-3733.93
		41450		413.574		0.375962		281.972		-4015.9		-3733.93
		41500		414.073		0.379611		284.708		-4018.64		-3733.93
		41550		414.572		0.37348		280.11		-4014.04		-3733.93
		41600		415.07		0.358056		268.542		-4002.47		-3733.93
		41650		415.569		0.344849		258.637		-3992.57		-3733.93
		41700		416.068		0.349364		262.023		-3995.95		-3733.93
		41750		416.567		0.35312		264.84		-3998.77		-3733.93
		41800		417.066		0.351949		263.961		-3997.89		-3733.93
		41850		417.565		0.356445		267.334		-4001.27		-3733.93
		41900		418.064		0.35569		266.768		-4000.7		-3733.93
		41950		418.563		0.349606		262.205		-3996.14		-3733.93
		42000		419.061		0.350277		262.708		-3996.64		-3733.93
		42050		419.56		0.353271		264.953		-3998.89		-3733.93
		42100		420.059		0.35525		266.437		-4000.37		-3733.93
		42150		420.558		0.364454		273.341		-4007.27		-3733.93
		42200		421.057		0.373745		280.308		-4014.24		-3733.93
		42250		421.556		0.364719		273.54		-4007.47		-3733.93
		42300		422.055		0.345024		258.768		-3992.7		-3733.93
		42350		422.554		0.341042		255.782		-3989.71		-3733.93
		42400		423.053		0.352578		264.433		-3998.37		-3733.93
		42450		423.551		0.361072		270.804		-4004.74		-3733.93
		42500		424.05		0.365188		273.891		-4007.82		-3733.93
		42550		424.549		0.363164		272.373		-4006.31		-3733.93
		42600		425.048		0.352925		264.694		-3998.63		-3733.93
		42650		425.547		0.34796		260.97		-3994.9		-3733.93
		42700		426.046		0.356843		267.632		-4001.56		-3733.93
		42750		426.545		0.364205		273.154		-4007.09		-3733.93
		42800		427.044		0.358559		268.919		-4002.85		-3733.93
		42850		427.542		0.353818		265.363		-3999.3		-3733.93
		42900		428.041		0.357447		268.085		-4002.02		-3733.93
		42950		428.54		0.361368		271.026		-4004.96		-3733.93
		43000		429.039		0.363005		272.254		-4006.19		-3733.93
		43050		429.538		0.359236		269.427		-4003.36		-3733.93
		43100		430.037		0.349095		261.822		-3995.75		-3733.93
		43150		430.536		0.348654		261.49		-3995.42		-3733.93
		43200		431.035		0.359892		269.919		-4003.85		-3733.93
		43250		431.534		0.365682		274.261		-4008.19		-3733.93
		43300		432.032		0.361986		271.489		-4005.42		-3733.93
		43350		432.531		0.355665		266.749		-4000.68		-3733.93
		43400		433.03		0.352384		264.288		-3998.22		-3733.93
		43450		433.529		0.349985		262.488		-3996.42		-3733.93
		43500		434.028		0.351586		263.689		-3997.62		-3733.93
		43550		434.527		0.36246		271.845		-4005.78		-3733.93
		43600		435.026		0.373852		280.389		-4014.32		-3733.93
		43650		435.525		0.367846		275.884		-4009.82		-3733.93
		43700		436.023		0.343285		257.463		-3991.4		-3733.93
		43750		436.522		0.326199		244.65		-3978.58		-3733.93
		43800		437.021		0.343978		257.983		-3991.92		-3733.93
		43850		437.52		0.363978		272.983		-4006.92		-3733.93
		43900		438.019		0.364346		273.259		-4007.19		-3733.93
		43950		438.518		0.363918		272.938		-4006.87		-3733.93
		44000		439.017		0.371382		278.536		-4012.47		-3733.93
		44050		439.516		0.367201		275.401		-4009.33		-3733.93
		44100		440.015		0.351235		263.426		-3997.36		-3733.93
		44150		440.513		0.350967		263.225		-3997.16		-3733.93
		44200		441.012		0.365599		274.199		-4008.13		-3733.93
		44250		441.511		0.365145		273.859		-4007.79		-3733.93
		44300		442.01		0.351924		263.943		-3997.87		-3733.93
		44350		442.509		0.343607		257.705		-3991.64		-3733.93
		44400		443.008		0.350979		263.234		-3997.17		-3733.93
		44450		443.507		0.357551		268.163		-4002.1		-3733.93
		44500		444.006		0.355641		266.731		-4000.66		-3733.93
		44550		444.504		0.364583		273.437		-4007.37		-3733.93
		44600		445.003		0.368429		276.322		-4010.25		-3733.93
		44650		445.502		0.359287		269.465		-4003.4		-3733.93
		44700		446.001		0.350636		262.977		-3996.91		-3733.93
		44750		446.5		0.3475		260.625		-3994.56		-3733.93
		44800		446.999		0.358311		268.733		-4002.67		-3733.93
		44850		447.498		0.363427		272.57		-4006.5		-3733.93
		44900		447.997		0.355748		266.811		-4000.74		-3733.93
		44950		448.496		0.349822		262.366		-3996.3		-3733.93
		45000		448.994		0.354336		265.752		-3999.68		-3733.93
		45050		449.493		0.363755		272.816		-4006.75		-3733.93
		45100		449.992		0.368578		276.433		-4010.37		-3733.93
		45150		450.491		0.365488		274.116		-4008.05		-3733.93
		45200		450.99		0.355883		266.912		-4000.84		-3733.93
		45250		451.489		0.34483		258.623		-3992.55		-3733.93
		45300		451.988		0.344718		258.539		-3992.47		-3733.93
		45350		452.487		0.35872		269.04		-4002.97		-3733.93
		45400		452.985		0.365773		274.33		-4008.26		-3733.93
		45450		453.484		0.35869		269.018		-4002.95		-3733.93
		45500		453.983		0.353145		264.859		-3998.79		-3733.93
		45550		454.482		0.352955		264.717		-3998.65		-3733.93
		45600		454.981		0.354114		265.586		-3999.52		-3733.93
		45650		455.48		0.355333		266.5		-4000.43		-3733.93
		45700		455.979		0.352922		264.692		-3998.62		-3733.93
		45750		456.478		0.353861		265.395		-3999.33		-3733.93
		45800		456.977		0.360028		270.021		-4003.95		-3733.93
		45850		457.475		0.35979		269.842		-4003.77		-3733.93
		45900		457.974		0.358828		269.121		-4003.05		-3733.93
		45950		458.473		0.36342		272.565		-4006.5		-3733.93
		46000		458.972		0.366321		274.74		-4008.67		-3733.93
		46050		459.471		0.359553		269.665		-4003.6		-3733.93
		46100		459.97		0.347751		260.813		-3994.74		-3733.93
		46150		460.469		0.347897		260.922		-3994.85		-3733.93
		46200		460.968		0.354499		265.874		-3999.81		-3733.93
		46250		461.466		0.351895		263.921		-3997.85		-3733.93
		46300		461.965		0.345767		259.326		-3993.26		-3733.93
		46350		462.464		0.34694		260.205		-3994.14		-3733.93
		46400		462.963		0.360161		270.121		-4004.05		-3733.93
		46450		463.462		0.366486		274.865		-4008.8		-3733.93
		46500		463.961		0.361725		271.294		-4005.23		-3733.93
		46550		464.46		0.360864		270.648		-4004.58		-3733.93
		46600		464.959		0.359539		269.655		-4003.59		-3733.93
		46650		465.458		0.351611		263.708		-3997.64		-3733.93
		46700		465.956		0.348187		261.141		-3995.07		-3733.93
		46750		466.455		0.35853		268.897		-4002.83		-3733.93
		46800		466.954		0.367954		275.966		-4009.9		-3733.93
		46850		467.453		0.361425		271.069		-4005		-3733.93
		46900		467.952		0.351399		263.549		-3997.48		-3733.93
		46950		468.451		0.355634		266.725		-4000.66		-3733.93
		47000		468.95		0.365946		274.46		-4008.39		-3733.93
		47050		469.449		0.365751		274.313		-4008.25		-3733.93
		47100		469.947		0.358354		268.765		-4002.7		-3733.93
		47150		470.446		0.349216		261.912		-3995.84		-3733.93
		47200		470.945		0.344238		258.178		-3992.11		-3733.93
		47250		471.444		0.34609		259.567		-3993.5		-3733.93
		47300		471.943		0.356348		267.261		-4001.19		-3733.93
		47350		472.442		0.368831		276.623		-4010.56		-3733.93
		47400		472.941		0.366285		274.714		-4008.65		-3733.93
		47450		473.44		0.35612		267.09		-4001.02		-3733.93
		47500		473.939		0.347269		260.452		-3994.38		-3733.93
		47550		474.437		0.341409		256.057		-3989.99		-3733.93
		47600		474.936		0.345848		259.386		-3993.32		-3733.93
		47650		475.435		0.360068		270.051		-4003.98		-3733.93
		47700		475.934		0.367107		275.33		-4009.26		-3733.93
		47750		476.433		0.359252		269.439		-4003.37		-3733.93
		47800		476.932		0.352921		264.691		-3998.62		-3733.93
		47850		477.431		0.35866		268.995		-4002.93		-3733.93
		47900		477.93		0.363493		272.62		-4006.55		-3733.93
		47950		478.428		0.360495		270.371		-4004.3		-3733.93
		48000		478.927		0.358637		268.978		-4002.91		-3733.93
		48050		479.426		0.353637		265.227		-3999.16		-3733.93
		48100		479.925		0.344821		258.615		-3992.55		-3733.93
		48150		480.424		0.343531		257.648		-3991.58		-3733.93
		48200		480.923		0.35546		266.595		-4000.53		-3733.93
		48250		481.422		0.370187		277.64		-4011.57		-3733.93
		48300		481.921		0.374176		280.632		-4014.56		-3733.93
		48350		482.42		0.3601		270.075		-4004.01		-3733.93
		48400		482.918		0.343641		257.731		-3991.66		-3733.93
		48450		483.417		0.347763		260.823		-3994.75		-3733.93
		48500		483.916		0.361405		271.054		-4004.99		-3733.93
		48550		484.415		0.367572		275.679		-4009.61		-3733.93
		48600		484.914		0.356242		267.182		-4001.11		-3733.93
		48650		485.413		0.341708		256.281		-3990.21		-3733.93
		48700		485.912		0.349976		262.482		-3996.41		-3733.93
		48750		486.411		0.368238		276.179		-4010.11		-3733.93
		48800		486.909		0.371977		278.983		-4012.92		-3733.93
		48850		487.408		0.363075		272.306		-4006.24		-3733.93
		48900		487.907		0.349433		262.075		-3996.01		-3733.93
		48950		488.406		0.346961		260.221		-3994.15		-3733.93
		49000		488.905		0.356684		267.513		-4001.45		-3733.93
		49050		489.404		0.362029		271.522		-4005.45		-3733.93
		49100		489.903		0.357747		268.311		-4002.24		-3733.93
		49150		490.402		0.354556		265.917		-3999.85		-3733.93
		49200		490.901		0.363654		272.741		-4006.67		-3733.93
		49250		491.399		0.367436		275.577		-4009.51		-3733.93
		49300		491.898		0.35283		264.623		-3998.55		-3733.93
		49350		492.397		0.345457		259.093		-3993.02		-3733.93
		49400		492.896		0.352032		264.024		-3997.96		-3733.93
		49450		493.395		0.353757		265.318		-3999.25		-3733.93
		49500		493.894		0.351208		263.406		-3997.34		-3733.93
		49550		494.393		0.351551		263.663		-3997.59		-3733.93
		49600		494.892		0.353076		264.807		-3998.74		-3733.93
		49650		495.39		0.356622		267.467		-4001.4		-3733.93
		49700		495.889		0.356786		267.589		-4001.52		-3733.93
		49750		496.388		0.355361		266.521		-4000.45		-3733.93
		49800		496.887		0.360452		270.339		-4004.27		-3733.93
		49850		497.386		0.372026		279.019		-4012.95		-3733.93
		49900		497.885		0.376285		282.214		-4016.15		-3733.93
		49950		498.384		0.36615		274.613		-4008.54		-3733.93
