		timesteps		t		Temperature		Kin		Pot		TotalE		MSD
		0		0		5.31056		3982.92		-4257.43		-274.51		1.39064e-312
		50		0.498883		4.04209		3031.56		-3306.11		-274.548		0.0916135
		100		0.997765		2.2267		1670.03		-1944.5		-274.474		0.260624
		150		1.49665		2.4824		1861.8		-2136.31		-274.511		0.376518
		200		1.99553		2.56357		1922.67		-2197.18		-274.506		0.45829
		250		2.49441		2.60232		1951.74		-2226.24		-274.506		0.521224
		300		2.9933		2.63567		1976.76		-2251.26		-274.505		0.571564
		350		3.49218		2.66315		1997.36		-2271.86		-274.499		0.61397
		400		3.99106		2.70331		2027.48		-2301.99		-274.507		0.653286
		450		4.48994		2.548		1911		-2185.5		-274.498		0.690532
		500		4.98883		2.59733		1948		-2222.5		-274.499		0.711129
		550		5.48771		2.80623		2104.67		-2379.19		-274.514		0.718306
		600		5.98659		2.70189		2026.42		-2300.92		-274.495		0.728668
		650		6.48547		2.74245		2056.84		-2331.34		-274.5		0.738739
		700		6.98436		2.82378		2117.84		-2392.34		-274.501		0.753022
		750		7.48324		2.74598		2059.49		-2333.98		-274.499		0.777878
		800		7.98212		2.60282		1952.12		-2226.61		-274.496		0.807582
		850		8.48101		2.60907		1956.8		-2231.31		-274.504		0.831915
		900		8.97989		2.58175		1936.31		-2210.81		-274.499		0.851211
		950		9.47877		2.60457		1953.43		-2227.93		-274.503		0.864682
		1000		9.97765		2.56453		1923.4		-2197.89		-274.496		0.873873
		1050		10.4765		2.69246		2019.34		-2293.85		-274.506		0.876632
		1100		10.9754		2.68233		2011.75		-2286.25		-274.503		0.880113
		1150		11.4743		2.66784		2000.88		-2275.38		-274.503		0.880753
		1200		11.9732		2.75251		2064.38		-2338.89		-274.503		0.874462
		1250		12.4721		2.74292		2057.19		-2331.69		-274.502		0.871151
		1300		12.9709		2.65816		1993.62		-2268.12		-274.5		0.872801
		1350		13.4698		2.63932		1979.49		-2253.99		-274.504		0.871106
		1400		13.9687		2.65349		1990.12		-2264.61		-274.497		0.861221
		1450		14.4676		2.72037		2040.28		-2314.78		-274.499		0.846242
		1500		14.9665		2.70103		2025.77		-2300.28		-274.503		0.83345
		1550		15.4654		2.78028		2085.21		-2359.71		-274.501		0.821504
		1600		15.9642		2.8216		2116.2		-2390.7		-274.502		0.819151
		1650		16.4631		2.72045		2040.34		-2314.85		-274.509		0.830324
		1700		16.962		2.57843		1933.82		-2208.32		-274.496		0.841035
		1750		17.4609		2.60227		1951.7		-2226.2		-274.5		0.840862
		1800		17.9598		2.68227		2011.7		-2286.21		-274.504		0.83217
		1850		18.4587		2.78058		2085.43		-2359.95		-274.512		0.820469
		1900		18.9575		2.58558		1939.18		-2213.68		-274.501		0.813395
		1950		19.4564		2.58268		1937.01		-2211.51		-274.502		0.798028
		2000		19.9553		2.73306		2049.79		-2324.3		-274.506		0.77587
		2050		20.4542		2.73981		2054.86		-2329.35		-274.498		0.758314
		2100		20.9531		2.82109		2115.82		-2390.33		-274.508		0.744548
		2150		21.452		2.68152		2011.14		-2285.64		-274.495		0.736947
		2200		21.9508		2.77256		2079.42		-2353.93		-274.507		0.72741
		2250		22.4497		2.79618		2097.13		-2371.64		-274.505		0.719376
		2300		22.9486		2.66474		1998.56		-2273.06		-274.504		0.716872
		2350		23.4475		2.56941		1927.06		-2201.56		-274.496		0.711638
		2400		23.9464		2.67274		2004.55		-2279.06		-274.506		0.699949
		2450		24.4453		2.7192		2039.4		-2313.91		-274.505		0.689248
		2500		24.9441		2.66523		1998.92		-2273.41		-274.492		0.683
		2550		25.443		2.77498		2081.24		-2355.74		-274.505		0.678366
		2600		25.9419		2.68838		2016.28		-2290.79		-274.511		0.680048
		2650		26.4408		2.58036		1935.27		-2209.77		-274.503		0.678459
		2700		26.9397		2.75387		2065.4		-2339.91		-274.512		0.666993
		2750		27.4385		2.72934		2047		-2321.51		-274.503		0.656636
		2800		27.9374		2.68953		2017.15		-2291.66		-274.508		0.646679
		2850		28.4363		2.74271		2057.03		-2331.54		-274.503		0.632812
		2900		28.9352		2.90912		2181.84		-2456.34		-274.506		0.62117
		2950		29.4341		2.83819		2128.64		-2403.14		-274.501		0.623217
		3000		29.933		2.81633		2112.25		-2386.75		-274.503		0.630579
		3050		30.4318		2.7962		2097.15		-2371.65		-274.502		0.641101
		3100		30.9307		2.7559		2066.92		-2341.43		-274.506		0.658335
		3150		31.4296		2.65957		1994.68		-2269.18		-274.497		0.6795
		3200		31.9285		2.72877		2046.58		-2321.09		-274.507		0.695613
		3250		32.4274		2.7558		2066.85		-2341.35		-274.502		0.707946
		3300		32.9263		2.79241		2094.31		-2368.81		-274.505		0.722697
		3350		33.4251		2.71434		2035.76		-2310.26		-274.502		0.7421
		3400		33.924		2.66064		1995.48		-2269.98		-274.501		0.759339
		3450		34.4229		2.66813		2001.1		-2275.6		-274.505		0.773132
		3500		34.9218		2.63056		1972.92		-2247.42		-274.506		0.78621
		3550		35.4207		2.61946		1964.6		-2239.09		-274.497		0.792672
		3600		35.9196		2.72579		2044.34		-2318.85		-274.507		0.789877
		3650		36.4184		2.8098		2107.35		-2381.86		-274.51		0.785949
		3700		36.9173		2.75424		2065.68		-2340.17		-274.49		0.789298
		3750		37.4162		2.81733		2113		-2387.51		-274.509		0.801934
		3800		37.9151		2.66975		2002.31		-2276.81		-274.502		0.825664
		3850		38.414		2.66654		1999.91		-2274.41		-274.503		0.848805
		3900		38.9128		2.7253		2043.98		-2318.48		-274.508		0.870849
		3950		39.4117		2.59089		1943.17		-2217.66		-274.493		0.897101
		4000		39.9106		2.60838		1956.28		-2230.79		-274.502		0.923687
		4050		40.4095		2.62977		1972.33		-2246.83		-274.502		0.951598
		4100		40.9084		2.65674		1992.55		-2267.05		-274.501		0.980945
		4150		41.4073		2.63075		1973.06		-2247.56		-274.498		1.00905
		4200		41.9061		2.66622		1999.67		-2274.17		-274.507		1.03631
		4250		42.405		2.66675		2000.06		-2274.56		-274.503		1.06631
		4300		42.9039		2.67992		2009.94		-2284.45		-274.504		1.10264
		4350		43.4028		2.5996		1949.7		-2224.2		-274.499		1.14428
		4400		43.9017		2.55981		1919.86		-2194.36		-274.499		1.17928
		4450		44.4006		2.5971		1947.83		-2222.33		-274.501		1.20744
		4500		44.8994		2.58002		1935.01		-2209.51		-274.497		1.23256
		4550		45.3983		2.64218		1981.64		-2256.15		-274.508		1.25005
		4600		45.8972		2.54005		1905.03		-2179.54		-274.503		1.26333
		4650		46.3961		2.54513		1908.85		-2183.35		-274.503		1.2688
		4700		46.895		2.69257		2019.43		-2293.93		-274.509		1.2684
		4750		47.3939		2.7092		2031.9		-2306.4		-274.503		1.27569
		4800		47.8927		2.70446		2028.34		-2302.85		-274.503		1.29324
		4850		48.3916		2.60346		1952.59		-2227.09		-274.495		1.32023
		4900		48.8905		2.58523		1938.92		-2213.43		-274.502		1.35139
		4950		49.3894		2.57554		1931.65		-2206.16		-274.504		1.38065
		5000		49.8883		2.62389		1967.92		-2242.42		-274.507		1.40206
		5050		50.3872		2.66946		2002.09		-2276.6		-274.511		1.41837
		5100		50.886		2.58655		1939.91		-2214.42		-274.504		1.43884
		5150		51.3849		2.52429		1893.22		-2167.71		-274.497		1.46342
		5200		51.8838		2.66049		1995.37		-2269.87		-274.505		1.49021
		5250		52.3827		2.62758		1970.68		-2245.18		-274.501		1.52142
		5300		52.8816		2.52495		1893.71		-2168.22		-274.505		1.55174
		5350		53.3804		2.48023		1860.17		-2134.67		-274.5		1.57535
		5400		53.8793		2.59256		1944.42		-2218.92		-274.501		1.59502
		5450		54.3782		2.64614		1984.6		-2259.11		-274.506		1.62244
		5500		54.8771		2.54443		1908.33		-2182.83		-274.505		1.64879
		5550		55.376		2.56839		1926.29		-2200.79		-274.504		1.66398
		5600		55.8749		2.65615		1992.12		-2266.62		-274.504		1.67449
		5650		56.3737		2.56373		1922.8		-2197.3		-274.498		1.69001
		5700		56.8726		2.56602		1924.51		-2199.02		-274.503		1.70353
		5750		57.3715		2.61742		1963.07		-2237.57		-274.507		1.71592
		5800		57.8704		2.58817		1941.13		-2215.63		-274.505		1.73992
		5850		58.3693		2.53385		1900.39		-2174.88		-274.498		1.77678
		5900		58.8682		2.54467		1908.5		-2183.01		-274.508		1.80639
		5950		59.367		2.52942		1897.07		-2171.57		-274.508		1.82343
		6000		59.8659		2.5297		1897.27		-2171.77		-274.496		1.83657
		6050		60.3648		2.67333		2005		-2279.51		-274.51		1.8507
		6100		60.8637		2.53096		1898.22		-2172.71		-274.489		1.87178
		6150		61.3626		2.53877		1904.08		-2178.59		-274.506		1.89572
		6200		61.8615		2.43717		1827.88		-2102.37		-274.492		1.92287
		6250		62.3603		2.57125		1928.44		-2202.95		-274.506		1.94811
		6300		62.8592		2.57352		1930.14		-2204.64		-274.503		1.97393
		6350		63.3581		2.63486		1976.15		-2250.65		-274.507		1.99812
		6400		63.857		2.63039		1972.79		-2247.29		-274.5		2.02391
		6450		64.3559		2.57376		1930.32		-2204.82		-274.502		2.05664
		6500		64.8547		2.48115		1860.86		-2135.36		-274.501		2.09198
		6550		65.3536		2.48666		1865		-2139.49		-274.499		2.12276
		6600		65.8525		2.56172		1921.29		-2195.79		-274.505		2.14926
		6650		66.3514		2.51259		1884.44		-2158.94		-274.497		2.17893
		6700		66.8503		2.59174		1943.8		-2218.31		-274.508		2.22205
		6750		67.3492		2.52183		1891.37		-2165.88		-274.504		2.28293
		6800		67.848		2.49944		1874.58		-2149.08		-274.501		2.34992
		6850		68.3469		2.44728		1835.46		-2109.96		-274.495		2.41572
		6900		68.8458		2.50517		1878.88		-2153.38		-274.504		2.47351
		6950		69.3447		2.51982		1889.87		-2164.37		-274.501		2.52213
		7000		69.8436		2.51557		1886.68		-2161.18		-274.5		2.56469
		7050		70.3425		2.47178		1853.84		-2128.34		-274.503		2.60596
		7100		70.8413		2.4375		1828.12		-2102.62		-274.5		2.64936
		7150		71.3402		2.48576		1864.32		-2138.82		-274.5		2.69671
		7200		71.8391		2.44321		1832.4		-2106.9		-274.496		2.74765
		7250		72.338		2.4885		1866.38		-2140.88		-274.506		2.79993
		7300		72.8369		2.40831		1806.23		-2080.73		-274.497		2.86141
		7350		73.3358		2.40972		1807.29		-2081.79		-274.502		2.9213
		7400		73.8346		2.52859		1896.44		-2170.95		-274.503		2.96756
		7450		74.3335		2.58718		1940.38		-2214.89		-274.504		3.00775
		7500		74.8324		2.46066		1845.49		-2119.99		-274.503		3.05541
		7550		75.3313		2.46065		1845.48		-2119.98		-274.5		3.10121
		7600		75.8302		2.48332		1862.49		-2136.99		-274.502		3.14364
		7650		76.329		2.49474		1871.06		-2145.56		-274.504		3.17787
		7700		76.8279		2.4237		1817.78		-2092.28		-274.5		3.21212
		7750		77.3268		2.38615		1789.62		-2064.12		-274.506		3.25727
		7800		77.8257		2.38259		1786.94		-2061.44		-274.496		3.31323
		7850		78.3246		2.49575		1871.81		-2146.32		-274.509		3.36767
		7900		78.8235		2.45926		1844.44		-2118.94		-274.497		3.41299
		7950		79.3223		2.45635		1842.26		-2116.77		-274.502		3.43594
		8000		79.8212		2.43245		1824.34		-2098.84		-274.501		3.45761
		8050		80.3201		2.46954		1852.15		-2126.66		-274.504		3.49518
		8100		80.819		2.44343		1832.57		-2107.07		-274.498		3.54123
		8150		81.3179		2.47545		1856.59		-2131.09		-274.504		3.59588
		8200		81.8168		2.43914		1829.35		-2103.85		-274.497		3.66581
		8250		82.3156		2.44824		1836.18		-2110.68		-274.501		3.73619
		8300		82.8145		2.43763		1828.22		-2102.73		-274.503		3.79657
		8350		83.3134		2.45643		1842.32		-2116.83		-274.505		3.84162
		8400		83.8123		2.4405		1830.38		-2104.88		-274.507		3.87858
		8450		84.3112		2.39336		1795.02		-2069.52		-274.499		3.93286
		8500		84.8101		2.41604		1812.03		-2086.53		-274.5		4.00056
		8550		85.3089		2.46303		1847.28		-2121.78		-274.503		4.07271
		8600		85.8078		2.44393		1832.95		-2107.45		-274.503		4.14377
		8650		86.3067		2.45066		1838		-2112.5		-274.504		4.20823
		8700		86.8056		2.45879		1844.09		-2118.59		-274.498		4.2639
		8750		87.3045		2.42422		1818.16		-2092.66		-274.494		4.31715
		8800		87.8034		2.41396		1810.47		-2084.97		-274.503		4.37368
		8850		88.3022		2.33739		1753.05		-2027.54		-274.497		4.43706
		8900		88.8011		2.53297		1899.72		-2174.23		-274.504		4.49284
		8950		89.3		2.58126		1935.95		-2210.46		-274.51		4.54647
		9000		89.7989		2.40027		1800.2		-2074.7		-274.502		4.59035
		9050		90.2978		2.4383		1828.73		-2103.23		-274.499		4.6137
		9100		90.7966		2.52143		1891.07		-2165.57		-274.503		4.6245
		9150		91.2955		2.50922		1881.91		-2156.42		-274.509		4.64251
		9200		91.7944		2.41575		1811.81		-2086.31		-274.497		4.68985
		9250		92.2933		2.52238		1891.79		-2166.29		-274.5		4.76263
		9300		92.7922		2.54557		1909.18		-2183.67		-274.498		4.84431
		9350		93.2911		2.43932		1829.49		-2103.99		-274.497		4.91199
		9400		93.7899		2.39783		1798.37		-2072.87		-274.498		4.96201
		9450		94.2888		2.47036		1852.77		-2127.27		-274.5		4.99619
		9500		94.7877		2.53522		1901.42		-2175.92		-274.498		5.02374
		9550		95.2866		2.55501		1916.26		-2190.76		-274.506		5.05083
		9600		95.7855		2.41784		1813.38		-2087.88		-274.495		5.0842
		9650		96.2844		2.47332		1854.99		-2129.5		-274.508		5.12613
		9700		96.7832		2.47464		1855.98		-2130.48		-274.497		5.17365
		9750		97.2821		2.564		1923		-2197.51		-274.502		5.21377
		9800		97.781		2.48886		1866.65		-2141.14		-274.495		5.2558
		9850		98.2799		2.55001		1912.51		-2187.02		-274.51		5.28656
		9900		98.7788		2.42475		1818.57		-2093.06		-274.496		5.30643
		9950		99.2777		2.46238		1846.79		-2121.3		-274.508		5.32284
		10000		99.7765		2.39192		1793.94		-2068.43		-274.498		5.34812
		10050		100.275		2.41291		1809.68		-2084.18		-274.501		5.37946
		10100		100.774		2.4657		1849.28		-2123.78		-274.497		5.42007
		10150		101.273		2.57901		1934.26		-2208.76		-274.502		5.46568
		10200		101.772		2.53276		1899.57		-2174.07		-274.502		5.52727
		10250		102.271		2.42913		1821.85		-2096.34		-274.499		5.6193
		10300		102.77		2.44907		1836.8		-2111.3		-274.501		5.71116
		10350		103.269		2.42201		1816.51		-2091		-274.497		5.76687
		10400		103.768		2.41055		1807.91		-2082.41		-274.502		5.79783
		10450		104.266		2.38815		1791.12		-2065.62		-274.501		5.82263
		10500		104.765		2.39148		1793.61		-2068.11		-274.501		5.86005
		10550		105.264		2.44616		1834.62		-2109.13		-274.506		5.91228
		10600		105.763		2.39167		1793.75		-2068.25		-274.499		5.97969
		10650		106.262		2.43084		1823.13		-2097.64		-274.506		6.03974
		10700		106.761		2.39894		1799.21		-2073.71		-274.503		6.07041
		10750		107.26		2.3085		1731.38		-2005.88		-274.5		6.1023
		10800		107.759		2.30549		1729.12		-2003.62		-274.499		6.16893
		10850		108.258		2.36223		1771.67		-2046.18		-274.506		6.26305
		10900		108.756		2.42072		1815.54		-2090.04		-274.504		6.36101
		10950		109.255		2.38939		1792.04		-2066.54		-274.499		6.46486
		11000		109.754		2.40265		1801.99		-2076.49		-274.504		6.58172
		11050		110.253		2.39586		1796.9		-2071.39		-274.498		6.6949
		11100		110.752		2.4057		1804.27		-2078.78		-274.505		6.7844
		11150		111.251		2.39074		1793.05		-2067.56		-274.506		6.84606
		11200		111.75		2.37399		1780.5		-2055		-274.501		6.89231
		11250		112.249		2.42918		1821.88		-2096.39		-274.502		6.94072
		11300		112.747		2.3881		1791.08		-2065.58		-274.501		7.01124
		11350		113.246		2.29168		1718.76		-1993.26		-274.492		7.10597
		11400		113.745		2.4365		1827.37		-2101.89		-274.512		7.18639
		11450		114.244		2.34182		1756.36		-2030.86		-274.493		7.25204
		11500		114.743		2.46505		1848.79		-2123.31		-274.518		7.30793
		11550		115.242		2.44634		1834.76		-2109.27		-274.511		7.35577
		11600		115.741		2.41453		1810.9		-2085.4		-274.505		7.39675
		11650		116.24		2.46188		1846.41		-2120.91		-274.498		7.44295
		11700		116.739		2.45145		1838.59		-2113.09		-274.503		7.51026
		11750		117.237		2.40754		1805.66		-2080.16		-274.5		7.58965
		11800		117.736		2.36333		1772.5		-2047		-274.502		7.67723
		11850		118.235		2.41811		1813.58		-2088.08		-274.504		7.76293
		11900		118.734		2.55465		1915.99		-2190.49		-274.504		7.84369
		11950		119.233		2.49523		1871.43		-2145.93		-274.501		7.92695
		12000		119.732		2.47092		1853.19		-2127.69		-274.5		8.02303
		12050		120.231		2.4463		1834.73		-2109.23		-274.503		8.14459
		12100		120.73		2.37325		1779.94		-2054.43		-274.498		8.27971
		12150		121.228		2.49934		1874.5		-2149.01		-274.511		8.42178
		12200		121.727		2.45445		1840.84		-2115.34		-274.497		8.5517
		12250		122.226		2.49286		1869.64		-2144.16		-274.513		8.65305
		12300		122.725		2.32401		1743.01		-2017.5		-274.492		8.74164
		12350		123.224		2.42799		1820.99		-2095.5		-274.506		8.82021
		12400		123.723		2.35799		1768.49		-2042.98		-274.494		8.88932
		12450		124.222		2.4167		1812.53		-2087.03		-274.505		8.93573
		12500		124.721		2.37368		1780.26		-2054.76		-274.498		8.97464
		12550		125.22		2.34513		1758.85		-2033.35		-274.501		9.00899
		12600		125.718		2.31985		1739.89		-2014.39		-274.501		9.04661
		12650		126.217		2.32411		1743.08		-2017.58		-274.498		9.1053
		12700		126.716		2.36885		1776.64		-2051.14		-274.501		9.1889
		12750		127.215		2.40334		1802.51		-2077.01		-274.499		9.27838
		12800		127.714		2.41309		1809.82		-2084.32		-274.502		9.36668
		12850		128.213		2.31317		1734.88		-2009.37		-274.498		9.46147
		12900		128.712		2.30476		1728.57		-2003.07		-274.499		9.54926
		12950		129.211		2.37135		1778.51		-2053.01		-274.501		9.63042
		13000		129.709		2.30085		1725.64		-2000.14		-274.503		9.70886
		13050		130.208		2.32065		1740.49		-2014.99		-274.505		9.76513
		13100		130.707		2.42875		1821.56		-2096.07		-274.507		9.79384
		13150		131.206		2.41795		1813.46		-2087.97		-274.502		9.8342
		13200		131.705		2.36309		1772.31		-2046.81		-274.5		9.90406
		13250		132.204		2.40122		1800.91		-2075.41		-274.499		9.99399
		13300		132.703		2.56718		1925.38		-2199.89		-274.508		10.0656
		13350		133.202		2.43037		1822.78		-2097.28		-274.499		10.1179
		13400		133.701		2.38388		1787.91		-2062.4		-274.498		10.1789
		13450		134.199		2.53742		1903.07		-2177.57		-274.507		10.2854
		13500		134.698		2.46699		1850.24		-2124.74		-274.495		10.4274
		13550		135.197		2.49108		1868.31		-2142.81		-274.503		10.5625
		13600		135.696		2.45502		1841.27		-2115.76		-274.5		10.7039
		13650		136.195		2.40169		1801.27		-2075.77		-274.5		10.8573
		13700		136.694		2.38737		1790.53		-2065.03		-274.502		11.0034
		13750		137.193		2.37486		1781.15		-2055.65		-274.502		11.1132
		13800		137.692		2.46634		1849.76		-2124.26		-274.5		11.1708
		13850		138.191		2.55105		1913.29		-2187.8		-274.513		11.2123
		13900		138.689		2.3554		1766.55		-2041.05		-274.497		11.269
		13950		139.188		2.35067		1763.01		-2037.51		-274.503		11.3186
		14000		139.687		2.35071		1763.03		-2037.53		-274.499		11.3582
		14050		140.186		2.45275		1839.56		-2114.07		-274.507		11.4229
		14100		140.685		2.33975		1754.81		-2029.31		-274.497		11.541
		14150		141.184		2.38074		1785.55		-2060.06		-274.504		11.7008
		14200		141.683		2.37378		1780.33		-2054.83		-274.501		11.8686
		14250		142.182		2.38253		1786.89		-2061.4		-274.505		12.0105
		14300		142.68		2.40404		1803.03		-2077.53		-274.503		12.1271
		14350		143.179		2.33375		1750.31		-2024.81		-274.498		12.2332
		14400		143.678		2.32462		1743.47		-2017.97		-274.5		12.3334
		14450		144.177		2.36551		1774.13		-2048.63		-274.5		12.4313
		14500		144.676		2.45593		1841.95		-2116.46		-274.505		12.5443
		14550		145.175		2.43271		1824.54		-2099.04		-274.5		12.6847
		14600		145.674		2.44657		1834.93		-2109.43		-274.503		12.8191
		14650		146.173		2.46546		1849.1		-2123.6		-274.5		12.9238
		14700		146.672		2.4664		1849.8		-2124.3		-274.499		13.0314
		14750		147.17		2.45825		1843.69		-2118.19		-274.502		13.1289
		14800		147.669		2.389		1791.75		-2066.26		-274.506		13.2161
		14850		148.168		2.29899		1724.24		-1998.74		-274.496		13.304
		14900		148.667		2.39267		1794.51		-2069.01		-274.504		13.3918
		14950		149.166		2.34289		1757.17		-2031.67		-274.502		13.4984
		15000		149.665		2.31421		1735.66		-2010.16		-274.505		13.6338
		15050		150.164		2.41029		1807.72		-2082.22		-274.503		13.7762
		15100		150.663		2.50192		1876.44		-2150.94		-274.503		13.9131
		15150		151.161		2.42359		1817.69		-2092.19		-274.499		14.0315
		15200		151.66		2.40057		1800.43		-2074.93		-274.498		14.1099
		15250		152.159		2.42141		1816.06		-2090.56		-274.504		14.1595
		15300		152.658		2.31285		1734.64		-2009.13		-274.495		14.2046
		15350		153.157		2.38097		1785.73		-2060.23		-274.501		14.2491
		15400		153.656		2.41541		1811.56		-2086.07		-274.508		14.2943
		15450		154.155		2.37666		1782.5		-2056.99		-274.497		14.3408
		15500		154.654		2.42477		1818.58		-2093.08		-274.502		14.4171
		15550		155.153		2.36179		1771.34		-2045.84		-274.5		14.5496
		15600		155.651		2.33752		1753.14		-2027.63		-274.493		14.705
		15650		156.15		2.44076		1830.57		-2105.07		-274.505		14.8495
		15700		156.649		2.40135		1801.01		-2075.51		-274.499		14.973
		15750		157.148		2.40614		1804.61		-2079.11		-274.504		15.0689
		15800		157.647		2.33932		1754.49		-2028.99		-274.5		15.1619
		15850		158.146		2.35052		1762.89		-2037.39		-274.503		15.2688
		15900		158.645		2.27479		1706.09		-1980.59		-274.498		15.3741
		15950		159.144		2.30684		1730.13		-2004.64		-274.509		15.4612
		16000		159.642		2.32862		1746.46		-2020.97		-274.501		15.5266
		16050		160.141		2.31257		1734.43		-2008.93		-274.495		15.5765
		16100		160.64		2.36301		1772.25		-2046.76		-274.501		15.6269
		16150		161.139		2.43675		1827.57		-2102.07		-274.502		15.7038
		16200		161.638		2.34322		1757.42		-2031.91		-274.494		15.8027
		16250		162.137		2.25206		1689.05		-1963.54		-274.497		15.9089
		16300		162.636		2.32506		1743.8		-2018.3		-274.503		16.0254
		16350		163.135		2.37283		1779.63		-2054.13		-274.502		16.1638
		16400		163.634		2.35326		1764.94		-2039.44		-274.503		16.2986
		16450		164.132		2.34441		1758.31		-2032.81		-274.502		16.4154
		16500		164.631		2.29294		1719.7		-1994.21		-274.503		16.4981
		16550		165.13		2.28237		1711.78		-1986.28		-274.499		16.5439
		16600		165.629		2.32929		1746.97		-2021.46		-274.498		16.5825
		16650		166.128		2.38951		1792.14		-2066.64		-274.503		16.6521
		16700		166.627		2.38361		1787.71		-2062.21		-274.497		16.7398
		16750		167.126		2.43975		1829.81		-2104.32		-274.502		16.8212
		16800		167.625		2.43575		1826.81		-2101.31		-274.498		16.8923
		16850		168.123		2.37622		1782.17		-2056.67		-274.501		16.9884
		16900		168.622		2.3518		1763.85		-2038.35		-274.498		17.1172
		16950		169.121		2.41935		1814.51		-2089.02		-274.505		17.2467
		17000		169.62		2.30122		1725.91		-2000.41		-274.494		17.3475
		17050		170.119		2.37201		1779.01		-2053.51		-274.502		17.4323
		17100		170.618		2.41656		1812.42		-2086.93		-274.508		17.5431
		17150		171.117		2.34313		1757.35		-2031.85		-274.498		17.6893
		17200		171.616		2.38748		1790.61		-2065.11		-274.502		17.8588
		17250		172.115		2.44065		1830.49		-2104.99		-274.506		18.0303
		17300		172.613		2.44367		1832.75		-2107.25		-274.495		18.1736
		17350		173.112		2.51255		1884.41		-2158.92		-274.51		18.2712
		17400		173.611		2.34622		1759.66		-2034.16		-274.494		18.3209
		17450		174.11		2.40716		1805.37		-2079.87		-274.503		18.3248
		17500		174.609		2.46956		1852.17		-2126.67		-274.503		18.3174
		17550		175.108		2.4493		1836.97		-2111.47		-274.504		18.3258
		17600		175.607		2.39449		1795.86		-2070.37		-274.506		18.3679
		17650		176.106		2.30997		1732.48		-2006.97		-274.494		18.4502
		17700		176.604		2.44145		1831.09		-2105.59		-274.505		18.5517
		17750		177.103		2.47231		1854.23		-2128.73		-274.501		18.684
		17800		177.602		2.46102		1845.77		-2120.27		-274.499		18.8488
		17850		178.101		2.46754		1850.66		-2125.16		-274.509		18.9947
		17900		178.6		2.35746		1768.09		-2042.6		-274.502		19.1208
		17950		179.099		2.31957		1739.68		-2014.18		-274.498		19.2259
		18000		179.598		2.35923		1769.43		-2043.92		-274.499		19.3247
		18050		180.097		2.41877		1814.07		-2088.58		-274.51		19.4261
		18100		180.596		2.35952		1769.64		-2044.14		-274.497		19.5014
		18150		181.094		2.42493		1818.7		-2093.2		-274.505		19.5363
		18200		181.593		2.41206		1809.04		-2083.54		-274.502		19.6031
		18250		182.092		2.43706		1827.8		-2102.3		-274.499		19.7088
		18300		182.591		2.45041		1837.81		-2112.31		-274.5		19.8126
		18350		183.09		2.42352		1817.64		-2092.14		-274.503		19.8913
		18400		183.589		2.3488		1761.6		-2036.1		-274.5		19.9521
		18450		184.088		2.40933		1807		-2081.5		-274.502		20.0018
		18500		184.587		2.47584		1856.88		-2131.38		-274.501		20.0392
		18550		185.085		2.44389		1832.92		-2107.42		-274.499		20.0787
		18600		185.584		2.42254		1816.91		-2091.41		-274.499		20.1457
		18650		186.083		2.37227		1779.21		-2053.7		-274.493		20.2483
		18700		186.582		2.42247		1816.86		-2091.37		-274.509		20.3513
		18750		187.081		2.32452		1743.39		-2017.89		-274.499		20.4354
		18800		187.58		2.33276		1749.57		-2024.06		-274.498		20.4982
		18850		188.079		2.44262		1831.96		-2106.48		-274.511		20.5257
		18900		188.578		2.31138		1733.54		-2008.03		-274.496		20.5267
		18950		189.077		2.29711		1722.83		-1997.33		-274.502		20.537
		19000		189.575		2.37208		1779.06		-2053.56		-274.502		20.5667
		19050		190.074		2.40616		1804.62		-2079.12		-274.5		20.6131
		19100		190.573		2.45593		1841.95		-2116.45		-274.502		20.6843
		19150		191.072		2.39188		1793.91		-2068.41		-274.504		20.7756
		19200		191.571		2.3054		1729.05		-2003.55		-274.496		20.8679
		19250		192.07		2.45152		1838.64		-2113.14		-274.504		20.9557
		19300		192.569		2.40388		1802.91		-2077.41		-274.5		21.0418
		19350		193.068		2.3469		1760.17		-2034.67		-274.5		21.1145
		19400		193.566		2.27555		1706.66		-1981.15		-274.489		21.166
		19450		194.065		2.43284		1824.63		-2099.14		-274.508		21.2168
		19500		194.564		2.50657		1879.93		-2154.43		-274.504		21.2985
		19550		195.063		2.47098		1853.23		-2127.74		-274.502		21.4061
		19600		195.562		2.46466		1848.5		-2123		-274.5		21.5335
		19650		196.061		2.46931		1851.98		-2126.48		-274.503		21.6628
		19700		196.56		2.40896		1806.72		-2081.22		-274.497		21.7831
		19750		197.059		2.40846		1806.34		-2080.85		-274.502		21.9044
		19800		197.558		2.38352		1787.64		-2062.14		-274.501		22.0238
		19850		198.056		2.44661		1834.96		-2109.45		-274.499		22.1423
		19900		198.555		2.44408		1833.06		-2107.56		-274.503		22.2578
		19950		199.054		2.35164		1763.73		-2038.22		-274.491		22.345
		20000		199.553		2.41362		1810.21		-2084.72		-274.51		22.3937
		20050		200.052		2.3329		1749.67		-2024.17		-274.498		22.4277
		20100		200.551		2.3804		1785.3		-2059.81		-274.506		22.4728
		20150		201.05		2.32192		1741.44		-2015.94		-274.498		22.5389
		20200		201.549		2.41913		1814.34		-2088.85		-274.504		22.6466
		20250		202.047		2.44908		1836.81		-2111.31		-274.5		22.7854
		20300		202.546		2.4281		1821.08		-2095.58		-274.502		22.91
		20350		203.045		2.3843		1788.23		-2062.73		-274.5		22.9786
		20400		203.544		2.4027		1802.03		-2076.53		-274.5		23.0084
		20450		204.043		2.4415		1831.12		-2105.63		-274.504		23.0485
		20500		204.542		2.37154		1778.66		-2053.16		-274.501		23.1076
		20550		205.041		2.30821		1731.16		-2005.65		-274.491		23.1569
		20600		205.54		2.47802		1858.52		-2133.03		-274.508		23.2043
		20650		206.039		2.43999		1829.99		-2104.49		-274.502		23.3113
		20700		206.537		2.2901		1717.57		-1992.06		-274.492		23.4746
		20750		207.036		2.35159		1763.7		-2038.2		-274.507		23.6422
		20800		207.535		2.28208		1711.56		-1986.05		-274.495		23.8158
		20850		208.034		2.38087		1785.65		-2060.16		-274.504		23.9702
		20900		208.533		2.37342		1780.07		-2054.56		-274.493		24.0823
		20950		209.032		2.4961		1872.08		-2146.58		-274.506		24.1586
		21000		209.531		2.48236		1861.77		-2136.28		-274.508		24.2274
		21050		210.03		2.36919		1776.89		-2051.39		-274.499		24.2958
		21100		210.528		2.48218		1861.63		-2136.14		-274.502		24.3455
		21150		211.027		2.53273		1899.54		-2174.05		-274.509		24.4182
		21200		211.526		2.42064		1815.48		-2089.98		-274.497		24.5369
		21250		212.025		2.47128		1853.46		-2127.96		-274.507		24.6544
		21300		212.524		2.33801		1753.51		-2028		-274.49		24.752
		21350		213.023		2.43485		1826.14		-2100.64		-274.504		24.8229
		21400		213.522		2.47362		1855.21		-2129.71		-274.501		24.8735
		21450		214.021		2.34418		1758.14		-2032.63		-274.498		24.9224
		21500		214.52		2.36314		1772.36		-2046.86		-274.5		24.9897
		21550		215.018		2.5459		1909.42		-2183.93		-274.51		25.0953
		21600		215.517		2.37679		1782.59		-2057.09		-274.498		25.216
		21650		216.016		2.29155		1718.66		-1993.16		-274.494		25.3265
		21700		216.515		2.49196		1868.97		-2143.48		-274.509		25.4404
		21750		217.014		2.48728		1865.46		-2139.96		-274.499		25.539
		21800		217.513		2.4459		1834.42		-2108.93		-274.506		25.6033
		21850		218.012		2.39445		1795.84		-2070.34		-274.503		25.6433
		21900		218.511		2.34415		1758.11		-2032.61		-274.502		25.6958
		21950		219.009		2.37277		1779.57		-2054.07		-274.499		25.7462
		22000		219.508		2.43407		1825.55		-2100.05		-274.499		25.7916
		22050		220.007		2.38703		1790.27		-2064.77		-274.497		25.8189
		22100		220.506		2.39787		1798.4		-2072.9		-274.499		25.8456
		22150		221.005		2.34436		1758.27		-2032.76		-274.493		25.9278
		22200		221.504		2.41619		1812.14		-2086.65		-274.505		26.0976
		22250		222.003		2.38637		1789.78		-2064.27		-274.496		26.3179
		22300		222.502		2.38593		1789.45		-2063.95		-274.498		26.545
		22350		223.001		2.40803		1806.03		-2080.53		-274.504		26.748
		22400		223.499		2.38647		1789.86		-2064.35		-274.499		26.926
		22450		223.998		2.35219		1764.14		-2038.64		-274.498		27.0918
		22500		224.497		2.41199		1808.99		-2083.5		-274.508		27.2291
		22550		224.996		2.331		1748.25		-2022.75		-274.499		27.3282
		22600		225.495		2.28574		1714.31		-1988.8		-274.495		27.3915
		22650		225.994		2.44901		1836.76		-2111.27		-274.506		27.4762
		22700		226.493		2.44693		1835.2		-2109.69		-274.496		27.6262
		22750		226.992		2.4829		1862.18		-2136.68		-274.503		27.788
		22800		227.491		2.4212		1815.9		-2090.4		-274.499		27.9418
		22850		227.989		2.44935		1837.01		-2111.52		-274.505		28.1117
		22900		228.488		2.37509		1781.31		-2055.82		-274.503		28.3095
		22950		228.987		2.35764		1768.23		-2042.73		-274.498		28.5242
		23000		229.486		2.43072		1823.04		-2097.54		-274.502		28.7217
		23050		229.985		2.40937		1807.03		-2081.53		-274.501		28.9074
		23100		230.484		2.40904		1806.78		-2081.28		-274.504		29.0749
		23150		230.983		2.37646		1782.34		-2056.84		-274.499		29.2015
		23200		231.482		2.48369		1862.77		-2137.27		-274.504		29.2763
		23250		231.98		2.42783		1820.87		-2095.38		-274.503		29.3661
		23300		232.479		2.37179		1778.84		-2053.34		-274.498		29.4995
		23350		232.978		2.44476		1833.57		-2108.08		-274.509		29.6657
		23400		233.477		2.29674		1722.56		-1997.05		-274.497		29.8302
		23450		233.976		2.37288		1779.66		-2054.16		-274.5		29.9308
		23500		234.475		2.3971		1797.82		-2072.32		-274.5		29.9679
		23550		234.974		2.40768		1805.76		-2080.26		-274.502		29.9605
		23600		235.473		2.3968		1797.6		-2072.1		-274.503		29.9691
		23650		235.972		2.34064		1755.48		-2029.98		-274.499		30.0074
		23700		236.47		2.38814		1791.11		-2065.61		-274.504		30.0662
		23750		236.969		2.36641		1774.8		-2049.31		-274.506		30.1207
		23800		237.468		2.31764		1738.23		-2012.73		-274.499		30.1575
		23850		237.967		2.34312		1757.34		-2031.84		-274.499		30.2178
		23900		238.466		2.37174		1778.81		-2053.31		-274.504		30.2911
		23950		238.965		2.35461		1765.96		-2040.46		-274.499		30.3447
		24000		239.464		2.41623		1812.17		-2086.67		-274.498		30.3574
		24050		239.963		2.48475		1863.56		-2138.06		-274.5		30.3735
		24100		240.461		2.43456		1825.92		-2100.42		-274.499		30.4297
		24150		240.96		2.42057		1815.43		-2089.93		-274.502		30.5168
		24200		241.459		2.31143		1733.58		-2008.07		-274.497		30.6629
		24250		241.958		2.23495		1676.21		-1950.71		-274.494		30.8181
		24300		242.457		2.3755		1781.63		-2056.13		-274.508		30.9235
		24350		242.956		2.32972		1747.29		-2021.79		-274.496		30.9829
		24400		243.455		2.35043		1762.83		-2037.33		-274.502		31.0139
		24450		243.954		2.36669		1775.02		-2049.52		-274.503		31.0512
		24500		244.453		2.38936		1792.02		-2066.52		-274.503		31.1385
		24550		244.951		2.39876		1799.07		-2073.58		-274.503		31.2667
		24600		245.45		2.43675		1827.56		-2102.06		-274.501		31.3934
		24650		245.949		2.42381		1817.86		-2092.36		-274.502		31.5177
		24700		246.448		2.36079		1770.59		-2045.09		-274.504		31.6289
		24750		246.947		2.27512		1706.34		-1980.84		-274.497		31.7234
		24800		247.446		2.34901		1761.76		-2036.27		-274.505		31.7918
		24850		247.945		2.47747		1858.1		-2132.61		-274.504		31.8371
		24900		248.444		2.43623		1827.17		-2101.67		-274.5		31.8588
		24950		248.942		2.32875		1746.56		-2021.06		-274.499		31.8824
		25000		249.441		2.34406		1758.04		-2032.54		-274.501		31.9358
		25050		249.94		2.38991		1792.43		-2066.94		-274.504		31.9824
		25100		250.439		2.35949		1769.62		-2044.12		-274.497		32.0117
		25150		250.938		2.41142		1808.57		-2083.07		-274.502		32.0315
		25200		251.437		2.41387		1810.4		-2084.9		-274.495		32.0424
		25250		251.936		2.54158		1906.19		-2180.7		-274.508		32.0575
		25300		252.435		2.45425		1840.69		-2115.19		-274.498		32.0912
		25350		252.934		2.37077		1778.08		-2052.58		-274.497		32.1776
		25400		253.432		2.42695		1820.22		-2094.72		-274.505		32.3214
		25450		253.931		2.38244		1786.83		-2061.33		-274.498		32.4677
		25500		254.43		2.34049		1755.37		-2029.88		-274.51		32.5866
		25550		254.929		2.29076		1718.07		-1992.57		-274.503		32.6945
		25600		255.428		2.29828		1723.71		-1998.21		-274.499		32.7971
		25650		255.927		2.31594		1736.95		-2011.46		-274.502		32.8622
		25700		256.426		2.28314		1712.35		-1986.85		-274.497		32.8808
		25750		256.925		2.33467		1751		-2025.5		-274.502		32.8952
		25800		257.423		2.43375		1825.31		-2099.82		-274.508		32.9372
		25850		257.922		2.39885		1799.14		-2073.64		-274.501		33.0233
		25900		258.421		2.40644		1804.83		-2079.33		-274.501		33.1526
		25950		258.92		2.44422		1833.17		-2107.67		-274.509		33.2903
		26000		259.419		2.35667		1767.5		-2042		-274.499		33.4109
		26050		259.918		2.38707		1790.31		-2064.81		-274.502		33.5032
		26100		260.417		2.37478		1781.09		-2055.59		-274.5		33.5775
		26150		260.916		2.36387		1772.9		-2047.4		-274.499		33.6591
		26200		261.415		2.34716		1760.37		-2034.87		-274.501		33.7538
		26250		261.913		2.41999		1814.99		-2089.5		-274.508		33.8783
		26300		262.412		2.3742		1780.65		-2055.15		-274.499		34.019
		26350		262.911		2.43042		1822.81		-2097.32		-274.502		34.1473
		26400		263.41		2.47706		1857.8		-2132.3		-274.508		34.2498
		26450		263.909		2.37847		1783.85		-2058.35		-274.499		34.3514
		26500		264.408		2.3866		1789.95		-2064.45		-274.496		34.4744
		26550		264.907		2.46649		1849.87		-2124.37		-274.505		34.5684
		26600		265.406		2.43002		1822.52		-2097.02		-274.501		34.5944
		26650		265.904		2.4025		1801.88		-2076.38		-274.506		34.5868
		26700		266.403		2.34007		1755.05		-2029.55		-274.499		34.6154
		26750		266.902		2.38141		1786.06		-2060.55		-274.496		34.7267
		26800		267.401		2.4687		1851.53		-2126.03		-274.503		34.8791
		26850		267.9		2.41403		1810.52		-2085.03		-274.504		35.0511
		26900		268.399		2.31693		1737.7		-2012.2		-274.499		35.2217
		26950		268.898		2.37267		1779.51		-2054.01		-274.504		35.3798
		27000		269.397		2.37125		1778.44		-2052.94		-274.498		35.5092
		27050		269.896		2.36942		1777.06		-2051.56		-274.499		35.609
		27100		270.394		2.391		1793.25		-2067.76		-274.503		35.6715
		27150		270.893		2.44598		1834.48		-2108.99		-274.505		35.7326
		27200		271.392		2.40585		1804.39		-2078.89		-274.5		35.8457
		27250		271.891		2.41481		1811.11		-2085.61		-274.497		35.9792
		27300		272.39		2.45251		1839.38		-2113.88		-274.501		36.0739
		27350		272.889		2.46273		1847.05		-2121.56		-274.507		36.0887
		27400		273.388		2.34675		1760.06		-2034.56		-274.494		36.0422
		27450		273.887		2.35891		1769.19		-2043.69		-274.506		35.9571
		27500		274.385		2.254		1690.5		-1964.99		-274.49		35.8868
		27550		274.884		2.4866		1864.95		-2139.46		-274.511		35.8776
		27600		275.383		2.41806		1813.55		-2088.04		-274.496		35.9282
		27650		275.882		2.39956		1799.67		-2074.18		-274.508		35.9575
		27700		276.381		2.35985		1769.89		-2044.39		-274.498		35.9509
		27750		276.88		2.40364		1802.73		-2077.23		-274.499		35.9284
		27800		277.379		2.43613		1827.09		-2101.59		-274.5		35.8989
		27850		277.878		2.40605		1804.54		-2079.04		-274.505		35.8853
		27900		278.377		2.24268		1682.01		-1956.51		-274.494		35.8907
		27950		278.875		2.30054		1725.4		-1999.91		-274.501		35.9207
		28000		279.374		2.35578		1766.83		-2041.34		-274.502		35.9829
		28050		279.873		2.42018		1815.14		-2089.63		-274.496		36.0461
		28100		280.372		2.52173		1891.3		-2165.81		-274.511		36.1282
		28150		280.871		2.3697		1777.28		-2051.76		-274.489		36.2452
		28200		281.37		2.49946		1874.59		-2149.1		-274.508		36.3791
		28250		281.869		2.3761		1782.07		-2056.57		-274.499		36.5092
		28300		282.368		2.32689		1745.17		-2019.66		-274.497		36.5942
		28350		282.866		2.41066		1807.99		-2082.5		-274.51		36.6049
		28400		283.365		2.35328		1764.96		-2039.46		-274.497		36.5736
		28450		283.864		2.40298		1802.23		-2076.74		-274.502		36.5776
		28500		284.363		2.3375		1753.13		-2027.62		-274.496		36.6429
		28550		284.862		2.42872		1821.54		-2096.04		-274.504		36.7241
		28600		285.361		2.40592		1804.44		-2078.94		-274.494		36.8171
		28650		285.86		2.36556		1774.17		-2048.67		-274.496		36.9111
		28700		286.359		2.33028		1747.71		-2022.21		-274.498		36.984
		28750		286.858		2.42357		1817.68		-2092.18		-274.504		37.0552
		28800		287.356		2.43595		1826.96		-2101.46		-274.503		37.1406
		28850		287.855		2.3822		1786.65		-2061.15		-274.5		37.2354
		28900		288.354		2.36932		1776.99		-2051.49		-274.502		37.3469
		28950		288.853		2.38911		1791.83		-2066.33		-274.501		37.4753
		29000		289.352		2.35293		1764.7		-2039.19		-274.496		37.5828
		29050		289.851		2.36991		1777.43		-2051.93		-274.499		37.6831
		29100		290.35		2.46628		1849.71		-2124.22		-274.507		37.8217
		29150		290.849		2.42032		1815.24		-2089.74		-274.499		37.9981
		29200		291.347		2.39154		1793.65		-2068.15		-274.501		38.1178
		29250		291.846		2.38318		1787.39		-2061.89		-274.501		38.0939
		29300		292.345		2.3391		1754.33		-2028.82		-274.496		38.0176
		29350		292.844		2.37615		1782.11		-2056.63		-274.511		37.9942
		29400		293.343		2.26102		1695.77		-1970.26		-274.497		38.0474
		29450		293.842		2.37022		1777.66		-2052.17		-274.507		38.1576
		29500		294.341		2.36605		1774.53		-2049.04		-274.503		38.2549
		29550		294.84		2.34741		1760.56		-2035.05		-274.497		38.3007
		29600		295.339		2.43373		1825.3		-2099.81		-274.507		38.3043
		29650		295.837		2.37814		1783.61		-2058.11		-274.501		38.3438
		29700		296.336		2.38237		1786.77		-2061.27		-274.497		38.4431
		29750		296.835		2.47507		1856.3		-2130.8		-274.501		38.557
		29800		297.334		2.45805		1843.54		-2118.04		-274.499		38.6732
		29850		297.833		2.44828		1836.21		-2110.71		-274.5		38.7856
		29900		298.332		2.40455		1803.41		-2077.9		-274.495		38.9012
		29950		298.831		2.42071		1815.54		-2090.04		-274.506		39.0229
		30000		299.33		2.36113		1770.85		-2045.35		-274.502		39.1155
		30050		299.828		2.41527		1811.45		-2085.95		-274.497		39.1808
		30100		300.327		2.45369		1840.27		-2114.77		-274.506		39.2734
		30150		300.826		2.32725		1745.44		-2019.93		-274.493		39.3956
		30200		301.325		2.41629		1812.22		-2086.72		-274.503		39.5252
		30250		301.824		2.37533		1781.5		-2056		-274.501		39.6539
		30300		302.323		2.33838		1753.78		-2028.28		-274.499		39.758
		30350		302.822		2.44886		1836.65		-2111.15		-274.506		39.8378
		30400		303.321		2.41336		1810.02		-2084.52		-274.5		39.9404
		30450		303.82		2.40578		1804.33		-2078.84		-274.504		40.0606
		30500		304.318		2.33106		1748.29		-2022.79		-274.499		40.1804
		30550		304.817		2.3515		1763.63		-2038.13		-274.502		40.2774
		30600		305.316		2.4664		1849.8		-2124.31		-274.507		40.3499
		30650		305.815		2.46276		1847.07		-2121.57		-274.498		40.408
		30700		306.314		2.48905		1866.79		-2141.29		-274.502		40.4702
		30750		306.813		2.47836		1858.77		-2133.27		-274.503		40.5137
		30800		307.312		2.39071		1793.03		-2067.52		-274.495		40.5163
		30850		307.811		2.39697		1797.73		-2072.23		-274.503		40.5248
		30900		308.309		2.34175		1756.31		-2030.81		-274.494		40.5589
		30950		308.808		2.45992		1844.94		-2119.44		-274.505		40.6312
		31000		309.307		2.44486		1833.64		-2108.14		-274.501		40.7323
		31050		309.806		2.32475		1743.57		-2018.06		-274.496		40.7911
		31100		310.305		2.31949		1739.61		-2014.12		-274.504		40.7826
		31150		310.804		2.3818		1786.35		-2060.85		-274.5		40.7654
		31200		311.303		2.40383		1802.87		-2077.37		-274.504		40.7817
		31250		311.802		2.33129		1748.47		-2022.96		-274.498		40.7971
		31300		312.301		2.41423		1810.68		-2085.18		-274.504		40.7697
		31350		312.799		2.40345		1802.59		-2077.09		-274.501		40.7211
		31400		313.298		2.3969		1797.68		-2072.18		-274.505		40.6634
		31450		313.797		2.38878		1791.59		-2066.09		-274.502		40.6213
		31500		314.296		2.41889		1814.17		-2088.67		-274.502		40.595
		31550		314.795		2.37204		1779.03		-2053.53		-274.497		40.5474
		31600		315.294		2.40992		1807.44		-2081.95		-274.511		40.5009
		31650		315.793		2.28551		1714.13		-1988.63		-274.501		40.4752
		31700		316.292		2.2974		1723.05		-1997.55		-274.501		40.4446
		31750		316.791		2.42228		1816.71		-2091.21		-274.505		40.4352
		31800		317.289		2.36539		1774.05		-2048.55		-274.499		40.4769
		31850		317.788		2.35001		1762.51		-2037.01		-274.501		40.5388
		31900		318.287		2.37757		1783.18		-2057.67		-274.496		40.6317
		31950		318.786		2.41982		1814.87		-2089.37		-274.5		40.753
		32000		319.285		2.37479		1781.09		-2055.59		-274.5		40.8691
		32050		319.784		2.39007		1792.55		-2067.05		-274.5		40.9886
		32100		320.283		2.44105		1830.78		-2105.28		-274.5		41.1164
		32150		320.782		2.32885		1746.64		-2021.13		-274.496		41.234
		32200		321.28		2.4237		1817.78		-2092.28		-274.5		41.3648
		32250		321.779		2.48016		1860.12		-2134.62		-274.503		41.5334
		32300		322.278		2.37646		1782.34		-2056.84		-274.499		41.6864
		32350		322.777		2.39126		1793.45		-2067.96		-274.509		41.7698
		32400		323.276		2.38913		1791.85		-2066.35		-274.503		41.7202
		32450		323.775		2.41329		1809.97		-2084.48		-274.505		41.5921
		32500		324.274		2.32789		1745.92		-2020.42		-274.499		41.5695
		32550		324.773		2.42713		1820.34		-2094.85		-274.501		41.6685
		32600		325.272		2.47414		1855.61		-2130.11		-274.503		41.7985
		32650		325.77		2.41169		1808.77		-2083.27		-274.5		41.9064
		32700		326.269		2.4437		1832.77		-2107.28		-274.504		41.9715
		32750		326.768		2.35275		1764.57		-2039.06		-274.496		42.0243
		32800		327.267		2.27503		1706.27		-1980.77		-274.493		42.0679
		32850		327.766		2.35463		1765.97		-2040.48		-274.509		42.094
		32900		328.265		2.28362		1712.72		-1987.22		-274.5		42.1563
		32950		328.764		2.405		1803.75		-2078.26		-274.509		42.2544
		33000		329.263		2.38976		1792.32		-2066.81		-274.494		42.3894
		33050		329.761		2.44776		1835.82		-2110.33		-274.509		42.5586
		33100		330.26		2.3819		1786.42		-2060.93		-274.501		42.7394
		33150		330.759		2.37406		1780.55		-2055.05		-274.498		42.9124
		33200		331.258		2.36597		1774.48		-2048.98		-274.504		43.0676
		33250		331.757		2.28736		1715.52		-1990.01		-274.494		43.2002
		33300		332.256		2.45198		1838.99		-2113.49		-274.506		43.257
		33350		332.755		2.49607		1872.05		-2146.55		-274.503		43.2792
		33400		333.254		2.45275		1839.56		-2114.05		-274.494		43.3739
		33450		333.753		2.46772		1850.79		-2125.3		-274.51		43.5696
		33500		334.251		2.29938		1724.54		-1999.03		-274.496		43.8188
		33550		334.75		2.39033		1792.74		-2067.25		-274.504		44.0298
		33600		335.249		2.43902		1829.27		-2103.77		-274.502		44.1378
		33650		335.748		2.37586		1781.9		-2056.39		-274.495		44.1666
		33700		336.247		2.44021		1830.15		-2104.67		-274.512		44.1823
		33750		336.746		2.35077		1763.08		-2037.58		-274.5		44.2467
		33800		337.245		2.3526		1764.45		-2038.96		-274.506		44.329
		33850		337.744		2.33771		1753.28		-2027.79		-274.501		44.3994
		33900		338.242		2.41885		1814.14		-2088.65		-274.507		44.4554
		33950		338.741		2.39503		1796.27		-2070.77		-274.497		44.4821
		34000		339.24		2.44945		1837.09		-2111.59		-274.504		44.486
		34050		339.739		2.43649		1827.37		-2101.87		-274.502		44.5137
		34100		340.238		2.3618		1771.35		-2045.85		-274.498		44.5766
		34150		340.737		2.32637		1744.78		-2019.28		-274.506		44.6432
		34200		341.236		2.21847		1663.85		-1938.35		-274.495		44.7058
		34250		341.735		2.32086		1740.64		-2015.14		-274.501		44.7744
		34300		342.234		2.47119		1853.39		-2127.9		-274.506		44.8542
		34350		342.732		2.38681		1790.11		-2064.61		-274.498		44.897
		34400		343.231		2.34353		1757.65		-2032.14		-274.496		44.932
		34450		343.73		2.45171		1838.79		-2113.28		-274.498		45.0453
		34500		344.229		2.52681		1895.1		-2169.6		-274.501		45.1584
		34550		344.728		2.46495		1848.71		-2123.21		-274.498		45.1987
		34600		345.227		2.42267		1817.01		-2091.51		-274.505		45.1889
		34650		345.726		2.28384		1712.88		-1987.38		-274.494		45.1969
		34700		346.225		2.37174		1778.81		-2053.31		-274.507		45.246
		34750		346.723		2.38808		1791.06		-2065.56		-274.499		45.3213
		34800		347.222		2.35737		1768.03		-2042.53		-274.501		45.3708
		34850		347.721		2.38631		1789.73		-2064.23		-274.503		45.3877
		34900		348.22		2.40619		1804.64		-2079.14		-274.499		45.4273
		34950		348.719		2.36324		1772.43		-2046.93		-274.499		45.5093
		35000		349.218		2.32787		1745.9		-2020.41		-274.504		45.6137
		35050		349.717		2.29208		1719.06		-1993.55		-274.492		45.8023
		35100		350.216		2.52183		1891.37		-2165.88		-274.508		46.0502
		35150		350.715		2.41158		1808.69		-2083.18		-274.496		46.3073
		35200		351.213		2.42207		1816.55		-2091.05		-274.499		46.5204
		35250		351.712		2.44131		1830.99		-2105.49		-274.5		46.7012
		35300		352.211		2.3775		1783.13		-2057.62		-274.497		46.9295
		35350		352.71		2.46385		1847.89		-2122.4		-274.505		47.2281
		35400		353.209		2.41409		1810.57		-2085.08		-274.506		47.5109
		35450		353.708		2.28239		1711.79		-1986.29		-274.498		47.6949
		35500		354.207		2.33214		1749.11		-2023.61		-274.506		47.8107
		35550		354.706		2.35267		1764.51		-2039.01		-274.504		47.8735
		35600		355.204		2.36692		1775.19		-2049.69		-274.504		47.9781
		35650		355.703		2.32375		1742.81		-2017.31		-274.497		48.1763
		35700		356.202		2.34883		1761.62		-2036.13		-274.502		48.361
		35750		356.701		2.37152		1778.64		-2053.15		-274.504		48.5234
		35800		357.2		2.39861		1798.96		-2073.46		-274.502		48.6542
		35850		357.699		2.42965		1822.23		-2096.74		-274.507		48.7338
		35900		358.198		2.36465		1773.49		-2047.98		-274.492		48.7774
		35950		358.697		2.46685		1850.14		-2124.65		-274.508		48.8158
		36000		359.196		2.36588		1774.41		-2048.91		-274.494		48.8748
		36050		359.694		2.48656		1864.92		-2139.42		-274.502		48.9493
		36100		360.193		2.52836		1896.27		-2170.78		-274.506		48.978
		36150		360.692		2.46744		1850.58		-2125.08		-274.503		48.9203
		36200		361.191		2.40015		1800.11		-2074.61		-274.496		48.8218
		36250		361.69		2.4068		1805.1		-2079.61		-274.508		48.7369
		36300		362.189		2.32332		1742.49		-2016.98		-274.491		48.6535
		36350		362.688		2.46696		1850.22		-2124.73		-274.507		48.5351
		36400		363.187		2.41207		1809.05		-2083.55		-274.497		48.4509
		36450		363.685		2.42493		1818.7		-2093.2		-274.502		48.4678
		36500		364.184		2.34534		1759		-2033.5		-274.497		48.5343
		36550		364.683		2.36077		1770.58		-2045.08		-274.502		48.6129
		36600		365.182		2.30912		1731.84		-2006.34		-274.497		48.6687
		36650		365.681		2.32277		1742.08		-2016.58		-274.502		48.775
		36700		366.18		2.42058		1815.43		-2089.95		-274.511		48.9176
		36750		366.679		2.34869		1761.52		-2036.01		-274.494		49.0158
		36800		367.178		2.41601		1812.01		-2086.52		-274.506		49.1056
		36850		367.677		2.3362		1752.15		-2026.64		-274.497		49.2592
		36900		368.175		2.35818		1768.63		-2043.14		-274.509		49.4196
		36950		368.674		2.36271		1772.04		-2046.54		-274.503		49.5226
		37000		369.173		2.42373		1817.8		-2092.31		-274.506		49.5727
		37050		369.672		2.44598		1834.49		-2109		-274.51		49.6166
		37100		370.171		2.42591		1819.44		-2093.94		-274.507		49.6927
		37150		370.67		2.35546		1766.6		-2041.11		-274.507		49.7871
		37200		371.169		2.36026		1770.2		-2044.69		-274.495		49.8666
		37250		371.668		2.56602		1924.51		-2199.03		-274.513		49.9555
		37300		372.166		2.3829		1787.18		-2061.67		-274.495		50.0678
		37350		372.665		2.43938		1829.54		-2104.05		-274.507		50.2056
		37400		373.164		2.46068		1845.51		-2120.01		-274.499		50.3045
		37450		373.663		2.46847		1851.35		-2125.86		-274.506		50.3251
		37500		374.162		2.37639		1782.29		-2056.79		-274.495		50.3307
		37550		374.661		2.42477		1818.58		-2093.08		-274.509		50.4187
		37600		375.16		2.34603		1759.52		-2034.02		-274.5		50.5894
		37650		375.659		2.39878		1799.09		-2073.59		-274.503		50.7637
		37700		376.158		2.37219		1779.14		-2053.64		-274.496		50.8686
		37750		376.656		2.47265		1854.49		-2128.99		-274.505		50.8927
		37800		377.155		2.49321		1869.91		-2144.41		-274.501		50.8853
		37850		377.654		2.39763		1798.22		-2072.72		-274.499		50.881
		37900		378.153		2.42596		1819.47		-2093.97		-274.501		50.8771
		37950		378.652		2.46861		1851.46		-2125.97		-274.507		50.868
		38000		379.151		2.33296		1749.72		-2024.21		-274.493		50.8685
		38050		379.65		2.46342		1847.56		-2122.07		-274.504		50.8217
		38100		380.149		2.46103		1845.77		-2120.27		-274.5		50.6766
		38150		380.647		2.40833		1806.25		-2080.76		-274.509		50.5453
		38200		381.146		2.33005		1747.53		-2022.03		-274.498		50.5491
		38250		381.645		2.38012		1785.09		-2059.59		-274.5		50.6889
		38300		382.144		2.46529		1848.97		-2123.48		-274.51		50.8862
		38350		382.643		2.43008		1822.56		-2097.06		-274.497		50.9961
		38400		383.142		2.44464		1833.48		-2107.98		-274.503		50.9562
		38450		383.641		2.37741		1783.06		-2057.55		-274.492		50.8707
		38500		384.14		2.49245		1869.34		-2143.85		-274.509		50.8377
		38550		384.639		2.38731		1790.48		-2064.98		-274.495		50.8775
		38600		385.137		2.45257		1839.42		-2113.93		-274.506		50.9473
		38650		385.636		2.29954		1724.66		-1999.15		-274.497		50.9824
		38700		386.135		2.41607		1812.05		-2086.57		-274.511		50.9704
		38750		386.634		2.41176		1808.82		-2083.33		-274.505		50.9506
		38800		387.133		2.17688		1632.66		-1907.15		-274.493		50.9371
		38850		387.632		2.22334		1667.51		-1942.01		-274.503		50.8978
		38900		388.131		2.38107		1785.81		-2060.31		-274.505		50.8107
		38950		388.63		2.4069		1805.18		-2079.67		-274.498		50.7548
		39000		389.128		2.37759		1783.19		-2057.69		-274.496		50.7791
		39050		389.627		2.46663		1849.98		-2124.48		-274.502		50.8434
		39100		390.126		2.48034		1860.26		-2134.76		-274.505		50.9282
		39150		390.625		2.36103		1770.77		-2045.26		-274.491		50.9911
		39200		391.124		2.46365		1847.74		-2122.25		-274.508		50.9846
		39250		391.623		2.29739		1723.04		-1997.54		-274.498		50.9515
		39300		392.122		2.29859		1723.94		-1998.44		-274.5		50.906
		39350		392.621		2.38536		1789.02		-2063.52		-274.504		50.8649
		39400		393.12		2.34985		1762.39		-2036.88		-274.494		50.87
		39450		393.618		2.46334		1847.5		-2122.01		-274.504		50.8911
		39500		394.117		2.49569		1871.77		-2146.27		-274.503		50.9134
		39550		394.616		2.40841		1806.31		-2080.8		-274.499		50.9539
		39600		395.115		2.39382		1795.36		-2069.86		-274.5		51.0182
		39650		395.614		2.45178		1838.84		-2113.34		-274.502		51.1118
		39700		396.113		2.41931		1814.48		-2088.98		-274.498		51.2461
		39750		396.612		2.44692		1835.19		-2109.7		-274.504		51.375
		39800		397.111		2.39401		1795.51		-2070.01		-274.499		51.4784
		39850		397.609		2.33881		1754.11		-2028.61		-274.504		51.5077
		39900		398.108		2.31012		1732.59		-2007.1		-274.504		51.4951
		39950		398.607		2.31559		1736.69		-2011.19		-274.505		51.4843
		40000		399.106		2.34802		1761.02		-2035.52		-274.499		51.4946
		40050		399.605		2.442		1831.5		-2106.01		-274.503		51.5713
		40100		400.104		2.3878		1790.85		-2065.34		-274.493		51.6904
		40150		400.603		2.47229		1854.22		-2128.73		-274.51		51.7757
		40200		401.102		2.28318		1712.38		-1986.88		-274.495		51.8502
		40250		401.601		2.33021		1747.66		-2022.16		-274.502		51.9351
		40300		402.099		2.3855		1789.13		-2063.63		-274.501		52.0566
		40350		402.598		2.37768		1783.26		-2057.76		-274.503		52.1799
		40400		403.097		2.37869		1784.02		-2058.52		-274.5		52.241
		40450		403.596		2.40336		1802.52		-2077.03		-274.505		52.2582
		40500		404.095		2.33572		1751.79		-2026.29		-274.499		52.3054
		40550		404.594		2.36788		1775.91		-2050.41		-274.505		52.3902
		40600		405.093		2.2985		1723.88		-1998.38		-274.503		52.5084
		40650		405.592		2.28901		1716.76		-1991.26		-274.502		52.6709
		40700		406.09		2.33585		1751.89		-2026.39		-274.501		52.8437
		40750		406.589		2.36123		1770.92		-2045.43		-274.504		52.9616
		40800		407.088		2.32857		1746.43		-2020.92		-274.493		53.0179
		40850		407.587		2.45941		1844.56		-2119.06		-274.506		53.0245
		40900		408.086		2.39035		1792.76		-2067.26		-274.499		53.045
		40950		408.585		2.37203		1779.03		-2053.53		-274.501		53.0744
		41000		409.084		2.39446		1795.85		-2070.34		-274.497		53.105
		41050		409.583		2.41951		1814.63		-2089.13		-274.502		53.104
		41100		410.082		2.38775		1790.81		-2065.32		-274.501		53.113
		41150		410.58		2.36284		1772.13		-2046.63		-274.499		53.161
		41200		411.079		2.44953		1837.14		-2111.65		-274.509		53.2203
		41250		411.578		2.37604		1782.03		-2056.52		-274.49		53.2972
		41300		412.077		2.45385		1840.39		-2114.89		-274.503		53.4414
		41350		412.576		2.42845		1821.34		-2095.84		-274.502		53.6155
		41400		413.075		2.42336		1817.52		-2092.02		-274.503		53.7261
		41450		413.574		2.41703		1812.77		-2087.27		-274.498		53.7348
		41500		414.073		2.41625		1812.19		-2086.69		-274.501		53.7098
		41550		414.572		2.38655		1789.91		-2064.41		-274.503		53.686
		41600		415.07		2.35117		1763.38		-2037.88		-274.502		53.7003
		41650		415.569		2.35819		1768.65		-2043.15		-274.5		53.7715
		41700		416.068		2.37132		1778.49		-2053		-274.504		53.8611
		41750		416.567		2.27315		1704.86		-1979.35		-274.492		53.985
		41800		417.066		2.36509		1773.82		-2048.32		-274.503		54.1096
		41850		417.565		2.42432		1818.24		-2092.75		-274.507		54.2115
		41900		418.064		2.34932		1761.99		-2036.49		-274.494		54.3687
		41950		418.563		2.44124		1830.93		-2105.44		-274.507		54.583
		42000		419.061		2.41555		1811.66		-2086.16		-274.497		54.7572
		42050		419.56		2.43449		1825.87		-2100.37		-274.507		54.8494
		42100		420.059		2.39325		1794.94		-2069.44		-274.503		54.9107
		42150		420.558		2.36551		1774.13		-2048.63		-274.503		55.0003
		42200		421.057		2.30417		1728.13		-2002.63		-274.499		55.1588
		42250		421.556		2.40879		1806.6		-2081.1		-274.506		55.3586
		42300		422.055		2.38643		1789.82		-2064.32		-274.499		55.5106
		42350		422.554		2.35238		1764.29		-2038.79		-274.506		55.6111
		42400		423.053		2.33274		1749.55		-2024.05		-274.494		55.7186
		42450		423.551		2.501		1875.75		-2150.26		-274.513		55.831
		42500		424.05		2.35867		1769.01		-2043.5		-274.491		55.8933
		42550		424.549		2.4382		1828.65		-2103.15		-274.505		55.9239
		42600		425.048		2.42842		1821.32		-2095.82		-274.504		55.9951
		42650		425.547		2.38349		1787.62		-2062.12		-274.498		56.088
		42700		426.046		2.36947		1777.11		-2051.6		-274.496		56.2082
		42750		426.545		2.47516		1856.37		-2130.88		-274.505		56.3641
		42800		427.044		2.55925		1919.44		-2193.94		-274.501		56.519
		42850		427.542		2.52114		1890.86		-2165.36		-274.5		56.662
		42900		428.041		2.38695		1790.21		-2064.71		-274.499		56.7683
		42950		428.54		2.3401		1755.08		-2029.58		-274.501		56.8282
		43000		429.039		2.29822		1723.67		-1998.17		-274.504		56.884
		43050		429.538		2.32428		1743.21		-2017.71		-274.505		56.9742
		43100		430.037		2.30674		1730.06		-2004.56		-274.503		57.1252
		43150		430.536		2.24623		1684.68		-1959.17		-274.493		57.273
		43200		431.035		2.4233		1817.48		-2091.98		-274.505		57.3658
		43250		431.534		2.47666		1857.5		-2132		-274.499		57.4692
		43300		432.032		2.54426		1908.2		-2182.7		-274.507		57.6347
		43350		432.531		2.4444		1833.3		-2107.8		-274.497		57.8355
		43400		433.03		2.41158		1808.69		-2083.18		-274.495		57.9994
		43450		433.529		2.53774		1903.3		-2177.81		-274.507		58.0603
		43500		434.028		2.42163		1816.22		-2090.72		-274.5		58.0647
		43550		434.527		2.35236		1764.27		-2038.77		-274.497		58.0869
		43600		435.026		2.44683		1835.12		-2109.63		-274.509		58.2096
		43650		435.525		2.31247		1734.35		-2008.85		-274.5		58.4414
		43700		436.023		2.25299		1689.74		-1964.24		-274.499		58.7127
		43750		436.522		2.36229		1771.72		-2046.22		-274.504		58.9409
		43800		437.021		2.39269		1794.51		-2069.02		-274.502		59.1231
		43850		437.52		2.33044		1747.83		-2022.33		-274.497		59.2863
		43900		438.019		2.41803		1813.53		-2088.03		-274.504		59.4005
		43950		438.518		2.43048		1822.86		-2097.36		-274.501		59.4436
		44000		439.017		2.41908		1814.31		-2088.81		-274.505		59.4801
		44050		439.516		2.36414		1773.11		-2047.61		-274.5		59.5113
		44100		440.015		2.31626		1737.19		-2011.7		-274.501		59.5545
		44150		440.513		2.22887		1671.65		-1946.15		-274.499		59.6284
		44200		441.012		2.32379		1742.84		-2017.34		-274.504		59.7179
		44250		441.511		2.38598		1789.48		-2063.99		-274.504		59.8261
		44300		442.01		2.29478		1721.09		-1995.58		-274.497		59.915
		44350		442.509		2.37427		1780.7		-2055.2		-274.502		59.9443
		44400		443.008		2.46905		1851.79		-2126.29		-274.502		59.9413
		44450		443.507		2.39524		1796.43		-2070.93		-274.503		59.9387
		44500		444.006		2.27041		1702.81		-1977.31		-274.498		59.9208
		44550		444.504		2.32977		1747.33		-2021.83		-274.499		59.877
		44600		445.003		2.39174		1793.81		-2068.31		-274.504		59.8182
		44650		445.502		2.35295		1764.71		-2039.22		-274.503		59.7869
		44700		446.001		2.37619		1782.14		-2056.65		-274.505		59.7452
		44750		446.5		2.30432		1728.24		-2002.74		-274.505		59.762
		44800		446.999		2.24313		1682.34		-1956.84		-274.5		59.9342
		44850		447.498		2.38337		1787.53		-2062.03		-274.502		60.1952
		44900		447.997		2.4552		1841.4		-2115.9		-274.502		60.3979
		44950		448.496		2.45087		1838.15		-2112.66		-274.505		60.5083
		45000		448.994		2.28712		1715.34		-1989.84		-274.497		60.634
		45050		449.493		2.37814		1783.61		-2058.11		-274.505		60.7317
		45100		449.992		2.46746		1850.6		-2125.1		-274.502		60.7566
		45150		450.491		2.42753		1820.65		-2095.15		-274.5		60.7939
		45200		450.99		2.49549		1871.62		-2146.13		-274.507		60.8588
		45250		451.489		2.41709		1812.82		-2087.31		-274.497		60.9529
		45300		451.988		2.39353		1795.15		-2069.66		-274.505		61.0195
		45350		452.487		2.42584		1819.38		-2093.88		-274.497		61.0539
		45400		452.985		2.52364		1892.73		-2167.23		-274.506		61.125
		45450		453.484		2.38269		1787.02		-2061.51		-274.499		61.2719
		45500		453.983		2.41629		1812.22		-2086.72		-274.503		61.4246
		45550		454.482		2.51098		1883.24		-2157.74		-274.505		61.5532
		45600		454.981		2.42995		1822.46		-2096.96		-274.5		61.709
		45650		455.48		2.31895		1739.21		-2013.71		-274.498		61.8431
		45700		455.979		2.37239		1779.29		-2053.79		-274.502		61.9058
		45750		456.478		2.44053		1830.39		-2104.89		-274.498		61.9542
		45800		456.977		2.44579		1834.35		-2108.85		-274.5		62.0199
		45850		457.475		2.39898		1799.24		-2073.74		-274.504		62.0491
		45900		457.974		2.43174		1823.8		-2098.31		-274.501		62.0697
		45950		458.473		2.50453		1878.4		-2152.9		-274.504		62.1138
		46000		458.972		2.36068		1770.51		-2045.02		-274.502		62.1832
		46050		459.471		2.31656		1737.42		-2011.92		-274.503		62.2831
		46100		459.97		2.38531		1788.98		-2063.48		-274.504		62.4286
		46150		460.469		2.3303		1747.73		-2022.22		-274.495		62.6326
		46200		460.968		2.38439		1788.29		-2062.8		-274.509		62.8326
		46250		461.466		2.30023		1725.18		-1999.67		-274.492		62.9682
		46300		461.965		2.40006		1800.04		-2074.54		-274.503		63.0408
		46350		462.464		2.38081		1785.61		-2060.11		-274.502		63.133
		46400		462.963		2.4728		1854.6		-2129.11		-274.509		63.2494
		46450		463.462		2.44725		1835.44		-2109.94		-274.499		63.3884
		46500		463.961		2.37787		1783.4		-2057.89		-274.495		63.5041
		46550		464.46		2.42167		1816.25		-2090.76		-274.506		63.5351
		46600		464.959		2.35829		1768.71		-2043.22		-274.502		63.5079
		46650		465.458		2.37279		1779.59		-2054.1		-274.508		63.4235
		46700		465.956		2.36044		1770.33		-2044.83		-274.5		63.3503
		46750		466.455		2.38689		1790.17		-2064.67		-274.501		63.3401
		46800		466.954		2.35761		1768.21		-2042.71		-274.498		63.3348
		46850		467.453		2.44659		1834.95		-2109.45		-274.507		63.3895
		46900		467.952		2.39462		1795.97		-2070.47		-274.5		63.5654
		46950		468.451		2.30172		1726.29		-2000.78		-274.495		63.7992
		47000		468.95		2.44663		1834.97		-2109.48		-274.506		64.0253
		47050		469.449		2.48183		1861.38		-2135.88		-274.503		64.2057
		47100		469.947		2.35444		1765.83		-2040.33		-274.495		64.3233
		47150		470.446		2.35809		1768.56		-2043.06		-274.5		64.3598
		47200		470.945		2.42217		1816.63		-2091.13		-274.503		64.3458
		47250		471.444		2.37982		1784.86		-2059.36		-274.498		64.3127
		47300		471.943		2.41096		1808.22		-2082.72		-274.506		64.3003
		47350		472.442		2.37137		1778.52		-2053.03		-274.502		64.2898
		47400		472.941		2.3614		1771.05		-2045.55		-274.496		64.2495
		47450		473.44		2.43755		1828.16		-2102.66		-274.502		64.2104
		47500		473.939		2.39162		1793.71		-2068.21		-274.501		64.2641
		47550		474.437		2.35827		1768.7		-2043.2		-274.497		64.4082
		47600		474.936		2.41269		1809.52		-2084.02		-274.501		64.5815
		47650		475.435		2.45242		1839.32		-2113.83		-274.508		64.7551
		47700		475.934		2.36952		1777.14		-2051.65		-274.507		64.8608
		47750		476.433		2.26998		1702.48		-1976.97		-274.494		64.8922
		47800		476.932		2.38975		1792.31		-2066.82		-274.505		64.905
		47850		477.431		2.35181		1763.86		-2038.36		-274.5		64.9832
		47900		477.93		2.38581		1789.36		-2063.86		-274.502		65.0858
		47950		478.428		2.38876		1791.57		-2066.07		-274.501		65.1515
		48000		478.927		2.36522		1773.91		-2048.41		-274.5		65.181
		48050		479.426		2.37198		1778.98		-2053.49		-274.503		65.1681
		48100		479.925		2.38987		1792.4		-2066.9		-274.499		65.1312
		48150		480.424		2.44488		1833.66		-2108.17		-274.507		65.0408
		48200		480.923		2.43514		1826.35		-2100.86		-274.502		64.9132
		48250		481.422		2.42874		1821.56		-2096.06		-274.5		64.7636
		48300		481.921		2.40612		1804.59		-2079.08		-274.495		64.6387
		48350		482.42		2.48397		1862.98		-2137.48		-274.504		64.5366
		48400		482.918		2.36811		1776.08		-2050.59		-274.503		64.4848
		48450		483.417		2.269		1701.75		-1976.25		-274.497		64.5284
		48500		483.916		2.34599		1759.49		-2033.99		-274.502		64.661
		48550		484.415		2.40406		1803.05		-2077.55		-274.503		64.8367
		48600		484.914		2.38346		1787.59		-2062.09		-274.499		65.0259
		48650		485.413		2.45508		1841.31		-2115.81		-274.504		65.1851
		48700		485.912		2.45564		1841.73		-2116.23		-274.502		65.3615
		48750		486.411		2.32763		1745.73		-2020.22		-274.497		65.5639
		48800		486.909		2.39506		1796.3		-2070.8		-274.507		65.6898
		48850		487.408		2.41691		1812.68		-2087.18		-274.499		65.6818
		48900		487.907		2.38198		1786.48		-2060.98		-274.503		65.6245
		48950		488.406		2.34621		1759.65		-2034.15		-274.499		65.598
		49000		488.905		2.46656		1849.92		-2124.43		-274.51		65.6195
		49050		489.404		2.40218		1801.64		-2076.13		-274.493		65.6403
		49100		489.903		2.38509		1788.82		-2063.32		-274.504		65.6586
		49150		490.402		2.32747		1745.6		-2020.1		-274.499		65.7113
		49200		490.901		2.43852		1828.89		-2103.4		-274.508		65.7815
		49250		491.399		2.42419		1818.15		-2092.64		-274.496		65.8972
		49300		491.898		2.6133		1959.97		-2234.48		-274.505		66.0923
		49350		492.397		2.5798		1934.85		-2209.35		-274.5		66.2844
		49400		492.896		2.44753		1835.64		-2110.14		-274.499		66.4569
		49450		493.395		2.40684		1805.13		-2079.63		-274.504		66.5961
		49500		493.894		2.37599		1781.99		-2056.49		-274.496		66.6844
		49550		494.393		2.53025		1897.69		-2172.2		-274.509		66.7177
		49600		494.892		2.4794		1859.55		-2134.05		-274.503		66.7523
		49650		495.39		2.39398		1795.49		-2069.99		-274.501		66.8192
		49700		495.889		2.28836		1716.27		-1990.76		-274.493		66.8619
		49750		496.388		2.3491		1761.83		-2036.33		-274.506		66.8347
		49800		496.887		2.38712		1790.34		-2064.84		-274.502		66.7945
		49850		497.386		2.45468		1841.01		-2115.52		-274.504		66.8393
		49900		497.885		2.46252		1846.89		-2121.4		-274.507		66.9868
		49950		498.384		2.29584		1721.88		-1996.38		-274.497		67.1264
