		timesteps		t		Temperature		Kin		Pot		TotalE
		0		0		0.673337		505.003		-4257.43		-3752.42
		50		0.498883		0.551728		413.796		-4166.22		-3752.43
		100		0.997765		0.288621		216.466		-3968.89		-3752.42
		150		1.49665		0.167918		125.939		-3878.36		-3752.42
		200		1.99553		0.234308		175.731		-3928.16		-3752.42
		250		2.49441		0.297219		222.914		-3975.34		-3752.43
		300		2.9933		0.306701		230.025		-3982.45		-3752.42
		350		3.49218		0.3214		241.05		-3993.47		-3752.42
		400		3.99106		0.354275		265.707		-4018.13		-3752.42
		450		4.48994		0.377182		282.887		-4035.31		-3752.42
		500		4.98883		0.372193		279.145		-4031.57		-3752.42
		550		5.48771		0.345609		259.207		-4011.63		-3752.42
		600		5.98659		0.325444		244.083		-3996.51		-3752.42
		650		6.48547		0.32882		246.615		-3999.04		-3752.42
		700		6.98436		0.349128		261.846		-4014.27		-3752.42
		750		7.48324		0.353581		265.186		-4017.61		-3752.42
		800		7.98212		0.339193		254.395		-4006.82		-3752.42
		850		8.48101		0.339217		254.413		-4006.84		-3752.42
		900		8.97989		0.352024		264.018		-4016.44		-3752.42
		950		9.47877		0.355554		266.666		-4019.09		-3752.42
		1000		9.97765		0.3438		257.85		-4010.27		-3752.42
		1050		10.4765		0.332284		249.213		-4001.64		-3752.42
		1100		10.9754		0.337814		253.361		-4005.78		-3752.42
		1150		11.4743		0.345214		258.91		-4011.33		-3752.42
		1200		11.9732		0.3418		256.35		-4008.77		-3752.42
		1250		12.4721		0.339319		254.489		-4006.91		-3752.42
		1300		12.9709		0.351192		263.394		-4015.82		-3752.42
		1350		13.4698		0.362553		271.915		-4024.34		-3752.42
		1400		13.9687		0.362022		271.517		-4023.94		-3752.42
		1450		14.4676		0.35611		267.083		-4019.51		-3752.42
		1500		14.9665		0.348816		261.612		-4014.04		-3752.42
		1550		15.4654		0.343384		257.538		-4009.96		-3752.42
		1600		15.9642		0.334093		250.57		-4002.99		-3752.42
		1650		16.4631		0.322697		242.023		-3994.45		-3752.42
		1700		16.962		0.323562		242.671		-3995.1		-3752.42
		1750		17.4609		0.33636		252.27		-4004.69		-3752.42
		1800		17.9598		0.344657		258.493		-4010.92		-3752.42
		1850		18.4587		0.344734		258.55		-4010.97		-3752.42
		1900		18.9575		0.347667		260.75		-4013.17		-3752.42
		1950		19.4564		0.354961		266.221		-4018.65		-3752.42
		2000		19.9553		0.35231		264.232		-4016.66		-3752.42
		2050		20.4542		0.338733		254.05		-4006.47		-3752.42
		2100		20.9531		0.33057		247.927		-4000.35		-3752.42
		2150		21.452		0.328925		246.693		-3999.12		-3752.42
		2200		21.9508		0.333387		250.04		-4002.46		-3752.42
		2250		22.4497		0.340351		255.263		-4007.69		-3752.42
		2300		22.9486		0.34701		260.258		-4012.68		-3752.42
		2350		23.4475		0.351934		263.951		-4016.37		-3752.42
		2400		23.9464		0.361208		270.906		-4023.33		-3752.42
		2450		24.4453		0.36684		275.13		-4027.55		-3752.42
		2500		24.9441		0.348609		261.456		-4013.88		-3752.42
		2550		25.443		0.326525		244.894		-3997.32		-3752.42
		2600		25.9419		0.329994		247.496		-3999.92		-3752.42
		2650		26.4408		0.35144		263.58		-4016		-3752.42
		2700		26.9397		0.367373		275.53		-4027.95		-3752.42
		2750		27.4385		0.357447		268.085		-4020.51		-3752.42
		2800		27.9374		0.333928		250.446		-4002.87		-3752.42
		2850		28.4363		0.332862		249.647		-4002.07		-3752.42
		2900		28.9352		0.345147		258.86		-4011.28		-3752.42
		2950		29.4341		0.342284		256.713		-4009.14		-3752.42
		3000		29.933		0.338764		254.073		-4006.5		-3752.42
		3050		30.4318		0.339244		254.433		-4006.86		-3752.42
		3100		30.9307		0.335581		251.686		-4004.11		-3752.42
		3150		31.4296		0.332374		249.281		-4001.7		-3752.42
		3200		31.9285		0.336443		252.332		-4004.76		-3752.42
		3250		32.4274		0.340876		255.657		-4008.08		-3752.42
		3300		32.9263		0.339413		254.56		-4006.98		-3752.42
		3350		33.4251		0.343677		257.758		-4010.18		-3752.42
		3400		33.924		0.350067		262.55		-4014.97		-3752.42
		3450		34.4229		0.3523		264.225		-4016.65		-3752.42
		3500		34.9218		0.352346		264.26		-4016.68		-3752.42
		3550		35.4207		0.348406		261.304		-4013.73		-3752.42
		3600		35.9196		0.345882		259.411		-4011.84		-3752.42
		3650		36.4184		0.346824		260.118		-4012.54		-3752.42
		3700		36.9173		0.345384		259.038		-4011.46		-3752.42
		3750		37.4162		0.342488		256.866		-4009.29		-3752.42
		3800		37.9151		0.335293		251.47		-4003.89		-3752.42
		3850		38.414		0.336466		252.349		-4004.77		-3752.42
		3900		38.9128		0.344958		258.718		-4011.14		-3752.42
		3950		39.4117		0.352408		264.306		-4016.73		-3752.42
		4000		39.9106		0.34986		262.395		-4014.82		-3752.42
		4050		40.4095		0.339702		254.777		-4007.2		-3752.42
		4100		40.9084		0.339946		254.96		-4007.38		-3752.42
		4150		41.4073		0.347921		260.941		-4013.37		-3752.42
		4200		41.9061		0.341625		256.219		-4008.64		-3752.42
		4250		42.405		0.327671		245.753		-3998.18		-3752.42
		4300		42.9039		0.324962		243.722		-3996.15		-3752.42
		4350		43.4028		0.336781		252.586		-4005.01		-3752.42
		4400		43.9017		0.349636		262.227		-4014.65		-3752.42
		4450		44.4006		0.353832		265.374		-4017.8		-3752.42
		4500		44.8994		0.35081		263.107		-4015.53		-3752.42
		4550		45.3983		0.343696		257.772		-4010.2		-3752.42
		4600		45.8972		0.341574		256.18		-4008.6		-3752.42
		4650		46.3961		0.343925		257.944		-4010.37		-3752.42
		4700		46.895		0.340237		255.178		-4007.6		-3752.42
		4750		47.3939		0.33527		251.453		-4003.88		-3752.42
		4800		47.8927		0.340022		255.017		-4007.44		-3752.42
		4850		48.3916		0.352378		264.283		-4016.71		-3752.42
		4900		48.8905		0.359536		269.652		-4022.08		-3752.42
		4950		49.3894		0.35434		265.755		-4018.18		-3752.42
		5000		49.8883		0.34188		256.41		-4008.83		-3752.42
		5050		50.3872		0.334171		250.628		-4003.05		-3752.42
		5100		50.886		0.331953		248.965		-4001.39		-3752.42
		5150		51.3849		0.337789		253.342		-4005.77		-3752.42
		5200		51.8838		0.350248		262.686		-4015.11		-3752.42
		5250		52.3827		0.347666		260.749		-4013.17		-3752.42
		5300		52.8816		0.336617		252.463		-4004.89		-3752.42
		5350		53.3804		0.336551		252.413		-4004.84		-3752.42
		5400		53.8793		0.338591		253.944		-4006.37		-3752.42
		5450		54.3782		0.340364		255.273		-4007.7		-3752.42
		5500		54.8771		0.34852		261.39		-4013.81		-3752.42
		5550		55.376		0.352297		264.222		-4016.65		-3752.42
		5600		55.8749		0.349889		262.416		-4014.84		-3752.42
		5650		56.3737		0.346312		259.734		-4012.16		-3752.42
		5700		56.8726		0.347051		260.288		-4012.71		-3752.42
		5750		57.3715		0.344482		258.361		-4010.79		-3752.42
		5800		57.8704		0.338981		254.236		-4006.66		-3752.42
		5850		58.3693		0.348678		261.509		-4013.93		-3752.42
		5900		58.8682		0.35865		268.988		-4021.41		-3752.42
		5950		59.367		0.351753		263.814		-4016.24		-3752.42
		6000		59.8659		0.33789		253.418		-4005.84		-3752.42
		6050		60.3648		0.324837		243.627		-3996.05		-3752.42
		6100		60.8637		0.316471		237.353		-3989.78		-3752.42
		6150		61.3626		0.330115		247.587		-4000.01		-3752.42
		6200		61.8615		0.359331		269.498		-4021.92		-3752.42
		6250		62.3603		0.367092		275.319		-4027.74		-3752.42
		6300		62.8592		0.347698		260.774		-4013.2		-3752.42
		6350		63.3581		0.334713		251.035		-4003.46		-3752.42
		6400		63.857		0.339582		254.686		-4007.11		-3752.42
		6450		64.3559		0.351035		263.276		-4015.7		-3752.42
		6500		64.8547		0.356653		267.489		-4019.91		-3752.42
		6550		65.3536		0.347473		260.604		-4013.03		-3752.42
		6600		65.8525		0.330506		247.88		-4000.3		-3752.42
		6650		66.3514		0.32787		245.903		-3998.33		-3752.42
		6700		66.8503		0.345813		259.36		-4011.78		-3752.42
		6750		67.3492		0.351827		263.87		-4016.29		-3752.42
		6800		67.848		0.338717		254.037		-4006.46		-3752.42
		6850		68.3469		0.335556		251.667		-4004.09		-3752.42
		6900		68.8458		0.347141		260.356		-4012.78		-3752.42
		6950		69.3447		0.351063		263.297		-4015.72		-3752.42
		7000		69.8436		0.347591		260.693		-4013.12		-3752.42
		7050		70.3425		0.341316		255.987		-4008.41		-3752.42
		7100		70.8413		0.339367		254.525		-4006.95		-3752.42
		7150		71.3402		0.344175		258.131		-4010.56		-3752.42
		7200		71.8391		0.351802		263.852		-4016.28		-3752.42
		7250		72.338		0.352109		264.082		-4016.51		-3752.42
		7300		72.8369		0.343039		257.279		-4009.7		-3752.42
		7350		73.3358		0.340315		255.236		-4007.66		-3752.42
		7400		73.8346		0.346358		259.768		-4012.19		-3752.42
		7450		74.3335		0.349291		261.968		-4014.39		-3752.42
		7500		74.8324		0.343287		257.465		-4009.89		-3752.42
		7550		75.3313		0.34203		256.522		-4008.95		-3752.42
		7600		75.8302		0.346668		260.001		-4012.42		-3752.42
		7650		76.329		0.349511		262.133		-4014.56		-3752.42
		7700		76.8279		0.344301		258.226		-4010.65		-3752.42
		7750		77.3268		0.335655		251.741		-4004.17		-3752.42
		7800		77.8257		0.336249		252.187		-4004.61		-3752.42
		7850		78.3246		0.339128		254.346		-4006.77		-3752.42
		7900		78.8235		0.335437		251.578		-4004		-3752.42
		7950		79.3223		0.331625		248.719		-4001.14		-3752.42
		8000		79.8212		0.340863		255.647		-4008.07		-3752.42
		8050		80.3201		0.354339		265.754		-4018.18		-3752.42
		8100		80.819		0.350229		262.672		-4015.1		-3752.42
		8150		81.3179		0.337462		253.097		-4005.52		-3752.42
		8200		81.8168		0.343625		257.719		-4010.14		-3752.42
		8250		82.3156		0.359958		269.968		-4022.39		-3752.42
		8300		82.8145		0.360774		270.58		-4023		-3752.42
		8350		83.3134		0.346323		259.743		-4012.17		-3752.42
		8400		83.8123		0.339404		254.553		-4006.98		-3752.42
		8450		84.3112		0.344918		258.688		-4011.11		-3752.42
		8500		84.8101		0.350399		262.799		-4015.22		-3752.42
		8550		85.3089		0.346287		259.715		-4012.14		-3752.42
		8600		85.8078		0.334398		250.799		-4003.22		-3752.42
		8650		86.3067		0.32499		243.743		-3996.17		-3752.42
		8700		86.8056		0.325419		244.064		-3996.49		-3752.42
		8750		87.3045		0.334355		250.766		-4003.19		-3752.42
		8800		87.8034		0.342136		256.602		-4009.03		-3752.42
		8850		88.3022		0.341194		255.895		-4008.32		-3752.42
		8900		88.8011		0.33707		252.802		-4005.23		-3752.42
		8950		89.3		0.345918		259.438		-4011.86		-3752.42
		9000		89.7989		0.359703		269.777		-4022.2		-3752.42
		9050		90.2978		0.356732		267.549		-4019.97		-3752.42
		9100		90.7966		0.339521		254.641		-4007.06		-3752.42
		9150		91.2955		0.333014		249.761		-4002.18		-3752.42
		9200		91.7944		0.343638		257.728		-4010.15		-3752.42
		9250		92.2933		0.352907		264.68		-4017.1		-3752.42
		9300		92.7922		0.350798		263.098		-4015.52		-3752.42
		9350		93.2911		0.341883		256.412		-4008.84		-3752.42
		9400		93.7899		0.335402		251.552		-4003.98		-3752.42
		9450		94.2888		0.334004		250.503		-4002.93		-3752.42
		9500		94.7877		0.340669		255.502		-4007.93		-3752.42
		9550		95.2866		0.343081		257.31		-4009.73		-3752.42
		9600		95.7855		0.343735		257.801		-4010.22		-3752.42
		9650		96.2844		0.353005		264.753		-4017.18		-3752.42
		9700		96.7832		0.357947		268.46		-4020.88		-3752.42
		9750		97.2821		0.345467		259.1		-4011.52		-3752.42
		9800		97.781		0.338254		253.69		-4006.11		-3752.42
		9850		98.2799		0.344001		258.001		-4010.43		-3752.42
		9900		98.7788		0.348923		261.693		-4014.12		-3752.42
		9950		99.2777		0.345119		258.839		-4011.26		-3752.42
		10000		99.7765		0.339246		254.434		-4006.86		-3752.42
		10050		100.275		0.340037		255.028		-4007.45		-3752.42
		10100		100.774		0.340873		255.655		-4008.08		-3752.42
		10150		101.273		0.340268		255.201		-4007.62		-3752.42
		10200		101.772		0.338039		253.529		-4005.95		-3752.42
		10250		102.271		0.33982		254.865		-4007.29		-3752.42
		10300		102.77		0.342158		256.619		-4009.04		-3752.42
		10350		103.269		0.349197		261.897		-4014.32		-3752.42
		10400		103.768		0.353728		265.296		-4017.72		-3752.42
		10450		104.266		0.349471		262.103		-4014.53		-3752.42
		10500		104.765		0.345584		259.188		-4011.61		-3752.42
		10550		105.264		0.34224		256.68		-4009.1		-3752.42
		10600		105.763		0.339963		254.972		-4007.4		-3752.42
		10650		106.262		0.340266		255.2		-4007.62		-3752.42
		10700		106.761		0.343286		257.464		-4009.89		-3752.42
		10750		107.26		0.346776		260.082		-4012.51		-3752.42
		10800		107.759		0.351053		263.29		-4015.71		-3752.42
		10850		108.258		0.349757		262.317		-4014.74		-3752.42
		10900		108.756		0.34419		258.143		-4010.57		-3752.42
		10950		109.255		0.33605		252.037		-4004.46		-3752.42
		11000		109.754		0.337026		252.769		-4005.19		-3752.42
		11050		110.253		0.349972		262.479		-4014.9		-3752.42
		11100		110.752		0.3514		263.55		-4015.97		-3752.42
		11150		111.251		0.351788		263.841		-4016.27		-3752.42
		11200		111.75		0.351024		263.268		-4015.69		-3752.42
		11250		112.249		0.334382		250.787		-4003.21		-3752.42
		11300		112.747		0.323621		242.716		-3995.14		-3752.42
		11350		113.246		0.333301		249.976		-4002.4		-3752.42
		11400		113.745		0.342687		257.015		-4009.44		-3752.42
		11450		114.244		0.341089		255.817		-4008.24		-3752.42
		11500		114.743		0.338577		253.933		-4006.36		-3752.42
		11550		115.242		0.341197		255.898		-4008.32		-3752.42
		11600		115.741		0.349341		262.006		-4014.43		-3752.42
		11650		116.24		0.356277		267.208		-4019.63		-3752.42
		11700		116.739		0.356877		267.658		-4020.08		-3752.42
		11750		117.237		0.352323		264.242		-4016.67		-3752.42
		11800		117.736		0.339956		254.967		-4007.39		-3752.42
		11850		118.235		0.336041		252.031		-4004.45		-3752.42
		11900		118.734		0.345193		258.895		-4011.32		-3752.42
		11950		119.233		0.349053		261.79		-4014.21		-3752.42
		12000		119.732		0.340391		255.293		-4007.72		-3752.42
		12050		120.231		0.332342		249.257		-4001.68		-3752.42
		12100		120.73		0.340478		255.358		-4007.78		-3752.42
		12150		121.228		0.351856		263.892		-4016.32		-3752.42
		12200		121.727		0.351325		263.494		-4015.92		-3752.42
		12250		122.226		0.345044		258.783		-4011.21		-3752.42
		12300		122.725		0.341658		256.244		-4008.67		-3752.42
		12350		123.224		0.340684		255.513		-4007.94		-3752.42
		12400		123.723		0.34182		256.365		-4008.79		-3752.42
		12450		124.222		0.33891		254.183		-4006.61		-3752.42
		12500		124.721		0.330567		247.926		-4000.35		-3752.42
		12550		125.22		0.332174		249.131		-4001.55		-3752.42
		12600		125.718		0.351506		263.629		-4016.05		-3752.42
		12650		126.217		0.359114		269.335		-4021.76		-3752.42
		12700		126.716		0.34859		261.442		-4013.87		-3752.42
		12750		127.215		0.337784		253.338		-4005.76		-3752.42
		12800		127.714		0.335544		251.658		-4004.08		-3752.42
		12850		128.213		0.342431		256.824		-4009.25		-3752.42
		12900		128.712		0.348898		261.674		-4014.1		-3752.42
		12950		129.211		0.346831		260.123		-4012.55		-3752.42
		13000		129.709		0.346889		260.167		-4012.59		-3752.42
		13050		130.208		0.347576		260.682		-4013.11		-3752.42
		13100		130.707		0.347276		260.457		-4012.88		-3752.42
		13150		131.206		0.347399		260.549		-4012.97		-3752.42
		13200		131.705		0.347835		260.876		-4013.3		-3752.42
		13250		132.204		0.348971		261.728		-4014.15		-3752.42
		13300		132.703		0.339839		254.879		-4007.3		-3752.42
		13350		133.202		0.333465		250.098		-4002.52		-3752.42
		13400		133.701		0.339502		254.627		-4007.05		-3752.42
		13450		134.199		0.340309		255.232		-4007.66		-3752.42
		13500		134.698		0.336233		252.175		-4004.6		-3752.42
		13550		135.197		0.339523		254.643		-4007.07		-3752.42
		13600		135.696		0.342909		257.182		-4009.61		-3752.42
		13650		136.195		0.344021		258.016		-4010.44		-3752.42
		13700		136.694		0.344476		258.357		-4010.78		-3752.42
		13750		137.193		0.344431		258.323		-4010.75		-3752.42
		13800		137.692		0.344603		258.452		-4010.88		-3752.42
		13850		138.191		0.343954		257.965		-4010.39		-3752.42
		13900		138.689		0.347365		260.524		-4012.95		-3752.42
		13950		139.188		0.350543		262.908		-4015.33		-3752.42
		14000		139.687		0.350354		262.766		-4015.19		-3752.42
		14050		140.186		0.352485		264.364		-4016.79		-3752.42
		14100		140.685		0.346696		260.022		-4012.45		-3752.42
		14150		141.184		0.343121		257.341		-4009.76		-3752.42
		14200		141.683		0.342019		256.514		-4008.94		-3752.42
		14250		142.182		0.334843		251.132		-4003.56		-3752.42
		14300		142.68		0.330876		248.157		-4000.58		-3752.42
		14350		143.179		0.334658		250.993		-4003.42		-3752.42
		14400		143.678		0.346923		260.192		-4012.62		-3752.42
		14450		144.177		0.358323		268.743		-4021.17		-3752.42
		14500		144.676		0.350188		262.641		-4015.06		-3752.42
		14550		145.175		0.332668		249.501		-4001.92		-3752.42
		14600		145.674		0.332776		249.582		-4002.01		-3752.42
		14650		146.173		0.346865		260.149		-4012.57		-3752.42
		14700		146.672		0.35093		263.197		-4015.62		-3752.42
		14750		147.17		0.346708		260.031		-4012.45		-3752.42
		14800		147.669		0.341324		255.993		-4008.42		-3752.42
		14850		148.168		0.340164		255.123		-4007.55		-3752.42
		14900		148.667		0.342815		257.112		-4009.54		-3752.42
		14950		149.166		0.348479		261.359		-4013.78		-3752.42
		15000		149.665		0.349326		261.994		-4014.42		-3752.42
		15050		150.164		0.340752		255.564		-4007.99		-3752.42
		15100		150.663		0.34016		255.12		-4007.54		-3752.42
		15150		151.161		0.349241		261.93		-4014.35		-3752.42
		15200		151.66		0.343106		257.33		-4009.75		-3752.42
		15250		152.159		0.329304		246.978		-3999.4		-3752.42
		15300		152.658		0.333895		250.421		-4002.84		-3752.42
		15350		153.157		0.345929		259.447		-4011.87		-3752.42
		15400		153.656		0.350459		262.845		-4015.27		-3752.42
		15450		154.155		0.349542		262.156		-4014.58		-3752.42
		15500		154.654		0.343655		257.741		-4010.16		-3752.42
		15550		155.153		0.338286		253.715		-4006.14		-3752.42
		15600		155.651		0.34557		259.178		-4011.6		-3752.42
		15650		156.15		0.358398		268.798		-4021.22		-3752.42
		15700		156.649		0.356674		267.506		-4019.93		-3752.42
		15750		157.148		0.340144		255.108		-4007.53		-3752.42
		15800		157.647		0.33026		247.695		-4000.12		-3752.42
		15850		158.146		0.336487		252.365		-4004.79		-3752.42
		15900		158.645		0.347331		260.498		-4012.92		-3752.42
		15950		159.144		0.35426		265.695		-4018.12		-3752.42
		16000		159.642		0.351293		263.469		-4015.89		-3752.42
		16050		160.141		0.341564		256.173		-4008.6		-3752.42
		16100		160.64		0.333851		250.388		-4002.81		-3752.42
		16150		161.139		0.335896		251.922		-4004.35		-3752.42
		16200		161.638		0.340551		255.413		-4007.84		-3752.42
		16250		162.137		0.342741		257.056		-4009.48		-3752.42
		16300		162.636		0.347263		260.447		-4012.87		-3752.42
		16350		163.135		0.346062		259.546		-4011.97		-3752.42
		16400		163.634		0.342963		257.223		-4009.65		-3752.42
		16450		164.132		0.347303		260.477		-4012.9		-3752.42
		16500		164.631		0.35295		264.712		-4017.14		-3752.42
		16550		165.13		0.353793		265.345		-4017.77		-3752.42
		16600		165.629		0.346688		260.016		-4012.44		-3752.42
		16650		166.128		0.333483		250.112		-4002.54		-3752.42
		16700		166.627		0.325292		243.969		-3996.39		-3752.42
		16750		167.126		0.335461		251.596		-4004.02		-3752.42
		16800		167.625		0.357688		268.266		-4020.69		-3752.42
		16850		168.123		0.360255		270.191		-4022.62		-3752.42
		16900		168.622		0.339677		254.758		-4007.18		-3752.42
		16950		169.121		0.326882		245.161		-3997.58		-3752.42
		17000		169.62		0.337253		252.94		-4005.36		-3752.42
		17050		170.119		0.346998		260.248		-4012.67		-3752.42
		17100		170.618		0.346236		259.677		-4012.1		-3752.42
		17150		171.117		0.349883		262.412		-4014.84		-3752.42
		17200		171.616		0.353272		264.954		-4017.38		-3752.42
		17250		172.115		0.344151		258.113		-4010.54		-3752.42
		17300		172.613		0.34322		257.415		-4009.84		-3752.42
		17350		173.112		0.350374		262.781		-4015.2		-3752.42
		17400		173.611		0.336781		252.586		-4005.01		-3752.42
		17450		174.11		0.323767		242.826		-3995.25		-3752.42
		17500		174.609		0.345393		259.045		-4011.47		-3752.42
		17550		175.108		0.367772		275.829		-4028.25		-3752.42
		17600		175.607		0.361336		271.002		-4023.43		-3752.42
		17650		176.106		0.344704		258.528		-4010.95		-3752.42
		17700		176.604		0.338993		254.245		-4006.67		-3752.42
		17750		177.103		0.339359		254.519		-4006.94		-3752.42
		17800		177.602		0.342068		256.551		-4008.98		-3752.42
		17850		178.101		0.340599		255.449		-4007.87		-3752.42
		17900		178.6		0.340572		255.429		-4007.85		-3752.42
		17950		179.099		0.344642		258.482		-4010.91		-3752.42
		18000		179.598		0.344301		258.226		-4010.65		-3752.42
		18050		180.097		0.341889		256.417		-4008.84		-3752.42
		18100		180.596		0.336047		252.035		-4004.46		-3752.42
		18150		181.094		0.332265		249.198		-4001.62		-3752.42
		18200		181.593		0.336866		252.65		-4005.07		-3752.42
		18250		182.092		0.34231		256.733		-4009.16		-3752.42
		18300		182.591		0.340036		255.027		-4007.45		-3752.42
		18350		183.09		0.34626		259.695		-4012.12		-3752.42
		18400		183.589		0.357745		268.309		-4020.73		-3752.42
		18450		184.088		0.356198		267.149		-4019.57		-3752.42
		18500		184.587		0.34717		260.378		-4012.8		-3752.42
		18550		185.085		0.337218		252.914		-4005.34		-3752.42
		18600		185.584		0.336838		252.629		-4005.05		-3752.42
		18650		186.083		0.350905		263.179		-4015.6		-3752.42
		18700		186.582		0.366468		274.851		-4027.28		-3752.42
		18750		187.081		0.357734		268.301		-4020.73		-3752.42
		18800		187.58		0.329472		247.104		-3999.53		-3752.42
		18850		188.079		0.31821		238.658		-3991.08		-3752.42
		18900		188.578		0.331116		248.337		-4000.76		-3752.42
		18950		189.077		0.344525		258.394		-4010.82		-3752.42
		19000		189.575		0.3462		259.65		-4012.07		-3752.42
		19050		190.074		0.34612		259.59		-4012.01		-3752.42
		19100		190.573		0.349221		261.916		-4014.34		-3752.42
		19150		191.072		0.349285		261.964		-4014.39		-3752.42
		19200		191.571		0.343225		257.419		-4009.84		-3752.42
		19250		192.07		0.33665		252.487		-4004.91		-3752.42
		19300		192.569		0.328247		246.186		-3998.61		-3752.42
		19350		193.068		0.327914		245.935		-3998.36		-3752.42
		19400		193.566		0.338358		253.768		-4006.19		-3752.42
		19450		194.065		0.347207		260.405		-4012.83		-3752.42
		19500		194.564		0.352544		264.408		-4016.83		-3752.42
		19550		195.063		0.355365		266.524		-4018.95		-3752.42
		19600		195.562		0.350719		263.039		-4015.46		-3752.42
		19650		196.061		0.344058		258.044		-4010.47		-3752.42
		19700		196.56		0.346913		260.185		-4012.61		-3752.42
		19750		197.059		0.349586		262.19		-4014.61		-3752.42
		19800		197.558		0.34096		255.72		-4008.14		-3752.42
		19850		198.056		0.330574		247.93		-4000.35		-3752.42
		19900		198.555		0.329056		246.792		-3999.22		-3752.42
		19950		199.054		0.341803		256.353		-4008.78		-3752.42
		20000		199.553		0.353584		265.188		-4017.61		-3752.42
		20050		200.052		0.35453		265.897		-4018.32		-3752.42
		20100		200.551		0.353273		264.955		-4017.38		-3752.42
		20150		201.05		0.351507		263.63		-4016.05		-3752.42
		20200		201.549		0.342081		256.561		-4008.98		-3752.42
		20250		202.047		0.326646		244.985		-3997.41		-3752.42
		20300		202.546		0.319012		239.259		-3991.68		-3752.42
		20350		203.045		0.328158		246.119		-3998.54		-3752.42
		20400		203.544		0.348637		261.478		-4013.9		-3752.42
		20450		204.043		0.362477		271.858		-4024.28		-3752.42
		20500		204.542		0.359105		269.329		-4021.75		-3752.42
		20550		205.041		0.348937		261.703		-4014.13		-3752.42
		20600		205.54		0.34461		258.458		-4010.88		-3752.42
		20650		206.039		0.341061		255.796		-4008.22		-3752.42
		20700		206.537		0.333902		250.426		-4002.85		-3752.42
		20750		207.036		0.326174		244.63		-3997.05		-3752.42
		20800		207.535		0.331736		248.802		-4001.23		-3752.42
		20850		208.034		0.350985		263.238		-4015.66		-3752.42
		20900		208.533		0.36184		271.38		-4023.8		-3752.42
		20950		209.032		0.351778		263.834		-4016.26		-3752.42
		21000		209.531		0.342214		256.661		-4009.08		-3752.42
		21050		210.03		0.346884		260.163		-4012.59		-3752.42
		21100		210.528		0.354215		265.661		-4018.08		-3752.42
		21150		211.027		0.354305		265.729		-4018.15		-3752.42
		21200		211.526		0.349382		262.037		-4014.46		-3752.42
		21250		212.025		0.346148		259.611		-4012.04		-3752.42
		21300		212.524		0.340289		255.217		-4007.64		-3752.42
		21350		213.023		0.3287		246.525		-3998.95		-3752.42
		21400		213.522		0.324853		243.64		-3996.06		-3752.42
		21450		214.021		0.336088		252.066		-4004.49		-3752.42
		21500		214.52		0.344035		258.026		-4010.45		-3752.42
		21550		215.018		0.341355		256.016		-4008.44		-3752.42
		21600		215.517		0.341909		256.432		-4008.86		-3752.42
		21650		216.016		0.35163		263.722		-4016.15		-3752.42
		21700		216.515		0.364527		273.395		-4025.82		-3752.42
		21750		217.014		0.366513		274.885		-4027.31		-3752.42
		21800		217.513		0.347738		260.804		-4013.23		-3752.42
		21850		218.012		0.321426		241.069		-3993.49		-3752.42
		21900		218.511		0.321186		240.889		-3993.31		-3752.42
		21950		219.009		0.338719		254.039		-4006.46		-3752.42
		22000		219.508		0.347566		260.675		-4013.1		-3752.42
		22050		220.007		0.349033		261.775		-4014.2		-3752.42
		22100		220.506		0.34717		260.378		-4012.8		-3752.42
		22150		221.005		0.340886		255.664		-4008.09		-3752.42
		22200		221.504		0.338205		253.654		-4006.08		-3752.42
		22250		222.003		0.341808		256.356		-4008.78		-3752.42
		22300		222.502		0.352627		264.471		-4016.89		-3752.42
		22350		223.001		0.357367		268.025		-4020.45		-3752.42
		22400		223.499		0.345868		259.401		-4011.82		-3752.42
		22450		223.998		0.335655		251.741		-4004.16		-3752.42
		22500		224.497		0.341464		256.098		-4008.52		-3752.42
		22550		224.996		0.356438		267.328		-4019.75		-3752.42
		22600		225.495		0.354564		265.923		-4018.35		-3752.42
		22650		225.994		0.335714		251.785		-4004.21		-3752.42
		22700		226.493		0.324556		243.417		-3995.84		-3752.42
		22750		226.992		0.324622		243.466		-3995.89		-3752.42
		22800		227.491		0.337744		253.308		-4005.73		-3752.42
		22850		227.989		0.358422		268.817		-4021.24		-3752.42
		22900		228.488		0.361693		271.27		-4023.69		-3752.42
		22950		228.987		0.346048		259.536		-4011.96		-3752.42
		23000		229.486		0.337523		253.142		-4005.57		-3752.42
		23050		229.985		0.342343		256.757		-4009.18		-3752.42
		23100		230.484		0.34191		256.433		-4008.86		-3752.42
		23150		230.983		0.339866		254.9		-4007.32		-3752.42
		23200		231.482		0.347031		260.273		-4012.7		-3752.42
		23250		231.98		0.353023		264.768		-4017.19		-3752.42
		23300		232.479		0.34924		261.93		-4014.35		-3752.42
		23350		232.978		0.343354		257.515		-4009.94		-3752.42
		23400		233.477		0.336574		252.43		-4004.85		-3752.42
		23450		233.976		0.333673		250.255		-4002.68		-3752.42
		23500		234.475		0.341126		255.844		-4008.27		-3752.42
		23550		234.974		0.348871		261.654		-4014.08		-3752.42
		23600		235.473		0.351918		263.939		-4016.36		-3752.42
		23650		235.972		0.351703		263.778		-4016.2		-3752.42
		23700		236.47		0.349264		261.948		-4014.37		-3752.42
		23750		236.969		0.339948		254.961		-4007.38		-3752.42
		23800		237.468		0.33177		248.828		-4001.25		-3752.42
		23850		237.967		0.333248		249.936		-4002.36		-3752.42
		23900		238.466		0.338994		254.246		-4006.67		-3752.42
		23950		238.965		0.345847		259.385		-4011.81		-3752.42
		24000		239.464		0.354426		265.819		-4018.24		-3752.42
		24050		239.963		0.359319		269.489		-4021.91		-3752.42
		24100		240.461		0.352258		264.193		-4016.62		-3752.42
		24150		240.96		0.337757		253.318		-4005.74		-3752.42
		24200		241.459		0.32516		243.87		-3996.29		-3752.42
		24250		241.958		0.330609		247.957		-4000.38		-3752.42
		24300		242.457		0.345388		259.041		-4011.47		-3752.42
		24350		242.956		0.346197		259.648		-4012.07		-3752.42
		24400		243.455		0.34091		255.682		-4008.11		-3752.42
		24450		243.954		0.343656		257.742		-4010.17		-3752.42
		24500		244.453		0.351057		263.293		-4015.72		-3752.42
		24550		244.951		0.348584		261.438		-4013.86		-3752.42
		24600		245.45		0.33515		251.362		-4003.79		-3752.42
		24650		245.949		0.328365		246.274		-3998.7		-3752.42
		24700		246.448		0.336584		252.438		-4004.86		-3752.42
		24750		246.947		0.349489		262.116		-4014.54		-3752.42
		24800		247.446		0.355557		266.668		-4019.09		-3752.42
		24850		247.945		0.359135		269.351		-4021.78		-3752.42
		24900		248.444		0.358888		269.166		-4021.59		-3752.42
		24950		248.942		0.351861		263.896		-4016.32		-3752.42
		25000		249.441		0.347834		260.875		-4013.3		-3752.42
		25050		249.94		0.342983		257.237		-4009.66		-3752.42
		25100		250.439		0.34138		256.035		-4008.46		-3752.42
		25150		250.938		0.342384		256.788		-4009.21		-3752.42
		25200		251.437		0.33452		250.89		-4003.31		-3752.42
		25250		251.936		0.328594		246.446		-3998.87		-3752.42
		25300		252.435		0.343118		257.338		-4009.76		-3752.42
		25350		252.934		0.353487		265.115		-4017.54		-3752.42
		25400		253.432		0.344258		258.194		-4010.62		-3752.42
		25450		253.931		0.336898		252.674		-4005.1		-3752.42
		25500		254.43		0.337643		253.232		-4005.66		-3752.42
		25550		254.929		0.339662		254.746		-4007.17		-3752.42
		25600		255.428		0.341685		256.264		-4008.69		-3752.42
		25650		255.927		0.343449		257.587		-4010.01		-3752.42
		25700		256.426		0.349022		261.767		-4014.19		-3752.42
		25750		256.925		0.35828		268.71		-4021.13		-3752.42
		25800		257.423		0.358989		269.242		-4021.67		-3752.42
		25850		257.922		0.344536		258.402		-4010.83		-3752.42
		25900		258.421		0.338227		253.67		-4006.09		-3752.42
		25950		258.92		0.340942		255.706		-4008.13		-3752.42
		26000		259.419		0.333141		249.856		-4002.28		-3752.42
		26050		259.918		0.322119		241.589		-3994.01		-3752.42
		26100		260.417		0.327593		245.695		-3998.12		-3752.42
		26150		260.916		0.342619		256.964		-4009.39		-3752.42
		26200		261.415		0.354524		265.893		-4018.32		-3752.42
		26250		261.913		0.360264		270.198		-4022.62		-3752.42
		26300		262.412		0.360183		270.137		-4022.56		-3752.42
		26350		262.911		0.359107		269.33		-4021.75		-3752.42
		26400		263.41		0.360747		270.56		-4022.98		-3752.42
		26450		263.909		0.354059		265.544		-4017.97		-3752.42
		26500		264.408		0.338871		254.153		-4006.58		-3752.42
		26550		264.907		0.323339		242.504		-3994.93		-3752.42
		26600		265.406		0.322377		241.782		-3994.21		-3752.42
		26650		265.904		0.335084		251.313		-4003.74		-3752.42
		26700		266.403		0.343229		257.422		-4009.85		-3752.42
		26750		266.902		0.340035		255.026		-4007.45		-3752.42
		26800		267.401		0.334374		250.781		-4003.2		-3752.42
		26850		267.9		0.339194		254.395		-4006.82		-3752.42
		26900		268.399		0.348643		261.482		-4013.91		-3752.42
		26950		268.898		0.350438		262.829		-4015.25		-3752.42
		27000		269.397		0.346504		259.878		-4012.3		-3752.42
		27050		269.896		0.345684		259.263		-4011.69		-3752.42
		27100		270.394		0.351417		263.563		-4015.99		-3752.42
		27150		270.893		0.355357		266.518		-4018.94		-3752.42
		27200		271.392		0.342727		257.045		-4009.47		-3752.42
		27250		271.891		0.330553		247.915		-4000.34		-3752.42
		27300		272.39		0.341868		256.401		-4008.82		-3752.42
		27350		272.889		0.36099		270.742		-4023.17		-3752.42
		27400		273.388		0.355653		266.74		-4019.16		-3752.42
		27450		273.887		0.330901		248.176		-4000.6		-3752.42
		27500		274.385		0.321538		241.153		-3993.58		-3752.42
		27550		274.884		0.33029		247.718		-4000.14		-3752.42
		27600		275.383		0.34629		259.718		-4012.14		-3752.42
		27650		275.882		0.359437		269.578		-4022		-3752.42
		27700		276.381		0.358136		268.602		-4021.03		-3752.42
		27750		276.88		0.347793		260.844		-4013.27		-3752.42
		27800		277.379		0.342705		257.028		-4009.45		-3752.42
		27850		277.878		0.344077		258.058		-4010.48		-3752.42
		27900		278.377		0.337185		252.889		-4005.31		-3752.42
		27950		278.875		0.326397		244.797		-3997.22		-3752.42
		28000		279.374		0.329229		246.922		-3999.35		-3752.42
		28050		279.873		0.346044		259.533		-4011.96		-3752.42
		28100		280.372		0.359343		269.507		-4021.93		-3752.42
		28150		280.871		0.354134		265.6		-4018.02		-3752.42
		28200		281.37		0.340719		255.539		-4007.96		-3752.42
		28250		281.869		0.337197		252.897		-4005.32		-3752.42
		28300		282.368		0.347787		260.841		-4013.26		-3752.42
		28350		282.866		0.352207		264.155		-4016.58		-3752.42
		28400		283.365		0.344166		258.124		-4010.55		-3752.42
		28450		283.864		0.340307		255.23		-4007.65		-3752.42
		28500		284.363		0.346549		259.912		-4012.34		-3752.42
		28550		284.862		0.354413		265.81		-4018.23		-3752.42
		28600		285.361		0.349552		262.164		-4014.59		-3752.42
		28650		285.86		0.335547		251.66		-4004.08		-3752.42
		28700		286.359		0.335449		251.587		-4004.01		-3752.42
		28750		286.858		0.349964		262.473		-4014.9		-3752.42
		28800		287.356		0.352878		264.658		-4017.08		-3752.42
		28850		287.855		0.33836		253.77		-4006.19		-3752.42
		28900		288.354		0.331685		248.764		-4001.19		-3752.42
		28950		288.853		0.3449		258.675		-4011.1		-3752.42
		29000		289.352		0.351882		263.911		-4016.34		-3752.42
		29050		289.851		0.34507		258.802		-4011.23		-3752.42
		29100		290.35		0.343134		257.351		-4009.77		-3752.42
		29150		290.849		0.352268		264.201		-4016.63		-3752.42
		29200		291.347		0.34753		260.647		-4013.07		-3752.42
		29250		291.846		0.329448		247.086		-3999.51		-3752.42
		29300		292.345		0.322846		242.135		-3994.56		-3752.42
		29350		292.844		0.333331		249.998		-4002.42		-3752.42
		29400		293.343		0.346118		259.588		-4012.01		-3752.42
		29450		293.842		0.356031		267.023		-4019.45		-3752.42
		29500		294.341		0.358101		268.576		-4021		-3752.42
		29550		294.84		0.351171		263.379		-4015.8		-3752.42
		29600		295.339		0.343547		257.66		-4010.08		-3752.42
		29650		295.837		0.345315		258.987		-4011.41		-3752.42
		29700		296.336		0.347258		260.444		-4012.87		-3752.42
		29750		296.835		0.338438		253.829		-4006.25		-3752.42
		29800		297.334		0.327051		245.288		-3997.71		-3752.42
		29850		297.833		0.327645		245.734		-3998.16		-3752.42
		29900		298.332		0.345167		258.875		-4011.3		-3752.42
		29950		298.831		0.362209		271.656		-4024.08		-3752.42
		30000		299.33		0.361406		271.054		-4023.48		-3752.42
		30050		299.828		0.342578		256.933		-4009.36		-3752.42
		30100		300.327		0.328212		246.159		-3998.58		-3752.42
		30150		300.826		0.337624		253.218		-4005.64		-3752.42
		30200		301.325		0.345931		259.448		-4011.87		-3752.42
		30250		301.824		0.33635		252.262		-4004.69		-3752.42
		30300		302.323		0.329336		247.002		-3999.43		-3752.42
		30350		302.822		0.33742		253.065		-4005.49		-3752.42
		30400		303.321		0.34839		261.292		-4013.72		-3752.42
		30450		303.82		0.351877		263.908		-4016.33		-3752.42
		30500		304.318		0.348769		261.577		-4014		-3752.42
		30550		304.817		0.350393		262.795		-4015.22		-3752.42
		30600		305.316		0.352991		264.743		-4017.17		-3752.42
		30650		305.815		0.351868		263.901		-4016.33		-3752.42
		30700		306.314		0.339961		254.971		-4007.39		-3752.42
		30750		306.813		0.33285		249.637		-4002.06		-3752.42
		30800		307.312		0.343855		257.891		-4010.31		-3752.42
		30850		307.811		0.349904		262.428		-4014.85		-3752.42
		30900		308.309		0.33756		253.17		-4005.59		-3752.42
		30950		308.808		0.326055		244.541		-3996.96		-3752.42
		31000		309.307		0.335276		251.457		-4003.88		-3752.42
		31050		309.806		0.350842		263.132		-4015.56		-3752.42
		31100		310.305		0.355617		266.713		-4019.14		-3752.42
		31150		310.804		0.352398		264.298		-4016.72		-3752.42
		31200		311.303		0.340615		255.461		-4007.88		-3752.42
		31250		311.802		0.334669		251.002		-4003.43		-3752.42
		31300		312.301		0.345589		259.191		-4011.62		-3752.42
		31350		312.799		0.359799		269.85		-4022.27		-3752.42
		31400		313.298		0.356122		267.092		-4019.52		-3752.42
		31450		313.797		0.340297		255.223		-4007.65		-3752.42
		31500		314.296		0.333613		250.21		-4002.63		-3752.42
		31550		314.795		0.338437		253.827		-4006.25		-3752.42
		31600		315.294		0.339138		254.353		-4006.78		-3752.42
		31650		315.793		0.342255		256.691		-4009.11		-3752.42
		31700		316.292		0.351465		263.599		-4016.02		-3752.42
		31750		316.791		0.347508		260.631		-4013.05		-3752.42
		31800		317.289		0.331562		248.672		-4001.09		-3752.42
		31850		317.788		0.327334		245.5		-3997.92		-3752.42
		31900		318.287		0.34409		258.067		-4010.49		-3752.42
		31950		318.786		0.361361		271.021		-4023.44		-3752.42
		32000		319.285		0.360242		270.181		-4022.6		-3752.42
		32050		319.784		0.34939		262.043		-4014.47		-3752.42
		32100		320.283		0.345611		259.208		-4011.63		-3752.42
		32150		320.782		0.345156		258.867		-4011.29		-3752.42
		32200		321.28		0.340769		255.577		-4008		-3752.42
		32250		321.779		0.335605		251.704		-4004.13		-3752.42
		32300		322.278		0.331922		248.942		-4001.37		-3752.42
		32350		322.777		0.336351		252.263		-4004.69		-3752.42
		32400		323.276		0.347844		260.883		-4013.31		-3752.42
		32450		323.775		0.349723		262.293		-4014.72		-3752.42
		32500		324.274		0.34338		257.535		-4009.96		-3752.42
		32550		324.773		0.341667		256.25		-4008.67		-3752.42
		32600		325.272		0.341145		255.859		-4008.28		-3752.42
		32650		325.77		0.340973		255.73		-4008.15		-3752.42
		32700		326.269		0.34196		256.47		-4008.89		-3752.42
		32750		326.768		0.346035		259.526		-4011.95		-3752.42
		32800		327.267		0.354283		265.712		-4018.14		-3752.42
		32850		327.766		0.360083		270.062		-4022.49		-3752.42
		32900		328.265		0.353182		264.887		-4017.31		-3752.42
		32950		328.764		0.33772		253.29		-4005.71		-3752.42
		33000		329.263		0.332319		249.239		-4001.66		-3752.42
		33050		329.761		0.342046		256.535		-4008.96		-3752.42
		33100		330.26		0.356031		267.023		-4019.45		-3752.42
		33150		330.759		0.354586		265.94		-4018.36		-3752.42
		33200		331.258		0.346519		259.89		-4012.31		-3752.42
		33250		331.757		0.345718		259.289		-4011.71		-3752.42
		33300		332.256		0.340426		255.319		-4007.74		-3752.42
		33350		332.755		0.324415		243.311		-3995.73		-3752.42
		33400		333.254		0.32267		242.003		-3994.43		-3752.42
		33450		333.753		0.339726		254.795		-4007.22		-3752.42
		33500		334.251		0.351065		263.299		-4015.72		-3752.42
		33550		334.75		0.349317		261.988		-4014.41		-3752.42
		33600		335.249		0.353014		264.761		-4017.18		-3752.42
		33650		335.748		0.354391		265.793		-4018.22		-3752.42
		33700		336.247		0.343355		257.516		-4009.94		-3752.42
		33750		336.746		0.334965		251.224		-4003.65		-3752.42
		33800		337.245		0.334313		250.735		-4003.16		-3752.42
		33850		337.744		0.339531		254.649		-4007.07		-3752.42
		33900		338.242		0.34393		257.947		-4010.37		-3752.42
		33950		338.741		0.343654		257.741		-4010.16		-3752.42
		34000		339.24		0.34501		258.758		-4011.18		-3752.42
		34050		339.739		0.348838		261.629		-4014.05		-3752.42
		34100		340.238		0.350186		262.64		-4015.06		-3752.42
		34150		340.737		0.349896		262.422		-4014.85		-3752.42
		34200		341.236		0.35177		263.828		-4016.25		-3752.42
		34250		341.735		0.350122		262.591		-4015.02		-3752.42
		34300		342.234		0.343374		257.531		-4009.95		-3752.42
		34350		342.732		0.338513		253.885		-4006.31		-3752.42
		34400		343.231		0.336069		252.051		-4004.47		-3752.42
		34450		343.73		0.334369		250.777		-4003.2		-3752.42
		34500		344.229		0.338354		253.766		-4006.19		-3752.42
		34550		344.728		0.350105		262.578		-4015		-3752.42
		34600		345.227		0.358311		268.733		-4021.16		-3752.42
		34650		345.726		0.349084		261.813		-4014.24		-3752.42
		34700		346.225		0.331004		248.253		-4000.68		-3752.42
		34750		346.723		0.325797		244.348		-3996.77		-3752.42
		34800		347.222		0.338711		254.033		-4006.46		-3752.42
		34850		347.721		0.354065		265.549		-4017.97		-3752.42
		34900		348.22		0.357857		268.393		-4020.82		-3752.42
		34950		348.719		0.349941		262.456		-4014.88		-3752.42
		35000		349.218		0.336577		252.433		-4004.86		-3752.42
		35050		349.717		0.333945		250.458		-4002.88		-3752.42
		35100		350.216		0.344489		258.367		-4010.79		-3752.42
		35150		350.715		0.35554		266.655		-4019.08		-3752.42
		35200		351.213		0.354148		265.611		-4018.04		-3752.42
		35250		351.712		0.342723		257.042		-4009.47		-3752.42
		35300		352.211		0.333509		250.131		-4002.55		-3752.42
		35350		352.71		0.330025		247.519		-3999.94		-3752.42
		35400		353.209		0.333221		249.916		-4002.34		-3752.42
		35450		353.708		0.343125		257.344		-4009.77		-3752.42
		35500		354.207		0.354153		265.614		-4018.04		-3752.42
		35550		354.706		0.35847		268.853		-4021.28		-3752.42
		35600		355.204		0.354095		265.571		-4017.99		-3752.42
		35650		355.703		0.344018		258.014		-4010.44		-3752.42
		35700		356.202		0.335741		251.806		-4004.23		-3752.42
		35750		356.701		0.330988		248.241		-4000.66		-3752.42
		35800		357.2		0.337111		252.834		-4005.26		-3752.42
		35850		357.699		0.349448		262.086		-4014.51		-3752.42
		35900		358.198		0.361431		271.073		-4023.5		-3752.42
		35950		358.697		0.358957		269.217		-4021.64		-3752.42
		36000		359.196		0.343035		257.276		-4009.7		-3752.42
		36050		359.694		0.33342		250.065		-4002.49		-3752.42
		36100		360.193		0.333282		249.961		-4002.39		-3752.42
		36150		360.692		0.3353		251.475		-4003.9		-3752.42
		36200		361.191		0.337622		253.217		-4005.64		-3752.42
		36250		361.69		0.34449		258.368		-4010.79		-3752.42
		36300		362.189		0.345248		258.936		-4011.36		-3752.42
		36350		362.688		0.344236		258.177		-4010.6		-3752.42
		36400		363.187		0.350009		262.507		-4014.93		-3752.42
		36450		363.685		0.354089		265.567		-4017.99		-3752.42
		36500		364.184		0.349369		262.027		-4014.45		-3752.42
		36550		364.683		0.342331		256.748		-4009.17		-3752.42
		36600		365.182		0.338752		254.064		-4006.49		-3752.42
		36650		365.681		0.335458		251.593		-4004.02		-3752.42
		36700		366.18		0.339782		254.836		-4007.26		-3752.42
		36750		366.679		0.350571		262.928		-4015.35		-3752.42
		36800		367.178		0.34939		262.043		-4014.47		-3752.42
		36850		367.677		0.342708		257.031		-4009.45		-3752.42
		36900		368.175		0.346244		259.683		-4012.11		-3752.42
		36950		368.674		0.347951		260.963		-4013.39		-3752.42
		37000		369.173		0.342441		256.831		-4009.25		-3752.42
		37050		369.672		0.341487		256.115		-4008.54		-3752.42
		37100		370.171		0.345206		258.905		-4011.33		-3752.42
		37150		370.67		0.340792		255.594		-4008.02		-3752.42
		37200		371.169		0.333584		250.188		-4002.61		-3752.42
		37250		371.668		0.33917		254.377		-4006.8		-3752.42
		37300		372.166		0.348661		261.496		-4013.92		-3752.42
		37350		372.665		0.349737		262.303		-4014.73		-3752.42
		37400		373.164		0.345183		258.887		-4011.31		-3752.42
		37450		373.663		0.338056		253.542		-4005.97		-3752.42
		37500		374.162		0.339585		254.689		-4007.11		-3752.42
		37550		374.661		0.346856		260.142		-4012.57		-3752.42
		37600		375.16		0.34983		262.372		-4014.8		-3752.42
		37650		375.659		0.354213		265.659		-4018.08		-3752.42
		37700		376.158		0.353717		265.288		-4017.71		-3752.42
		37750		376.656		0.341516		256.137		-4008.56		-3752.42
		37800		377.155		0.334238		250.679		-4003.1		-3752.42
		37850		377.654		0.337388		253.041		-4005.46		-3752.42
		37900		378.153		0.344056		258.042		-4010.47		-3752.42
		37950		378.652		0.348264		261.198		-4013.62		-3752.42
		38000		379.151		0.34618		259.635		-4012.06		-3752.42
		38050		379.65		0.34194		256.455		-4008.88		-3752.42
		38100		380.149		0.337159		252.87		-4005.29		-3752.42
		38150		380.647		0.333861		250.396		-4002.82		-3752.42
		38200		381.146		0.337755		253.316		-4005.74		-3752.42
		38250		381.645		0.349723		262.293		-4014.72		-3752.42
		38300		382.144		0.35676		267.57		-4019.99		-3752.42
		38350		382.643		0.352269		264.202		-4016.63		-3752.42
		38400		383.142		0.34715		260.363		-4012.79		-3752.42
		38450		383.641		0.341417		256.063		-4008.49		-3752.42
		38500		384.14		0.34288		257.16		-4009.58		-3752.42
		38550		384.639		0.35109		263.318		-4015.74		-3752.42
		38600		385.137		0.351065		263.299		-4015.72		-3752.42
		38650		385.636		0.336058		252.044		-4004.47		-3752.42
		38700		386.135		0.321781		241.336		-3993.76		-3752.42
		38750		386.634		0.32119		240.893		-3993.32		-3752.42
		38800		387.133		0.336655		252.491		-4004.91		-3752.42
		38850		387.632		0.359591		269.693		-4022.12		-3752.42
		38900		388.131		0.367178		275.384		-4027.81		-3752.42
		38950		388.63		0.353631		265.223		-4017.65		-3752.42
		39000		389.128		0.334508		250.881		-4003.3		-3752.42
		39050		389.627		0.334194		250.646		-4003.07		-3752.42
		39100		390.126		0.349258		261.944		-4014.37		-3752.42
		39150		390.625		0.348361		261.271		-4013.7		-3752.42
		39200		391.124		0.330359		247.77		-4000.19		-3752.42
		39250		391.623		0.323212		242.409		-3994.83		-3752.42
		39300		392.122		0.335271		251.453		-4003.88		-3752.42
		39350		392.621		0.354667		266.001		-4018.42		-3752.42
		39400		393.12		0.363716		272.787		-4025.21		-3752.42
		39450		393.618		0.355876		266.907		-4019.33		-3752.42
		39500		394.117		0.3489		261.675		-4014.1		-3752.42
		39550		394.616		0.348042		261.031		-4013.46		-3752.42
		39600		395.115		0.347095		260.321		-4012.75		-3752.42
		39650		395.614		0.340049		255.037		-4007.46		-3752.42
		39700		396.113		0.328592		246.444		-3998.87		-3752.42
		39750		396.612		0.324606		243.455		-3995.88		-3752.42
		39800		397.111		0.332183		249.138		-4001.56		-3752.42
		39850		397.609		0.347748		260.811		-4013.23		-3752.42
		39900		398.108		0.360328		270.246		-4022.67		-3752.42
		39950		398.607		0.358773		269.08		-4021.5		-3752.42
		40000		399.106		0.344881		258.661		-4011.08		-3752.42
		40050		399.605		0.336678		252.509		-4004.93		-3752.42
		40100		400.104		0.339724		254.793		-4007.22		-3752.42
		40150		400.603		0.336637		252.478		-4004.9		-3752.42
		40200		401.102		0.33376		250.32		-4002.74		-3752.42
		40250		401.601		0.342181		256.636		-4009.06		-3752.42
		40300		402.099		0.348449		261.337		-4013.76		-3752.42
		40350		402.598		0.346472		259.854		-4012.28		-3752.42
		40400		403.097		0.348691		261.518		-4013.94		-3752.42
		40450		403.596		0.355232		266.424		-4018.85		-3752.42
		40500		404.095		0.352989		264.742		-4017.17		-3752.42
		40550		404.594		0.342345		256.759		-4009.18		-3752.42
		40600		405.093		0.332777		249.583		-4002.01		-3752.42
		40650		405.592		0.330278		247.709		-4000.13		-3752.42
		40700		406.09		0.335218		251.414		-4003.84		-3752.42
		40750		406.589		0.339917		254.938		-4007.36		-3752.42
		40800		407.088		0.343136		257.352		-4009.78		-3752.42
		40850		407.587		0.346226		259.669		-4012.09		-3752.42
		40900		408.086		0.344641		258.481		-4010.9		-3752.42
		40950		408.585		0.348346		261.259		-4013.68		-3752.42
		41000		409.084		0.353938		265.453		-4017.88		-3752.42
		41050		409.583		0.350786		263.089		-4015.51		-3752.42
		41100		410.082		0.339322		254.492		-4006.92		-3752.42
		41150		410.58		0.330075		247.556		-3999.98		-3752.42
		41200		411.079		0.334384		250.788		-4003.21		-3752.42
		41250		411.578		0.345627		259.22		-4011.64		-3752.42
		41300		412.077		0.350266		262.7		-4015.12		-3752.42
		41350		412.576		0.346379		259.784		-4012.21		-3752.42
		41400		413.075		0.34093		255.698		-4008.12		-3752.42
		41450		413.574		0.340967		255.725		-4008.15		-3752.42
		41500		414.073		0.347422		260.567		-4012.99		-3752.42
		41550		414.572		0.350278		262.708		-4015.13		-3752.42
		41600		415.07		0.346155		259.616		-4012.04		-3752.42
		41650		415.569		0.346548		259.911		-4012.33		-3752.42
		41700		416.068		0.34167		256.253		-4008.68		-3752.42
		41750		416.567		0.334027		250.52		-4002.94		-3752.42
		41800		417.066		0.338048		253.536		-4005.96		-3752.42
		41850		417.565		0.347785		260.839		-4013.26		-3752.42
		41900		418.064		0.35324		264.93		-4017.35		-3752.42
		41950		418.563		0.355187		266.39		-4018.81		-3752.42
		42000		419.061		0.34513		258.848		-4011.27		-3752.42
		42050		419.56		0.333285		249.964		-4002.39		-3752.42
		42100		420.059		0.335935		251.951		-4004.37		-3752.42
		42150		420.558		0.346269		259.702		-4012.13		-3752.42
		42200		421.057		0.347979		260.985		-4013.41		-3752.42
		42250		421.556		0.335904		251.928		-4004.35		-3752.42
		42300		422.055		0.334665		250.999		-4003.42		-3752.42
		42350		422.554		0.350356		262.767		-4015.19		-3752.42
		42400		423.053		0.354343		265.757		-4018.18		-3752.42
		42450		423.551		0.34425		258.188		-4010.61		-3752.42
		42500		424.05		0.343558		257.669		-4010.09		-3752.42
		42550		424.549		0.347177		260.383		-4012.81		-3752.42
		42600		425.048		0.340759		255.569		-4007.99		-3752.42
		42650		425.547		0.33434		250.755		-4003.18		-3752.42
		42700		426.046		0.342151		256.613		-4009.04		-3752.42
		42750		426.545		0.351371		263.528		-4015.95		-3752.42
		42800		427.044		0.348165		261.123		-4013.55		-3752.42
		42850		427.542		0.341391		256.043		-4008.47		-3752.42
		42900		428.041		0.343007		257.255		-4009.68		-3752.42
		42950		428.54		0.346564		259.923		-4012.35		-3752.42
		43000		429.039		0.347846		260.884		-4013.31		-3752.42
		43050		429.538		0.347432		260.574		-4013		-3752.42
		43100		430.037		0.353265		264.948		-4017.37		-3752.42
		43150		430.536		0.358684		269.013		-4021.44		-3752.42
		43200		431.035		0.345291		258.968		-4011.39		-3752.42
		43250		431.534		0.321728		241.296		-3993.72		-3752.42
		43300		432.032		0.323214		242.411		-3994.83		-3752.42
		43350		432.531		0.345296		258.972		-4011.4		-3752.42
		43400		433.03		0.353441		265.081		-4017.5		-3752.42
		43450		433.529		0.346725		260.044		-4012.47		-3752.42
		43500		434.028		0.343055		257.291		-4009.71		-3752.42
		43550		434.527		0.34845		261.338		-4013.76		-3752.42
		43600		435.026		0.349386		262.039		-4014.46		-3752.42
		43650		435.525		0.341414		256.061		-4008.48		-3752.42
		43700		436.023		0.333369		250.027		-4002.45		-3752.42
		43750		436.522		0.339667		254.75		-4007.17		-3752.42
		43800		437.021		0.350821		263.116		-4015.54		-3752.42
		43850		437.52		0.350646		262.985		-4015.41		-3752.42
		43900		438.019		0.342117		256.588		-4009.01		-3752.42
		43950		438.518		0.340261		255.196		-4007.62		-3752.42
		44000		439.017		0.345842		259.382		-4011.81		-3752.42
		44050		439.516		0.347671		260.753		-4013.18		-3752.42
		44100		440.015		0.343098		257.324		-4009.75		-3752.42
		44150		440.513		0.339551		254.663		-4007.09		-3752.42
		44200		441.012		0.339337		254.503		-4006.93		-3752.42
		44250		441.511		0.344807		258.605		-4011.03		-3752.42
		44300		442.01		0.348997		261.748		-4014.17		-3752.42
		44350		442.509		0.344782		258.586		-4011.01		-3752.42
		44400		443.008		0.339814		254.861		-4007.28		-3752.42
		44450		443.507		0.336299		252.225		-4004.65		-3752.42
		44500		444.006		0.339252		254.439		-4006.86		-3752.42
		44550		444.504		0.350071		262.553		-4014.98		-3752.42
		44600		445.003		0.357875		268.406		-4020.83		-3752.42
		44650		445.502		0.3557		266.775		-4019.2		-3752.42
		44700		446.001		0.340923		255.692		-4008.12		-3752.42
		44750		446.5		0.328028		246.021		-3998.44		-3752.42
		44800		446.999		0.335781		251.836		-4004.26		-3752.42
		44850		447.498		0.345875		259.406		-4011.83		-3752.42
		44900		447.997		0.343027		257.27		-4009.69		-3752.42
		44950		448.496		0.335768		251.826		-4004.25		-3752.42
		45000		448.994		0.33701		252.758		-4005.18		-3752.42
		45050		449.493		0.345151		258.863		-4011.29		-3752.42
		45100		449.992		0.352018		264.014		-4016.44		-3752.42
		45150		450.491		0.349171		261.878		-4014.3		-3752.42
		45200		450.99		0.339961		254.971		-4007.39		-3752.42
		45250		451.489		0.33808		253.56		-4005.98		-3752.42
		45300		451.988		0.342663		256.997		-4009.42		-3752.42
		45350		452.487		0.344619		258.464		-4010.89		-3752.42
		45400		452.985		0.34342		257.565		-4009.99		-3752.42
		45450		453.484		0.344269		258.201		-4010.62		-3752.42
		45500		453.983		0.344356		258.267		-4010.69		-3752.42
		45550		454.482		0.340942		255.707		-4008.13		-3752.42
		45600		454.981		0.343135		257.351		-4009.77		-3752.42
		45650		455.48		0.349373		262.03		-4014.45		-3752.42
		45700		455.979		0.344931		258.699		-4011.12		-3752.42
		45750		456.478		0.332559		249.419		-4001.84		-3752.42
		45800		456.977		0.327667		245.75		-3998.17		-3752.42
		45850		457.475		0.341982		256.486		-4008.91		-3752.42
		45900		457.974		0.356812		267.609		-4020.03		-3752.42
		45950		458.473		0.362035		271.526		-4023.95		-3752.42
		46000		458.972		0.354411		265.808		-4018.23		-3752.42
		46050		459.471		0.338519		253.889		-4006.31		-3752.42
		46100		459.97		0.332818		249.614		-4002.04		-3752.42
		46150		460.469		0.344791		258.593		-4011.02		-3752.42
		46200		460.968		0.355838		266.879		-4019.3		-3752.42
		46250		461.466		0.353044		264.783		-4017.21		-3752.42
		46300		461.965		0.342402		256.801		-4009.22		-3752.42
		46350		462.464		0.337806		253.355		-4005.78		-3752.42
		46400		462.963		0.339917		254.938		-4007.36		-3752.42
		46450		463.462		0.337708		253.281		-4005.7		-3752.42
		46500		463.961		0.332752		249.564		-4001.99		-3752.42
		46550		464.46		0.333901		250.426		-4002.85		-3752.42
		46600		464.959		0.342623		256.967		-4009.39		-3752.42
		46650		465.458		0.348615		261.462		-4013.89		-3752.42
		46700		465.956		0.348473		261.355		-4013.78		-3752.42
		46750		466.455		0.345514		259.136		-4011.56		-3752.42
		46800		466.954		0.343019		257.264		-4009.69		-3752.42
		46850		467.453		0.346394		259.796		-4012.22		-3752.42
		46900		467.952		0.349802		262.352		-4014.78		-3752.42
		46950		468.451		0.346122		259.591		-4012.02		-3752.42
		47000		468.95		0.341751		256.313		-4008.74		-3752.42
		47050		469.449		0.336392		252.294		-4004.72		-3752.42
		47100		469.947		0.337265		252.949		-4005.37		-3752.42
		47150		470.446		0.344807		258.605		-4011.03		-3752.42
		47200		470.945		0.344321		258.241		-4010.66		-3752.42
		47250		471.444		0.343021		257.266		-4009.69		-3752.42
		47300		471.943		0.348184		261.138		-4013.56		-3752.42
		47350		472.442		0.344182		258.136		-4010.56		-3752.42
		47400		472.941		0.339666		254.75		-4007.17		-3752.42
		47450		473.44		0.344023		258.017		-4010.44		-3752.42
		47500		473.939		0.346159		259.619		-4012.04		-3752.42
		47550		474.437		0.340803		255.602		-4008.03		-3752.42
		47600		474.936		0.33248		249.36		-4001.78		-3752.42
		47650		475.435		0.333949		250.461		-4002.88		-3752.42
		47700		475.934		0.346491		259.868		-4012.29		-3752.42
		47750		476.433		0.359264		269.448		-4021.87		-3752.42
		47800		476.932		0.362597		271.948		-4024.37		-3752.42
		47850		477.431		0.352036		264.027		-4016.45		-3752.42
		47900		477.93		0.340837		255.628		-4008.05		-3752.42
		47950		478.428		0.33786		253.395		-4005.82		-3752.42
		48000		478.927		0.337501		253.126		-4005.55		-3752.42
		48050		479.426		0.339239		254.429		-4006.85		-3752.42
		48100		479.925		0.342034		256.526		-4008.95		-3752.42
		48150		480.424		0.340403		255.302		-4007.73		-3752.42
		48200		480.923		0.342452		256.839		-4009.26		-3752.42
		48250		481.422		0.353105		264.828		-4017.25		-3752.42
		48300		481.921		0.353904		265.428		-4017.85		-3752.42
		48350		482.42		0.339139		254.355		-4006.78		-3752.42
		48400		482.918		0.331741		248.805		-4001.23		-3752.42
		48450		483.417		0.342331		256.748		-4009.17		-3752.42
		48500		483.916		0.347612		260.709		-4013.13		-3752.42
		48550		484.415		0.337373		253.03		-4005.45		-3752.42
		48600		484.914		0.337457		253.093		-4005.52		-3752.42
		48650		485.413		0.349512		262.134		-4014.56		-3752.42
		48700		485.912		0.348456		261.342		-4013.77		-3752.42
		48750		486.411		0.340041		255.03		-4007.45		-3752.42
		48800		486.909		0.338416		253.812		-4006.24		-3752.42
		48850		487.408		0.344123		258.092		-4010.52		-3752.42
		48900		487.907		0.351631		263.723		-4016.15		-3752.42
		48950		488.406		0.354186		265.64		-4018.06		-3752.42
		49000		488.905		0.349186		261.89		-4014.31		-3752.42
		49050		489.404		0.338814		254.11		-4006.53		-3752.42
		49100		489.903		0.33452		250.89		-4003.31		-3752.42
		49150		490.402		0.339744		254.808		-4007.23		-3752.42
		49200		490.901		0.347179		260.385		-4012.81		-3752.42
		49250		491.399		0.353043		264.782		-4017.21		-3752.42
		49300		491.898		0.347607		260.705		-4013.13		-3752.42
		49350		492.397		0.336641		252.481		-4004.9		-3752.42
		49400		492.896		0.335941		251.956		-4004.38		-3752.42
		49450		493.395		0.345261		258.946		-4011.37		-3752.42
		49500		493.894		0.352474		264.355		-4016.78		-3752.42
		49550		494.393		0.351756		263.817		-4016.24		-3752.42
		49600		494.892		0.345899		259.424		-4011.85		-3752.42
		49650		495.39		0.338363		253.772		-4006.2		-3752.42
		49700		495.889		0.337054		252.79		-4005.21		-3752.42
		49750		496.388		0.340387		255.29		-4007.71		-3752.42
		49800		496.887		0.340289		255.217		-4007.64		-3752.42
		49850		497.386		0.335837		251.878		-4004.3		-3752.42
		49900		497.885		0.336169		252.127		-4004.55		-3752.42
		49950		498.384		0.344038		258.028		-4010.45		-3752.42
