		timesteps		t		Temperature		Kin		Pot		TotalE		MSD
		0		0		6.63119		4973.4		-4257.43		715.967		1.39064e-312
		50		0.498883		4.9184		3688.8		-2972.89		715.909		0.113705
		100		0.997765		2.99009		2242.57		-1526.58		715.993		0.312553
		150		1.49665		3.39724		2547.93		-1831.97		715.965		0.456294
		200		1.99553		3.29852		2473.89		-1757.93		715.966		0.579575
		250		2.49441		3.23572		2426.79		-1710.82		715.972		0.683601
		300		2.9933		3.45591		2591.93		-1875.98		715.953		0.76811
		350		3.49218		3.31638		2487.28		-1771.3		715.98		0.847165
		400		3.99106		3.408		2556		-1840.04		715.961		0.915425
		450		4.48994		3.24481		2433.6		-1717.62		715.984		0.978313
		500		4.98883		3.36722		2525.41		-1809.45		715.969		1.03274
		550		5.48771		3.36431		2523.23		-1807.26		715.973		1.0886
		600		5.98659		3.28644		2464.83		-1748.85		715.978		1.14766
		650		6.48547		3.38474		2538.56		-1822.59		715.962		1.20336
		700		6.98436		3.30107		2475.8		-1759.83		715.97		1.2639
		750		7.48324		3.21104		2408.28		-1692.3		715.975		1.32728
		800		7.98212		3.16843		2376.32		-1660.35		715.972		1.38889
		850		8.48101		3.16921		2376.91		-1660.93		715.973		1.4492
		900		8.97989		3.23516		2426.37		-1710.39		715.975		1.51143
		950		9.47877		3.27734		2458.01		-1742.03		715.982		1.58162
		1000		9.97765		3.36887		2526.65		-1810.69		715.958		1.65916
		1050		10.4765		3.11238		2334.29		-1618.3		715.983		1.74256
		1100		10.9754		3.07815		2308.61		-1592.64		715.971		1.81523
		1150		11.4743		3.12385		2342.89		-1626.92		715.974		1.87723
		1200		11.9732		3.33617		2502.13		-1786.16		715.968		1.93011
		1250		12.4721		3.22662		2419.97		-1703.99		715.972		2.00302
		1300		12.9709		3.18259		2386.95		-1670.97		715.972		2.08424
		1350		13.4698		3.19263		2394.47		-1678.51		715.969		2.15714
		1400		13.9687		3.07949		2309.61		-1593.64		715.978		2.22593
		1450		14.4676		3.16578		2374.33		-1658.37		715.962		2.2971
		1500		14.9665		3.07028		2302.71		-1586.73		715.981		2.37671
		1550		15.4654		3.10828		2331.21		-1615.24		715.968		2.4587
		1600		15.9642		3.14626		2359.69		-1643.72		715.976		2.53736
		1650		16.4631		3.27206		2454.05		-1738.08		715.97		2.61621
		1700		16.962		3.11603		2337.02		-1621.04		715.979		2.70878
		1750		17.4609		3.06904		2301.78		-1585.81		715.977		2.7961
		1800		17.9598		3.13441		2350.81		-1634.84		715.972		2.87648
		1850		18.4587		3.13758		2353.18		-1637.2		715.981		2.96094
		1900		18.9575		3.18524		2388.93		-1672.96		715.977		3.05941
		1950		19.4564		3.13405		2350.54		-1634.56		715.976		3.17013
		2000		19.9553		3.10953		2332.15		-1616.18		715.97		3.27983
		2050		20.4542		3.03394		2275.45		-1559.48		715.97		3.37375
		2100		20.9531		3.01462		2260.96		-1545		715.966		3.44784
		2150		21.452		3.07613		2307.1		-1591.13		715.97		3.50731
		2200		21.9508		2.99769		2248.27		-1532.28		715.982		3.56952
		2250		22.4497		3.11475		2336.06		-1620.09		715.97		3.647
		2300		22.9486		3.17783		2383.37		-1667.39		715.975		3.74779
		2350		23.4475		3.12696		2345.22		-1629.24		715.974		3.87912
		2400		23.9464		3.06826		2301.19		-1585.21		715.981		4.02673
		2450		24.4453		3.0834		2312.55		-1596.57		715.974		4.17332
		2500		24.9441		3.05581		2291.86		-1575.88		715.979		4.31313
		2550		25.443		3.08679		2315.09		-1599.12		715.975		4.44606
		2600		25.9419		3.04603		2284.52		-1568.54		715.981		4.56315
		2650		26.4408		3.16591		2374.44		-1658.47		715.969		4.65666
		2700		26.9397		3.05901		2294.26		-1578.29		715.97		4.73226
		2750		27.4385		2.95356		2215.17		-1499.18		715.987		4.79404
		2800		27.9374		3.17762		2383.21		-1667.25		715.967		4.85445
		2850		28.4363		3.0515		2288.63		-1572.64		715.983		4.92641
		2900		28.9352		3.08883		2316.63		-1600.66		715.968		5.00053
		2950		29.4341		3.08738		2315.53		-1599.56		715.973		5.08382
		3000		29.933		3.17017		2377.63		-1661.65		715.976		5.16039
		3050		30.4318		3.1997		2399.78		-1683.8		715.974		5.2261
		3100		30.9307		3.21102		2408.26		-1692.29		715.974		5.30634
		3150		31.4296		3.12398		2342.99		-1627.01		715.978		5.41522
		3200		31.9285		3.02344		2267.58		-1551.61		715.973		5.54665
		3250		32.4274		2.95321		2214.91		-1498.93		715.982		5.69702
		3300		32.9263		3.03413		2275.6		-1559.62		715.979		5.8594
		3350		33.4251		3.13596		2351.97		-1636		715.964		6.02064
		3400		33.924		3.1119		2333.93		-1617.96		715.965		6.16194
		3450		34.4229		3.05765		2293.24		-1577.25		715.983		6.276
		3500		34.9218		3.1693		2376.97		-1661		715.971		6.37149
		3550		35.4207		3.0778		2308.35		-1592.36		715.989		6.47919
		3600		35.9196		3.15013		2362.59		-1646.62		715.971		6.60403
		3650		36.4184		3.08721		2315.41		-1599.43		715.978		6.73139
		3700		36.9173		3.11464		2335.98		-1620.01		715.972		6.86352
		3750		37.4162		3.16925		2376.94		-1660.97		715.97		6.99512
		3800		37.9151		3.14303		2357.28		-1641.3		715.978		7.12605
		3850		38.414		3.08915		2316.86		-1600.88		715.977		7.24365
		3900		38.9128		3.08461		2313.46		-1597.49		715.971		7.33842
		3950		39.4117		3.07165		2303.74		-1587.75		715.987		7.42218
		4000		39.9106		3.27479		2456.09		-1740.13		715.967		7.52501
		4050		40.4095		3.10191		2326.44		-1610.46		715.978		7.64491
		4100		40.9084		3.04094		2280.7		-1564.74		715.968		7.75351
		4150		41.4073		3.09626		2322.19		-1606.23		715.961		7.86625
		4200		41.9061		3.02573		2269.29		-1553.31		715.982		7.97951
		4250		42.405		3.15176		2363.82		-1647.86		715.966		8.08008
		4300		42.9039		3.14302		2357.27		-1641.29		715.982		8.18863
		4350		43.4028		3.20649		2404.87		-1688.91		715.964		8.30434
		4400		43.9017		3.07583		2306.88		-1590.9		715.977		8.40342
		4450		44.4006		3.14918		2361.89		-1645.92		715.969		8.48396
		4500		44.8994		3.09242		2319.32		-1603.35		715.97		8.57209
		4550		45.3983		3.05774		2293.3		-1577.33		715.975		8.67866
		4600		45.8972		3.09985		2324.88		-1608.91		715.969		8.78443
		4650		46.3961		3.05958		2294.68		-1578.71		715.971		8.87596
		4700		46.895		3.00651		2254.88		-1538.9		715.985		8.95062
		4750		47.3939		3.14168		2356.26		-1640.29		715.973		9.01914
		4800		47.8927		3.13612		2352.09		-1636.12		715.972		9.12744
		4850		48.3916		3.17529		2381.47		-1665.5		715.965		9.25016
		4900		48.8905		3.00661		2254.96		-1538.98		715.978		9.37384
		4950		49.3894		3.07458		2305.94		-1589.97		715.972		9.49188
		5000		49.8883		3.16501		2373.76		-1657.8		715.959		9.62591
		5050		50.3872		2.98221		2236.66		-1520.67		715.985		9.76592
		5100		50.886		3.12989		2347.42		-1631.45		715.974		9.87912
		5150		51.3849		3.20365		2402.74		-1686.77		715.973		9.99876
		5200		51.8838		3.17733		2383		-1667.02		715.979		10.1341
		5250		52.3827		3.19074		2393.05		-1677.08		715.975		10.2573
		5300		52.8816		3.21005		2407.53		-1691.56		715.977		10.3676
		5350		53.3804		3.21368		2410.26		-1694.28		715.974		10.4739
		5400		53.8793		3.12995		2347.46		-1631.49		715.976		10.608
		5450		54.3782		3.08195		2311.46		-1595.48		715.984		10.7493
		5500		54.8771		3.20209		2401.57		-1685.6		715.97		10.8736
		5550		55.376		3.13091		2348.18		-1632.2		715.979		10.9877
		5600		55.8749		3.14296		2357.22		-1641.25		715.969		11.0889
		5650		56.3737		3.09893		2324.19		-1608.21		715.982		11.2055
		5700		56.8726		3.23885		2429.13		-1713.17		715.968		11.3489
		5750		57.3715		3.1405		2355.38		-1639.4		715.977		11.5052
		5800		57.8704		3.18568		2389.26		-1673.3		715.964		11.6566
		5850		58.3693		3.15123		2363.42		-1647.45		715.973		11.8015
		5900		58.8682		3.11977		2339.83		-1623.86		715.972		11.9359
		5950		59.367		3.11916		2339.37		-1623.4		715.971		12.04
		6000		59.8659		3.06628		2299.71		-1583.73		715.984		12.0965
		6050		60.3648		3.24048		2430.36		-1714.39		715.966		12.1183
		6100		60.8637		3.12801		2346.01		-1630.02		715.984		12.1577
		6150		61.3626		3.18237		2386.78		-1670.82		715.962		12.2077
		6200		61.8615		3.04717		2285.38		-1569.41		715.975		12.272
		6250		62.3603		3.14277		2357.08		-1641.11		715.973		12.3609
		6300		62.8592		3.24338		2432.54		-1716.56		715.977		12.4632
		6350		63.3581		3.20554		2404.16		-1688.19		715.97		12.5739
		6400		63.857		3.1781		2383.57		-1667.6		715.974		12.6843
		6450		64.3559		3.12654		2344.91		-1628.93		715.978		12.8292
		6500		64.8547		3.13933		2354.5		-1638.53		715.969		12.9788
		6550		65.3536		3.13502		2351.26		-1635.29		715.974		13.1161
		6600		65.8525		3.25038		2437.79		-1721.82		715.969		13.2481
		6650		66.3514		3.16297		2372.23		-1656.25		715.981		13.3719
		6700		66.8503		3.05699		2292.74		-1576.77		715.972		13.4892
		6750		67.3492		3.0679		2300.93		-1584.95		715.981		13.6167
		6800		67.848		3.17186		2378.9		-1662.93		715.965		13.7451
		6850		68.3469		3.10287		2327.15		-1611.18		715.973		13.8791
		6900		68.8458		3.16013		2370.1		-1654.12		715.981		14.0005
		6950		69.3447		3.29169		2468.77		-1752.8		715.969		14.1384
		7000		69.8436		3.2837		2462.78		-1746.81		715.966		14.3096
		7050		70.3425		3.22893		2421.7		-1705.73		715.971		14.4784
		7100		70.8413		3.21128		2408.46		-1692.49		715.967		14.624
		7150		71.3402		3.13507		2351.3		-1635.34		715.966		14.7677
		7200		71.8391		3.12845		2346.34		-1630.36		715.977		14.8851
		7250		72.338		3.16893		2376.7		-1660.73		715.969		14.9803
		7300		72.8369		3.04183		2281.37		-1565.41		715.967		15.0758
		7350		73.3358		3.06214		2296.6		-1580.63		715.969		15.1445
		7400		73.8346		3.16708		2375.31		-1659.34		715.971		15.2125
		7450		74.3335		3.12516		2343.87		-1627.9		715.974		15.306
		7500		74.8324		3.0386		2278.95		-1562.97		715.981		15.4106
		7550		75.3313		3.14112		2355.84		-1639.87		715.975		15.5129
		7600		75.8302		3.22609		2419.57		-1703.6		715.969		15.6436
		7650		76.329		3.08113		2310.85		-1594.87		715.979		15.7621
		7700		76.8279		3.09411		2320.59		-1604.62		715.966		15.8226
		7750		77.3268		3.14897		2361.73		-1645.75		715.975		15.8526
		7800		77.8257		3.18432		2388.24		-1672.27		715.971		15.9135
		7850		78.3246		3.1238		2342.85		-1626.88		715.974		16.0729
		7900		78.8235		3.05573		2291.8		-1575.82		715.982		16.2849
		7950		79.3223		3.13932		2354.49		-1638.53		715.96		16.465
		8000		79.8212		3.09939		2324.54		-1608.56		715.978		16.6076
		8050		80.3201		3.1736		2380.2		-1664.23		715.972		16.7258
		8100		80.819		3.09155		2318.66		-1602.69		715.976		16.8528
		8150		81.3179		3.05522		2291.42		-1575.43		715.983		16.9769
		8200		81.8168		3.21313		2409.85		-1693.88		715.967		17.0829
		8250		82.3156		3.17135		2378.52		-1662.55		715.971		17.1885
		8300		82.8145		3.10431		2328.23		-1612.26		715.974		17.3005
		8350		83.3134		3.06946		2302.1		-1586.13		715.97		17.4408
		8400		83.8123		3.02493		2268.69		-1552.72		715.974		17.5871
		8450		84.3112		3.11885		2339.14		-1623.16		715.975		17.696
		8500		84.8101		3.11485		2336.14		-1620.17		715.973		17.7674
		8550		85.3089		3.0178		2263.35		-1547.38		715.972		17.8376
		8600		85.8078		3.03573		2276.8		-1560.82		715.974		17.9192
		8650		86.3067		3.24613		2434.6		-1718.63		715.966		17.9931
		8700		86.8056		3.27912		2459.34		-1743.37		715.973		18.0725
		8750		87.3045		3.22946		2422.09		-1706.13		715.963		18.137
		8800		87.8034		3.10426		2328.2		-1612.22		715.974		18.1956
		8850		88.3022		3.15074		2363.06		-1647.08		715.975		18.2811
		8900		88.8011		3.18854		2391.4		-1675.43		715.971		18.4048
		8950		89.3		3.15544		2366.58		-1650.6		715.979		18.5336
		9000		89.7989		3.21843		2413.82		-1697.85		715.975		18.6764
		9050		90.2978		3.16262		2371.97		-1655.98		715.983		18.8422
		9100		90.7966		3.27753		2458.15		-1742.18		715.967		19.0126
		9150		91.2955		3.11073		2333.05		-1617.07		715.978		19.175
		9200		91.7944		3.01689		2262.67		-1546.69		715.976		19.3435
		9250		92.2933		3.1198		2339.85		-1623.88		715.968		19.5229
		9300		92.7922		3.16183		2371.37		-1655.4		715.973		19.7035
		9350		93.2911		3.15822		2368.67		-1652.7		715.972		19.8939
		9400		93.7899		3.13899		2354.24		-1638.27		715.977		20.0924
		9450		94.2888		3.11743		2338.07		-1622.1		715.972		20.2881
		9500		94.7877		3.11086		2333.14		-1617.18		715.962		20.4574
		9550		95.2866		3.09112		2318.34		-1602.36		715.976		20.6077
		9600		95.7855		3.19106		2393.3		-1677.32		715.975		20.7549
		9650		96.2844		3.09835		2323.76		-1607.78		715.983		20.9109
		9700		96.7832		3.04808		2286.06		-1570.09		715.973		21.0258
		9750		97.2821		3.12613		2344.59		-1628.62		715.97		21.1123
		9800		97.781		3.17442		2380.81		-1664.84		715.974		21.1631
		9850		98.2799		3.15078		2363.09		-1647.11		715.975		21.1746
		9900		98.7788		3.03509		2276.32		-1560.34		715.973		21.2206
		9950		99.2777		3.08815		2316.11		-1600.14		715.968		21.31
		10000		99.7765		3.10552		2329.14		-1613.15		715.983		21.4479
		10050		100.275		3.21145		2408.59		-1692.62		715.963		21.6008
		10100		100.774		3.11342		2335.06		-1619.09		715.975		21.7175
		10150		101.273		3.19974		2399.81		-1683.85		715.959		21.8046
		10200		101.772		3.0755		2306.62		-1590.66		715.968		21.8734
		10250		102.271		3.10178		2326.34		-1610.37		715.962		21.9553
		10300		102.77		3.1365		2352.37		-1636.39		715.986		22.1143
		10350		103.269		3.26991		2452.43		-1736.46		715.972		22.3646
		10400		103.768		3.15031		2362.73		-1646.76		715.972		22.5645
		10450		104.266		3.03709		2277.82		-1561.84		715.978		22.6539
		10500		104.765		3.09077		2318.08		-1602.11		715.971		22.6936
		10550		105.264		3.08887		2316.65		-1600.68		715.971		22.7344
		10600		105.763		3.12825		2346.19		-1630.22		715.966		22.7558
		10650		106.262		3.11701		2337.76		-1621.78		715.975		22.7801
		10700		106.761		3.17391		2380.44		-1664.45		715.988		22.8411
		10750		107.26		3.34986		2512.4		-1796.43		715.964		22.9095
		10800		107.759		3.12069		2340.52		-1624.54		715.982		22.9638
		10850		108.258		3.1482		2361.15		-1645.17		715.977		23.0435
		10900		108.756		3.22895		2421.71		-1705.73		715.98		23.1785
		10950		109.255		3.19515		2396.37		-1680.4		715.969		23.3304
		11000		109.754		3.02136		2266.02		-1550.05		715.973		23.4854
		11050		110.253		3.00495		2253.71		-1537.73		715.98		23.622
		11100		110.752		3.13598		2351.99		-1636.02		715.971		23.7053
		11150		111.251		3.04569		2284.27		-1568.29		715.978		23.8048
		11200		111.75		3.12326		2342.45		-1626.48		715.97		23.9364
		11250		112.249		3.1877		2390.77		-1674.81		715.964		24.0452
		11300		112.747		3.10713		2330.35		-1614.38		715.969		24.0915
		11350		113.246		3.11643		2337.32		-1621.36		715.969		24.1194
		11400		113.745		3.10323		2327.42		-1611.43		715.986		24.1703
		11450		114.244		3.32601		2494.5		-1778.54		715.962		24.2429
		11500		114.743		3.22815		2421.12		-1705.14		715.979		24.3486
		11550		115.242		3.23548		2426.61		-1710.64		715.977		24.5454
		11600		115.741		3.30241		2476.81		-1760.83		715.974		24.7735
		11650		116.24		3.2778		2458.35		-1742.38		715.97		24.9184
		11700		116.739		3.22103		2415.77		-1699.8		715.97		24.9311
		11750		117.237		3.18515		2388.86		-1672.88		715.981		24.8984
		11800		117.736		3.16936		2377.02		-1661.04		715.972		24.9082
		11850		118.235		3.14945		2362.09		-1646.12		715.97		24.9814
		11900		118.734		3.17504		2381.28		-1665.31		715.97		25.0736
		11950		119.233		3.13249		2349.36		-1633.4		715.963		25.1129
		12000		119.732		2.98701		2240.26		-1524.28		715.983		25.1038
		12050		120.231		3.10782		2330.86		-1614.89		715.972		25.0709
		12100		120.73		3.10336		2327.52		-1611.55		715.971		25.0401
		12150		121.228		3.13055		2347.91		-1631.94		715.974		25.0366
		12200		121.727		3.17234		2379.26		-1663.28		715.978		25.0925
		12250		122.226		3.28823		2466.18		-1750.22		715.959		25.2142
		12300		122.725		3.1572		2367.9		-1651.92		715.975		25.3863
		12350		123.224		3.20576		2404.32		-1688.36		715.964		25.5885
		12400		123.723		3.17192		2378.94		-1662.96		715.974		25.7735
		12450		124.222		3.29794		2473.45		-1757.49		715.961		25.9025
		12500		124.721		3.03448		2275.86		-1559.86		716.002		25.96
		12550		125.22		3.2489		2436.68		-1720.72		715.96		25.9532
		12600		125.718		3.15368		2365.26		-1649.3		715.968		25.9597
		12650		126.217		3.08063		2310.47		-1594.49		715.983		25.9923
		12700		126.716		3.19915		2399.36		-1683.4		715.967		26.0662
		12750		127.215		3.05279		2289.59		-1573.61		715.985		26.2366
		12800		127.714		3.09975		2324.81		-1608.85		715.964		26.4695
		12850		128.213		3.01001		2257.5		-1541.53		715.978		26.7095
		12900		128.712		3.11892		2339.19		-1623.21		715.974		26.9501
		12950		129.211		3.14963		2362.22		-1646.24		715.977		27.1676
		13000		129.709		3.20278		2402.09		-1686.11		715.975		27.3618
		13050		130.208		3.16585		2374.39		-1658.42		715.973		27.5158
		13100		130.707		3.13406		2350.55		-1634.58		715.964		27.5939
		13150		131.206		3.06915		2301.86		-1585.88		715.979		27.6178
		13200		131.705		3.06561		2299.21		-1583.24		715.971		27.6468
		13250		132.204		3.00562		2254.22		-1538.24		715.978		27.6815
		13300		132.703		3.228		2421		-1705.04		715.965		27.6936
		13350		133.202		3.16447		2373.35		-1657.38		715.973		27.7306
		13400		133.701		2.8981		2173.57		-1457.59		715.983		27.8093
		13450		134.199		2.9804		2235.3		-1519.32		715.976		27.9413
		13500		134.698		3.07637		2307.28		-1591.3		715.972		28.0953
		13550		135.197		3.00872		2256.54		-1540.57		715.972		28.261
		13600		135.696		3.05772		2293.29		-1577.32		715.973		28.4014
		13650		136.195		3.10113		2325.85		-1609.87		715.972		28.5453
		13700		136.694		3.02624		2269.68		-1553.7		715.975		28.76
		13750		137.193		3.04202		2281.51		-1565.54		715.973		29.0017
		13800		137.692		3.11271		2334.53		-1618.56		715.97		29.202
		13850		138.191		3.12571		2344.28		-1628.31		715.976		29.3638
		13900		138.689		3.14683		2360.12		-1644.15		715.968		29.5252
		13950		139.188		3.20222		2401.67		-1685.7		715.973		29.6485
		14000		139.687		3.25965		2444.74		-1728.77		715.967		29.7288
		14050		140.186		3.11357		2335.18		-1619.21		715.966		29.7604
		14100		140.685		3.08931		2316.98		-1601.01		715.974		29.7676
		14150		141.184		3.17297		2379.73		-1663.75		715.982		29.8029
		14200		141.683		3.22901		2421.76		-1705.79		715.974		29.8765
		14250		142.182		3.16871		2376.53		-1660.56		715.972		29.9759
		14300		142.68		3.02373		2267.8		-1551.82		715.98		30.1031
		14350		143.179		3.12207		2341.55		-1625.58		715.972		30.2069
		14400		143.678		3.09289		2319.67		-1603.69		715.979		30.2886
		14450		144.177		3.10912		2331.84		-1615.87		715.971		30.3475
		14500		144.676		3.17473		2381.05		-1665.08		715.967		30.3945
		14550		145.175		3.18883		2391.62		-1675.65		715.972		30.4805
		14600		145.674		3.22702		2420.27		-1704.3		715.966		30.6242
		14650		146.173		3.12561		2344.21		-1628.23		715.973		30.7893
		14700		146.672		3.15111		2363.34		-1647.36		715.977		30.9252
		14750		147.17		3.16661		2374.96		-1658.99		715.967		31.0397
		14800		147.669		3.10852		2331.39		-1615.41		715.975		31.1506
		14850		148.168		3.1304		2347.8		-1631.82		715.975		31.2649
		14900		148.667		3.18003		2385.02		-1669.04		715.974		31.395
		14950		149.166		3.27222		2454.17		-1738.2		715.965		31.5498
		15000		149.665		3.13247		2349.35		-1633.38		715.973		31.707
		15050		150.164		3.136		2352		-1636.03		715.971		31.8695
		15100		150.663		3.12773		2345.8		-1629.83		715.969		31.9887
		15150		151.161		3.06836		2301.27		-1585.3		715.973		32.0348
		15200		151.66		3.20503		2403.77		-1687.81		715.968		32.1054
		15250		152.159		3.03521		2276.41		-1560.43		715.983		32.2816
		15300		152.658		3.15086		2363.15		-1647.19		715.961		32.468
		15350		153.157		3.18519		2388.89		-1672.93		715.965		32.5435
		15400		153.656		3.1282		2346.15		-1630.17		715.986		32.4883
		15450		154.155		3.23144		2423.58		-1707.62		715.965		32.4246
		15500		154.654		3.11601		2337.01		-1621.03		715.971		32.4766
		15550		155.153		3.14372		2357.79		-1641.82		715.972		32.5599
		15600		155.651		3.29545		2471.59		-1755.63		715.96		32.6317
		15650		156.15		3.10821		2331.16		-1615.18		715.976		32.767
		15700		156.649		3.0323		2274.22		-1558.25		715.975		32.9889
		15750		157.148		3.10577		2329.33		-1613.35		715.973		33.2364
		15800		157.647		3.06513		2298.85		-1582.87		715.971		33.48
		15850		158.146		2.92383		2192.87		-1476.89		715.982		33.6826
		15900		158.645		2.99816		2248.62		-1532.64		715.978		33.8556
		15950		159.144		3.07931		2309.48		-1593.5		715.974		34.0268
		16000		159.642		3.08319		2312.39		-1596.41		715.978		34.1769
		16050		160.141		3.09267		2319.5		-1603.53		715.973		34.2833
		16100		160.64		3.04864		2286.48		-1570.5		715.986		34.3665
		16150		161.139		3.17454		2380.91		-1664.94		715.965		34.4787
		16200		161.638		3.06936		2302.02		-1586.03		715.99		34.6021
		16250		162.137		3.1546		2365.95		-1649.98		715.97		34.7139
		16300		162.636		3.05547		2291.6		-1575.62		715.978		34.8108
		16350		163.135		3.10967		2332.25		-1616.29		715.964		34.9137
		16400		163.634		3.04745		2285.59		-1569.61		715.973		34.9787
		16450		164.132		3.0162		2262.15		-1546.16		715.988		35.0064
		16500		164.631		3.27508		2456.31		-1740.35		715.962		35.0873
		16550		165.13		3.19855		2398.91		-1682.93		715.985		35.298
		16600		165.629		3.25526		2441.45		-1725.48		715.967		35.5402
		16650		166.128		3.13028		2347.71		-1631.72		715.987		35.7167
		16700		166.627		3.20795		2405.96		-1690		715.965		35.8461
		16750		167.126		3.24572		2434.29		-1718.33		715.966		36.022
		16800		167.625		3.24015		2430.12		-1714.15		715.969		36.2487
		16850		168.123		3.04154		2281.16		-1565.18		715.982		36.4648
		16900		168.622		3.12219		2341.64		-1625.67		715.973		36.6234
		16950		169.121		3.09045		2317.84		-1601.87		715.965		36.684
		17000		169.62		3.02247		2266.86		-1550.87		715.986		36.7237
		17050		170.119		3.31872		2489.04		-1773.07		715.966		36.7617
		17100		170.618		3.13192		2348.94		-1632.96		715.977		36.7792
		17150		171.117		3.12074		2340.56		-1624.58		715.974		36.8098
		17200		171.616		3.22579		2419.34		-1703.39		715.958		36.8421
		17250		172.115		3.13089		2348.17		-1632.2		715.975		36.8406
		17300		172.613		3.09395		2320.47		-1604.49		715.98		36.8399
		17350		173.112		3.08339		2312.54		-1596.57		715.973		36.8483
		17400		173.611		3.13187		2348.91		-1632.93		715.974		36.8439
		17450		174.11		3.16266		2371.99		-1656.03		715.964		36.8932
		17500		174.609		3.02427		2268.2		-1552.22		715.981		36.9892
		17550		175.108		3.13098		2348.23		-1632.26		715.971		37.0682
		17600		175.607		3.14363		2357.72		-1641.75		715.971		37.1456
		17650		176.106		3.09696		2322.72		-1606.74		715.973		37.181
		17700		176.604		3.04684		2285.13		-1569.15		715.976		37.1315
		17750		177.103		3.09243		2319.32		-1603.36		715.968		37.0904
		17800		177.602		3.12991		2347.43		-1631.46		715.972		37.1835
		17850		178.101		3.22026		2415.19		-1699.22		715.968		37.3421
		17900		178.6		3.16626		2374.69		-1658.72		715.973		37.4632
		17950		179.099		3.09207		2319.05		-1603.08		715.973		37.5135
		18000		179.598		3.03863		2278.97		-1562.99		715.98		37.4806
		18050		180.097		3.1382		2353.65		-1637.67		715.976		37.4406
		18100		180.596		3.18793		2390.95		-1674.98		715.972		37.5066
		18150		181.094		3.15195		2363.96		-1647.99		715.971		37.6995
		18200		181.593		3.11213		2334.1		-1618.11		715.985		37.9342
		18250		182.092		3.19457		2395.93		-1679.95		715.975		38.109
		18300		182.591		3.16708		2375.31		-1659.33		715.982		38.278
		18350		183.09		3.23205		2424.04		-1708.07		715.967		38.4433
		18400		183.589		3.14671		2360.03		-1644.05		715.977		38.573
		18450		184.088		3.30268		2477.01		-1761.03		715.978		38.6616
		18500		184.587		3.31591		2486.93		-1770.96		715.969		38.7073
		18550		185.085		3.13241		2349.31		-1633.33		715.982		38.7745
		18600		185.584		3.32746		2495.6		-1779.63		715.968		38.9353
		18650		186.083		3.35337		2515.02		-1799.06		715.963		39.159
		18700		186.582		2.99264		2244.48		-1528.49		715.993		39.3927
		18750		187.081		3.18121		2385.91		-1669.94		715.964		39.5976
		18800		187.58		3.1038		2327.85		-1611.88		715.97		39.7592
		18850		188.079		2.99829		2248.72		-1532.75		715.969		39.9141
		18900		188.578		3.18653		2389.9		-1673.94		715.962		40.0349
		18950		189.077		3.09587		2321.9		-1605.92		715.978		40.0919
		19000		189.575		3.11882		2339.11		-1623.14		715.971		40.1613
		19050		190.074		3.16446		2373.34		-1657.37		715.978		40.3327
		19100		190.573		3.08636		2314.77		-1598.79		715.978		40.5733
		19150		191.072		3.08367		2312.75		-1596.78		715.968		40.7936
		19200		191.571		3.08185		2311.39		-1595.42		715.972		40.9465
		19250		192.07		3.12811		2346.08		-1630.11		715.972		41.0775
		19300		192.569		3.10958		2332.18		-1616.22		715.969		41.2151
		19350		193.068		3.11205		2334.03		-1618.06		715.975		41.4025
		19400		193.566		3.09494		2321.2		-1605.23		715.975		41.6507
		19450		194.065		3.1011		2325.83		-1609.87		715.963		41.8469
		19500		194.564		3.09276		2319.57		-1603.6		715.978		41.8291
		19550		195.063		3.15584		2366.88		-1650.91		715.973		41.719
		19600		195.562		3.03439		2275.79		-1559.82		715.976		41.776
		19650		196.061		3.14433		2358.25		-1642.28		715.963		41.9576
		19700		196.56		3.12028		2340.21		-1624.24		715.971		42.1866
		19750		197.059		3.04349		2282.62		-1566.64		715.975		42.4629
		19800		197.558		3.06994		2302.46		-1586.49		715.969		42.6706
		19850		198.056		3.04445		2283.34		-1567.37		715.975		42.7886
		19900		198.555		3.01486		2261.15		-1545.17		715.98		42.8537
		19950		199.054		3.08878		2316.58		-1600.61		715.971		42.9084
		20000		199.553		3.11015		2332.61		-1616.64		715.969		42.9648
		20050		200.052		3.1241		2343.07		-1627.11		715.969		43.0279
		20100		200.551		3.1106		2332.95		-1616.97		715.975		43.1087
		20150		201.05		3.14731		2360.48		-1644.51		715.968		43.2177
		20200		201.549		3.04809		2286.06		-1570.09		715.979		43.3945
		20250		202.047		3.08359		2312.69		-1596.72		715.968		43.5937
		20300		202.546		3.07799		2308.49		-1592.52		715.971		43.7638
		20350		203.045		3.22814		2421.11		-1705.14		715.964		43.9431
		20400		203.544		3.16483		2373.62		-1657.64		715.979		44.0969
		20450		204.043		3.06044		2295.33		-1579.35		715.979		44.1999
		20500		204.542		3.00382		2252.86		-1536.88		715.981		44.2974
		20550		205.041		3.06729		2300.47		-1584.5		715.969		44.4076
		20600		205.54		3.1411		2355.82		-1639.85		715.975		44.495
		20650		206.039		3.25752		2443.14		-1727.17		715.971		44.5903
		20700		206.537		3.04817		2286.13		-1570.14		715.983		44.8218
		20750		207.036		3.13721		2352.9		-1636.95		715.957		45.1617
		20800		207.535		3.04461		2283.46		-1567.48		715.979		45.4625
		20850		208.034		3.11044		2332.83		-1616.86		715.973		45.6329
		20900		208.533		3.1673		2375.48		-1659.51		715.97		45.6734
		20950		209.032		3.16445		2373.34		-1657.36		715.974		45.6405
		21000		209.531		3.11427		2335.7		-1619.73		715.97		45.6078
		21050		210.03		3.0535		2290.12		-1574.15		715.972		45.6186
		21100		210.528		3.12364		2342.73		-1626.76		715.966		45.6407
		21150		211.027		3.00532		2253.99		-1538.01		715.979		45.6445
		21200		211.526		3.00966		2257.24		-1541.27		715.978		45.721
		21250		212.025		3.19344		2395.08		-1679.11		715.967		45.8901
		21300		212.524		3.21967		2414.75		-1698.78		715.979		46.0573
		21350		213.023		3.16276		2372.07		-1656.09		715.972		46.177
		21400		213.522		3.09905		2324.29		-1608.31		715.972		46.2541
		21450		214.021		3.10156		2326.17		-1610.19		715.98		46.2869
		21500		214.52		3.08748		2315.61		-1599.64		715.973		46.3145
		21550		215.018		3.08877		2316.58		-1600.61		715.973		46.4002
		21600		215.517		3.12182		2341.37		-1625.4		715.966		46.6056
		21650		216.016		3.02464		2268.48		-1552.51		715.977		46.8273
		21700		216.515		3.08901		2316.76		-1600.79		715.97		46.9861
		21750		217.014		2.98722		2240.41		-1524.44		715.972		47.0658
		21800		217.513		3.02878		2271.58		-1555.61		715.971		47.1566
		21850		218.012		3.14062		2355.46		-1639.49		715.973		47.3232
		21900		218.511		3.17693		2382.7		-1666.73		715.967		47.5242
		21950		219.009		3.05562		2291.71		-1575.73		715.981		47.6951
		22000		219.508		3.14101		2355.76		-1639.79		715.97		47.7655
		22050		220.007		3.05324		2289.93		-1573.96		715.973		47.8164
		22100		220.506		3.06466		2298.49		-1582.52		715.97		47.8783
		22150		221.005		3.02622		2269.66		-1553.68		715.983		47.9366
		22200		221.504		3.11757		2338.18		-1622.21		715.967		47.9682
		22250		222.003		3.07256		2304.42		-1588.45		715.975		48.073
		22300		222.502		3.09727		2322.95		-1606.98		715.966		48.293
		22350		223.001		3.09773		2323.3		-1607.32		715.975		48.5359
		22400		223.499		3.10297		2327.22		-1611.25		715.973		48.6851
		22450		223.998		3.13337		2350.02		-1634.06		715.967		48.7533
		22500		224.497		3.17192		2378.94		-1662.98		715.963		48.835
		22550		224.996		3.07994		2309.95		-1593.97		715.983		48.9596
		22600		225.495		3.2456		2434.2		-1718.24		715.962		49.0702
		22650		225.994		3.10659		2329.94		-1613.97		715.976		49.1627
		22700		226.493		2.99594		2246.95		-1530.98		715.97		49.261
		22750		226.992		2.99576		2246.82		-1530.85		715.969		49.3571
		22800		227.491		3.04072		2280.54		-1564.56		715.982		49.4137
		22850		227.989		3.29133		2468.5		-1752.53		715.963		49.4237
		22900		228.488		3.03787		2278.4		-1562.42		715.981		49.3937
		22950		228.987		3.03055		2272.91		-1556.94		715.974		49.369
		23000		229.486		3.21517		2411.38		-1695.41		715.971		49.4316
		23050		229.985		3.16021		2370.16		-1654.19		715.971		49.6309
		23100		230.484		3.07831		2308.73		-1592.77		715.963		49.8257
		23150		230.983		2.95767		2218.26		-1502.27		715.988		49.901
		23200		231.482		3.07638		2307.29		-1591.31		715.973		49.8676
		23250		231.98		3.01007		2257.55		-1541.57		715.975		49.8256
		23300		232.479		3.14276		2357.07		-1641.11		715.962		49.9182
		23350		232.978		3.14316		2357.37		-1641.39		715.973		50.151
		23400		233.477		3.16397		2372.97		-1657		715.971		50.4375
		23450		233.976		3.20202		2401.51		-1685.54		715.97		50.6918
		23500		234.475		3.12014		2340.11		-1624.12		715.982		50.8523
		23550		234.974		3.18666		2389.99		-1674.02		715.967		50.9443
		23600		235.473		3.0746		2305.95		-1589.99		715.968		51.0473
		23650		235.972		2.97003		2227.52		-1511.55		715.977		51.1353
		23700		236.47		3.03915		2279.36		-1563.39		715.97		51.1915
		23750		236.969		3.02032		2265.24		-1549.27		715.969		51.2728
		23800		237.468		2.95927		2219.45		-1503.47		715.985		51.4093
		23850		237.967		3.14657		2359.93		-1643.96		715.965		51.5146
		23900		238.466		3.1373		2352.97		-1637		715.977		51.5719
		23950		238.965		3.17249		2379.37		-1663.4		715.973		51.5893
		24000		239.464		3.13402		2350.51		-1634.54		715.977		51.675
		24050		239.963		3.14547		2359.1		-1643.13		715.97		51.8479
		24100		240.461		3.13592		2351.94		-1635.97		715.976		52.0054
		24150		240.96		3.27054		2452.9		-1736.94		715.965		52.0906
		24200		241.459		3.08473		2313.55		-1597.57		715.981		52.2019
		24250		241.958		3.04871		2286.54		-1570.58		715.96		52.4064
		24300		242.457		3.01566		2261.75		-1545.77		715.974		52.5955
		24350		242.956		3.13814		2353.6		-1637.64		715.962		52.6847
		24400		243.455		3.01368		2260.26		-1544.28		715.978		52.793
		24450		243.954		3.10935		2332.01		-1616.05		715.964		52.9828
		24500		244.453		3.07835		2308.76		-1592.79		715.976		53.237
		24550		244.951		3.02111		2265.83		-1549.85		715.979		53.4572
		24600		245.45		3.08054		2310.4		-1594.43		715.975		53.6537
		24650		245.949		3.31513		2486.35		-1770.39		715.961		53.9012
		24700		246.448		3.13503		2351.27		-1635.29		715.979		54.1441
		24750		246.947		3.11817		2338.63		-1622.66		715.974		54.3954
		24800		247.446		3.12579		2344.34		-1628.37		715.969		54.694
		24850		247.945		3.10277		2327.08		-1611.1		715.974		54.9504
		24900		248.444		3.26838		2451.29		-1735.32		715.967		55.1742
		24950		248.942		3.1685		2376.38		-1660.4		715.975		55.3728
		25000		249.441		3.05634		2292.25		-1576.28		715.971		55.4582
		25050		249.94		3.0548		2291.1		-1575.13		715.971		55.4931
		25100		250.439		2.99324		2244.93		-1528.94		715.989		55.5164
		25150		250.938		3.17434		2380.75		-1664.78		715.97		55.5228
		25200		251.437		3.25119		2438.39		-1722.42		715.971		55.5228
		25250		251.936		3.14053		2355.4		-1639.42		715.98		55.5542
		25300		252.435		3.14953		2362.15		-1646.18		715.971		55.5617
		25350		252.934		3.16755		2375.67		-1659.7		715.968		55.5279
		25400		253.432		3.20886		2406.65		-1690.68		715.963		55.5535
		25450		253.931		3.05555		2291.66		-1575.68		715.975		55.6882
		25500		254.43		3.08937		2317.02		-1601.06		715.969		55.9229
		25550		254.929		3.11453		2335.9		-1619.93		715.969		56.2044
		25600		255.428		3.17908		2384.31		-1668.34		715.97		56.3903
		25650		255.927		3.24364		2432.73		-1716.77		715.964		56.4098
		25700		256.426		3.0682		2301.15		-1585.17		715.98		56.3681
		25750		256.925		3.19311		2394.83		-1678.86		715.97		56.3411
		25800		257.423		3.15216		2364.12		-1648.15		715.967		56.3538
		25850		257.922		2.9686		2226.45		-1510.48		715.973		56.4013
		25900		258.421		3.03785		2278.38		-1562.41		715.978		56.4606
		25950		258.92		3.24412		2433.09		-1717.12		715.967		56.5681
		26000		259.419		3.13659		2352.44		-1636.46		715.976		56.7637
		26050		259.918		3.1819		2386.42		-1670.46		715.963		56.9853
		26100		260.417		3.14446		2358.34		-1642.37		715.976		57.1184
		26150		260.916		3.28702		2465.26		-1749.3		715.959		57.2313
		26200		261.415		3.09169		2318.77		-1602.79		715.984		57.3788
		26250		261.913		3.08656		2314.92		-1598.94		715.978		57.445
		26300		262.412		3.18279		2387.09		-1671.13		715.967		57.4509
		26350		262.911		3.19291		2394.68		-1678.7		715.976		57.485
		26400		263.41		3.25509		2441.32		-1725.35		715.97		57.5361
		26450		263.909		3.18589		2389.41		-1673.44		715.97		57.643
		26500		264.408		3.02425		2268.19		-1552.21		715.977		57.7633
		26550		264.907		3.01131		2258.48		-1542.5		715.985		57.9611
		26600		265.406		3.17175		2378.81		-1662.85		715.963		58.3346
		26650		265.904		3.02695		2270.22		-1554.24		715.977		58.7171
		26700		266.403		3.20643		2404.82		-1688.86		715.962		58.9336
		26750		266.902		3.11511		2336.33		-1620.35		715.983		59.0649
		26800		267.401		3.12794		2345.95		-1629.98		715.974		59.2512
		26850		267.9		3.08463		2313.47		-1597.5		715.972		59.4799
		26900		268.399		3.05775		2293.31		-1577.34		715.968		59.6975
		26950		268.898		2.97844		2233.83		-1517.85		715.977		59.8287
		27000		269.397		3.06914		2301.86		-1585.89		715.97		59.8067
		27050		269.896		3.03187		2273.9		-1557.93		715.97		59.6797
		27100		270.394		3.10234		2326.76		-1610.79		715.967		59.5522
		27150		270.893		3.0774		2308.05		-1592.08		715.976		59.4553
		27200		271.392		3.14401		2358.01		-1642.04		715.968		59.3609
		27250		271.891		3.24354		2432.65		-1716.69		715.966		59.3459
		27300		272.39		3.1379		2353.42		-1637.45		715.97		59.4949
		27350		272.889		3.02185		2266.39		-1550.41		715.978		59.7339
		27400		273.388		3.11443		2335.83		-1619.85		715.974		59.9405
		27450		273.887		3.22729		2420.47		-1704.5		715.965		60.1406
		27500		274.385		3.10987		2332.4		-1616.42		715.978		60.3656
		27550		274.884		2.98601		2239.51		-1523.53		715.977		60.5325
		27600		275.383		3.06854		2301.4		-1585.44		715.966		60.6432
		27650		275.882		3.14202		2356.52		-1640.55		715.969		60.6965
		27700		276.381		3.07917		2309.38		-1593.4		715.976		60.7449
		27750		276.88		3.0668		2300.1		-1584.14		715.965		60.899
		27800		277.379		3.02555		2269.17		-1553.19		715.978		61.0813
		27850		277.878		3.12256		2341.92		-1625.95		715.971		61.1711
		27900		278.377		3.06691		2300.18		-1584.21		715.968		61.2009
		27950		278.875		3.05421		2290.66		-1574.68		715.976		61.2524
		28000		279.374		3.12382		2342.87		-1626.89		715.971		61.3338
		28050		279.873		3.07777		2308.33		-1592.36		715.965		61.4273
		28100		280.372		3.18609		2389.57		-1673.6		715.966		61.5726
		28150		280.871		3.1766		2382.45		-1666.47		715.982		61.7678
		28200		281.37		3.08062		2310.47		-1594.49		715.977		61.9693
		28250		281.869		3.09386		2320.4		-1604.43		715.972		62.1535
		28300		282.368		3.2166		2412.45		-1696.49		715.967		62.3123
		28350		282.866		3.18075		2385.56		-1669.59		715.975		62.4922
		28400		283.365		3.14045		2355.34		-1639.37		715.969		62.6555
		28450		283.864		3.0715		2303.62		-1587.65		715.973		62.8003
		28500		284.363		3.11441		2335.8		-1619.83		715.971		62.9429
		28550		284.862		3.13606		2352.05		-1636.07		715.976		63.0521
		28600		285.361		3.08589		2314.42		-1598.44		715.978		63.1192
		28650		285.86		3.09892		2324.19		-1608.21		715.979		63.2159
		28700		286.359		3.25496		2441.22		-1725.25		715.968		63.3487
		28750		286.858		3.07055		2302.91		-1586.94		715.975		63.4983
		28800		287.356		3.04051		2280.38		-1564.41		715.972		63.6514
		28850		287.855		3.13833		2353.74		-1637.77		715.974		63.7624
		28900		288.354		3.14589		2359.42		-1643.45		715.969		63.8166
		28950		288.853		3.09856		2323.92		-1607.96		715.964		63.8731
		29000		289.352		3.0283		2271.22		-1555.25		715.974		63.9545
		29050		289.851		3.05715		2292.86		-1576.89		715.975		64.003
		29100		290.35		3.03254		2274.4		-1558.42		715.98		64.0192
		29150		290.849		3.24004		2430.03		-1714.07		715.956		64.0913
		29200		291.347		3.06036		2295.27		-1579.29		715.979		64.2604
		29250		291.846		3.03351		2275.13		-1559.16		715.972		64.4719
		29300		292.345		3.14527		2358.95		-1642.98		715.969		64.6381
		29350		292.844		3.14359		2357.69		-1641.72		715.971		64.7385
		29400		293.343		3.01464		2260.98		-1545.01		715.974		64.8101
		29450		293.842		2.9833		2237.47		-1521.49		715.983		64.9056
		29500		294.341		3.0844		2313.3		-1597.33		715.968		65.0717
		29550		294.84		3.09828		2323.71		-1607.74		715.967		65.2519
		29600		295.339		3.07411		2305.58		-1589.61		715.974		65.3263
		29650		295.837		3.10486		2328.65		-1612.68		715.969		65.2639
		29700		296.336		3.1623		2371.73		-1655.76		715.967		65.1462
		29750		296.835		3.05854		2293.9		-1577.92		715.985		65.0361
		29800		297.334		3.16194		2371.45		-1655.48		715.97		64.9979
		29850		297.833		3.24197		2431.48		-1715.51		715.966		65.0148
		29900		298.332		3.17184		2378.88		-1662.9		715.982		65.0615
		29950		298.831		3.1519		2363.92		-1647.95		715.971		65.1019
		30000		299.33		3.05006		2287.55		-1571.57		715.974		65.0788
		30050		299.828		3.19927		2399.45		-1683.48		715.969		64.9769
		30100		300.327		3.24969		2437.27		-1721.3		715.97		64.9407
		30150		300.826		3.14347		2357.6		-1641.64		715.965		65.0167
		30200		301.325		3.14222		2356.66		-1640.69		715.972		65.1541
		30250		301.824		3.13109		2348.32		-1632.35		715.971		65.2938
		30300		302.323		3.11584		2336.88		-1620.9		715.973		65.426
		30350		302.822		3.20676		2405.07		-1689.11		715.966		65.5318
		30400		303.321		3.10108		2325.81		-1609.85		715.968		65.6126
		30450		303.82		3.04634		2284.76		-1568.78		715.976		65.6732
		30500		304.318		3.23241		2424.3		-1708.35		715.955		65.7667
		30550		304.817		3.0817		2311.28		-1595.3		715.98		65.89
		30600		305.316		3.16336		2372.52		-1656.55		715.967		66.0291
		30650		305.815		3.06836		2301.27		-1585.29		715.981		66.2315
		30700		306.314		3.10805		2331.03		-1615.07		715.966		66.5343
		30750		306.813		3.05556		2291.67		-1575.7		715.973		66.8861
		30800		307.312		3.1523		2364.23		-1648.26		715.97		67.232
		30850		307.811		3.08124		2310.93		-1594.95		715.979		67.5628
		30900		308.309		3.19708		2397.81		-1681.85		715.961		67.8634
		30950		308.808		3.15712		2367.84		-1651.86		715.978		68.0359
		31000		309.307		3.15197		2363.98		-1648.01		715.969		68.1088
		31050		309.806		3.01702		2262.76		-1546.78		715.983		68.1616
		31100		310.305		3.18175		2386.31		-1670.35		715.967		68.236
		31150		310.804		3.13275		2349.56		-1633.59		715.974		68.3793
		31200		311.303		3.09249		2319.37		-1603.4		715.968		68.5695
		31250		311.802		3.11074		2333.06		-1617.08		715.974		68.8222
		31300		312.301		3.11504		2336.28		-1620.32		715.966		69.0484
		31350		312.799		3.01568		2261.76		-1545.78		715.978		69.1638
		31400		313.298		3.06888		2301.66		-1585.68		715.977		69.2691
		31450		313.797		3.11766		2338.25		-1622.27		715.978		69.3428
		31500		314.296		3.13554		2351.66		-1635.68		715.974		69.4031
		31550		314.795		3.16992		2377.44		-1661.47		715.97		69.4777
		31600		315.294		3.10321		2327.41		-1611.44		715.966		69.5632
		31650		315.793		2.99476		2246.07		-1530.09		715.979		69.7053
		31700		316.292		3.07302		2304.76		-1588.79		715.974		69.8256
		31750		316.791		3.11813		2338.59		-1622.62		715.976		69.8634
		31800		317.289		3.16581		2374.36		-1658.39		715.968		69.939
		31850		317.788		3.12399		2342.99		-1627.01		715.98		70.1421
		31900		318.287		3.15545		2366.59		-1650.62		715.964		70.3969
		31950		318.786		3.10135		2326.01		-1610.03		715.976		70.5281
		32000		319.285		3.13135		2348.52		-1632.53		715.982		70.5379
		32050		319.784		3.12538		2344.03		-1628.07		715.967		70.4995
		32100		320.283		3.02103		2265.77		-1549.8		715.972		70.4507
		32150		320.782		3.0518		2288.85		-1572.88		715.976		70.4392
		32200		321.28		3.0739		2305.42		-1589.46		715.964		70.4842
		32250		321.779		3.0284		2271.3		-1555.32		715.976		70.5375
		32300		322.278		3.07427		2305.71		-1589.73		715.976		70.6043
		32350		322.777		3.16618		2374.63		-1658.67		715.965		70.6851
		32400		323.276		3.08301		2312.25		-1596.28		715.975		70.7463
		32450		323.775		2.93722		2202.92		-1486.93		715.987		70.7748
		32500		324.274		3.20143		2401.07		-1685.11		715.967		70.7387
		32550		324.773		3.23248		2424.36		-1708.38		715.975		70.7313
		32600		325.272		3.12758		2345.69		-1629.72		715.969		70.8291
		32650		325.77		3.08205		2311.53		-1595.56		715.972		70.9265
		32700		326.269		3.18648		2389.86		-1673.89		715.972		70.9384
		32750		326.768		3.18013		2385.1		-1669.13		715.974		70.9602
		32800		327.267		3.16121		2370.91		-1654.94		715.969		71.045
		32850		327.766		3.12279		2342.09		-1626.12		715.971		71.0707
		32900		328.265		3.14752		2360.64		-1644.67		715.973		71.0039
		32950		328.764		3.0679		2300.92		-1584.94		715.978		70.8695
		33000		329.263		3.08578		2314.34		-1598.37		715.968		70.8436
		33050		329.761		3.10265		2326.99		-1611.01		715.974		71.0466
		33100		330.26		3.09187		2318.9		-1602.92		715.979		71.2989
		33150		330.759		3.11925		2339.44		-1623.47		715.97		71.4057
		33200		331.258		3.21646		2412.34		-1696.37		715.975		71.4809
		33250		331.757		3.21849		2413.87		-1697.9		715.968		71.6147
		33300		332.256		3.13267		2349.51		-1633.54		715.971		71.733
		33350		332.755		3.11561		2336.71		-1620.72		715.981		71.8726
		33400		333.254		3.07223		2304.18		-1588.2		715.975		72.1161
		33450		333.753		3.15792		2368.44		-1652.47		715.974		72.4035
		33500		334.251		3.27199		2453.99		-1738.02		715.972		72.6642
		33550		334.75		3.26783		2450.87		-1734.91		715.962		72.8943
		33600		335.249		3.1338		2350.35		-1634.38		715.972		73.0224
		33650		335.748		3.1871		2390.33		-1674.35		715.979		73.0594
		33700		336.247		3.33184		2498.88		-1782.92		715.959		73.19
		33750		336.746		3.09378		2320.34		-1604.35		715.983		73.3997
		33800		337.245		3.17694		2382.7		-1666.73		715.97		73.5993
		33850		337.744		3.17859		2383.94		-1667.97		715.974		73.723
		33900		338.242		3.11454		2335.9		-1619.93		715.975		73.7353
		33950		338.741		3.1565		2367.38		-1651.41		715.968		73.6552
		34000		339.24		3.07807		2308.55		-1592.58		715.974		73.6367
		34050		339.739		2.99303		2244.78		-1528.8		715.975		73.6682
		34100		340.238		3.17696		2382.72		-1666.76		715.966		73.7613
		34150		340.737		3.13162		2348.72		-1632.74		715.978		73.9251
		34200		341.236		3.14337		2357.53		-1641.56		715.965		74.2074
		34250		341.735		3.12493		2343.7		-1627.72		715.977		74.6124
		34300		342.234		3.21635		2412.26		-1696.3		715.964		75.0865
		34350		342.732		3.12797		2345.98		-1630.01		715.968		75.4567
		34400		343.231		3.03183		2273.88		-1557.9		715.98		75.6522
		34450		343.73		3.10064		2325.48		-1609.51		715.975		75.7118
		34500		344.229		3.11194		2333.95		-1617.98		715.969		75.7301
		34550		344.728		3.11188		2333.91		-1617.94		715.973		75.7363
		34600		345.227		3.1448		2358.6		-1642.62		715.983		75.8463
		34650		345.726		3.15788		2368.41		-1652.44		715.973		76.0723
		34700		346.225		3.17079		2378.09		-1662.12		715.969		76.3727
		34750		346.723		3.10628		2329.71		-1613.74		715.974		76.7043
		34800		347.222		3.07641		2307.3		-1591.34		715.967		76.947
		34850		347.721		3.14262		2356.97		-1640.99		715.974		77.1158
		34900		348.22		3.1881		2391.08		-1675.11		715.97		77.2504
		34950		348.719		3.11577		2336.83		-1620.85		715.977		77.4336
		35000		349.218		3.16137		2371.03		-1655.06		715.969		77.6882
		35050		349.717		3.12202		2341.51		-1625.53		715.98		77.9961
		35100		350.216		3.23476		2426.07		-1710.11		715.964		78.1854
		35150		350.715		3.06673		2300.05		-1584.07		715.974		78.3078
		35200		351.213		2.97389		2230.42		-1514.45		715.968		78.5358
		35250		351.712		2.96949		2227.12		-1511.14		715.973		78.7627
		35300		352.211		3.1043		2328.23		-1612.26		715.966		78.8798
		35350		352.71		3.00678		2255.08		-1539.1		715.98		78.9751
		35400		353.209		3.19706		2397.8		-1681.83		715.965		79.0402
		35450		353.708		3.15874		2369.05		-1653.09		715.97		79.1118
		35500		354.207		3.21781		2413.36		-1697.4		715.958		79.2311
		35550		354.706		3.11918		2339.38		-1623.4		715.982		79.319
		35600		355.204		3.0926		2319.45		-1603.48		715.976		79.3504
		35650		355.703		3.1433		2357.47		-1641.5		715.967		79.4282
		35700		356.202		3.02249		2266.87		-1550.88		715.987		79.6216
		35750		356.701		3.14449		2358.37		-1642.4		715.967		79.8885
		35800		357.2		3.13805		2353.54		-1637.56		715.976		80.1553
		35850		357.699		3.1647		2373.52		-1657.55		715.973		80.3812
		35900		358.198		3.10537		2329.03		-1613.05		715.978		80.5759
		35950		358.697		3.21467		2411		-1695.03		715.966		80.7425
		36000		359.196		3.27721		2457.91		-1741.95		715.959		80.8584
		36050		359.694		3.08883		2316.62		-1600.66		715.97		80.9779
		36100		360.193		3.0804		2310.3		-1594.32		715.975		81.1399
		36150		360.692		3.18317		2387.38		-1671.41		715.968		81.3659
		36200		361.191		3.01477		2261.08		-1545.09		715.986		81.6462
		36250		361.69		3.20859		2406.44		-1690.47		715.967		81.9774
		36300		362.189		3.21767		2413.25		-1697.28		715.972		82.3582
		36350		362.688		3.20547		2404.1		-1688.14		715.961		82.708
		36400		363.187		3.18354		2387.66		-1671.69		715.968		82.9975
		36450		363.685		3.19026		2392.7		-1676.72		715.977		83.2431
		36500		364.184		3.14686		2360.15		-1644.17		715.976		83.5264
		36550		364.683		3.07082		2303.12		-1587.15		715.972		83.8772
		36600		365.182		3.17549		2381.62		-1665.65		715.97		84.2156
		36650		365.681		3.28513		2463.85		-1747.87		715.974		84.5071
		36700		366.18		3.14179		2356.34		-1640.36		715.98		84.769
		36750		366.679		3.1465		2359.87		-1643.9		715.967		84.988
		36800		367.178		3.18903		2391.77		-1675.8		715.97		85.2222
		36850		367.677		3.17037		2377.78		-1661.81		715.972		85.451
		36900		368.175		3.06869		2301.52		-1585.55		715.974		85.5658
		36950		368.674		3.14601		2359.51		-1643.54		715.966		85.6584
		37000		369.173		3.11287		2334.66		-1618.69		715.964		85.772
		37050		369.672		3.12398		2342.98		-1627.02		715.962		85.9184
		37100		370.171		3.14173		2356.3		-1640.32		715.975		86.0312
		37150		370.67		3.13589		2351.92		-1635.95		715.964		86.1212
		37200		371.169		3.03837		2278.78		-1562.81		715.974		86.2643
		37250		371.668		3.17345		2380.09		-1664.11		715.975		86.4375
		37300		372.166		3.21931		2414.48		-1698.52		715.963		86.6107
		37350		372.665		2.98936		2242.02		-1526.04		715.985		86.8029
		37400		373.164		3.17237		2379.28		-1663.32		715.954		86.982
		37450		373.663		3.1022		2326.65		-1610.67		715.976		87.1641
		37500		374.162		3.17956		2384.67		-1668.7		715.968		87.3271
		37550		374.661		3.0479		2285.92		-1569.94		715.98		87.4385
		37600		375.16		3.13693		2352.69		-1636.72		715.974		87.5247
		37650		375.659		3.14011		2355.08		-1639.11		715.97		87.6696
		37700		376.158		3.13803		2353.52		-1637.55		715.97		87.8999
		37750		376.656		3.17442		2380.82		-1664.85		715.968		88.1633
		37800		377.155		3.10928		2331.96		-1615.98		715.98		88.3633
		37850		377.654		3.04849		2286.37		-1570.38		715.983		88.4649
		37900		378.153		3.04979		2287.34		-1571.36		715.976		88.5587
		37950		378.652		3.04256		2281.92		-1565.94		715.982		88.7055
		38000		379.151		3.18193		2386.45		-1670.48		715.971		88.8325
		38050		379.65		3.22033		2415.25		-1699.27		715.973		88.9479
		38100		380.149		3.08388		2312.91		-1596.93		715.982		89.1009
		38150		380.647		3.12964		2347.23		-1631.26		715.969		89.2732
		38200		381.146		3.00443		2253.32		-1537.35		715.973		89.3692
		38250		381.645		3.03227		2274.2		-1558.22		715.977		89.4038
		38300		382.144		3.21475		2411.06		-1695.09		715.976		89.5136
		38350		382.643		3.37151		2528.63		-1812.66		715.965		89.7505
		38400		383.142		3.27287		2454.65		-1738.68		715.971		89.99
		38450		383.641		3.17063		2377.98		-1662.01		715.968		90.1334
		38500		384.14		3.10436		2328.27		-1612.29		715.979		90.2716
		38550		384.639		3.21571		2411.78		-1695.82		715.967		90.462
		38600		385.137		3.05828		2293.71		-1577.73		715.979		90.7782
		38650		385.636		3.04626		2284.7		-1568.71		715.982		91.0558
		38700		386.135		3.26323		2447.43		-1731.46		715.964		91.1082
		38750		386.634		3.16524		2373.93		-1657.96		715.972		91.0081
		38800		387.133		3.05892		2294.19		-1578.21		715.975		90.9691
		38850		387.632		3.0323		2274.23		-1558.25		715.973		91.125
		38900		388.131		3.14478		2358.58		-1642.62		715.967		91.407
		38950		388.63		3.16923		2376.92		-1660.95		715.972		91.6449
		39000		389.128		3.13811		2353.58		-1637.6		715.974		91.7712
		39050		389.627		3.17556		2381.67		-1665.71		715.965		91.9583
		39100		390.126		3.1455		2359.12		-1643.15		715.969		92.2556
		39150		390.625		3.05261		2289.45		-1573.48		715.978		92.6127
		39200		391.124		3.06965		2302.24		-1586.27		715.968		92.9483
		39250		391.623		3.01971		2264.78		-1548.81		715.971		93.1199
		39300		392.122		3.03881		2279.11		-1563.13		715.976		93.1565
		39350		392.621		3.15027		2362.7		-1646.74		715.962		93.2209
		39400		393.12		3.04892		2286.69		-1570.71		715.979		93.3074
		39450		393.618		3.2602		2445.15		-1729.19		715.965		93.3912
		39500		394.117		3.20638		2404.78		-1688.81		715.974		93.4879
		39550		394.616		3.13445		2350.84		-1634.86		715.975		93.6264
		39600		395.115		3.08336		2312.52		-1596.54		715.975		93.7789
		39650		395.614		3.09944		2324.58		-1608.6		715.977		93.8585
		39700		396.113		3.18054		2385.4		-1669.44		715.963		93.895
		39750		396.612		3.02664		2269.98		-1554.01		715.971		94.0584
		39800		397.111		3.04553		2284.15		-1568.18		715.967		94.3437
		39850		397.609		3.06379		2297.85		-1581.87		715.975		94.5848
		39900		398.108		3.20053		2400.4		-1684.43		715.968		94.7106
		39950		398.607		3.14376		2357.82		-1641.84		715.977		94.9191
		40000		399.106		3.0899		2317.42		-1601.45		715.975		95.3006
		40050		399.605		3.17532		2381.49		-1665.52		715.971		95.7401
		40100		400.104		3.11867		2339		-1623.02		715.976		96.1716
		40150		400.603		2.975		2231.25		-1515.28		715.974		96.6117
		40200		401.102		3.03301		2274.76		-1558.79		715.97		96.963
		40250		401.601		3.27979		2459.85		-1743.89		715.96		97.1379
		40300		402.099		3.15663		2367.47		-1651.5		715.978		97.2003
		40350		402.598		3.12153		2341.14		-1625.17		715.971		97.2629
		40400		403.097		3.08078		2310.58		-1594.61		715.974		97.3801
		40450		403.596		3.13806		2353.54		-1637.57		715.971		97.4592
		40500		404.095		3.14927		2361.95		-1645.98		715.973		97.486
		40550		404.594		3.18029		2385.22		-1669.24		715.972		97.5728
		40600		405.093		3.18141		2386.06		-1670.08		715.984		97.6884
		40650		405.592		3.23777		2428.33		-1712.35		715.975		97.8036
		40700		406.09		3.22702		2420.26		-1704.3		715.963		97.9883
		40750		406.589		3.07322		2304.92		-1588.95		715.972		98.2164
		40800		407.088		3.02288		2267.16		-1551.19		715.968		98.346
		40850		407.587		2.9739		2230.43		-1514.45		715.973		98.3415
		40900		408.086		3.04564		2284.23		-1568.26		715.972		98.2653
		40950		408.585		3.17111		2378.33		-1662.37		715.964		98.1939
		41000		409.084		3.08506		2313.8		-1597.82		715.972		98.0808
		41050		409.583		3.03217		2274.12		-1558.15		715.971		97.9416
		41100		410.082		2.98288		2237.16		-1521.17		715.983		97.8894
		41150		410.58		3.10637		2329.78		-1613.81		715.973		97.9206
		41200		411.079		3.14917		2361.88		-1645.91		715.966		98.0176
		41250		411.578		3.01409		2260.57		-1544.59		715.979		98.1914
		41300		412.077		3.01541		2261.56		-1545.59		715.971		98.3553
		41350		412.576		3.15757		2368.18		-1652.22		715.962		98.4194
		41400		413.075		3.08996		2317.47		-1601.49		715.984		98.4165
		41450		413.574		3.18061		2385.46		-1669.49		715.973		98.4837
		41500		414.073		3.09625		2322.19		-1606.21		715.983		98.6715
		41550		414.572		3.17426		2380.7		-1664.72		715.975		98.8864
		41600		415.07		3.09405		2320.53		-1604.55		715.984		99.0597
		41650		415.569		3.06477		2298.58		-1582.61		715.969		99.1933
		41700		416.068		3.04767		2285.75		-1569.78		715.966		99.431
		41750		416.567		3.08228		2311.71		-1595.74		715.969		99.6968
		41800		417.066		3.09573		2321.8		-1605.83		715.972		99.7759
		41850		417.565		3.10021		2325.16		-1609.18		715.979		99.7381
		41900		418.064		3.20225		2401.69		-1685.71		715.976		99.7659
		41950		418.563		3.20533		2403.99		-1688.03		715.966		99.8656
		42000		419.061		2.99898		2249.24		-1533.25		715.986		99.9561
		42050		419.56		3.19826		2398.7		-1682.73		715.968		100.015
		42100		420.059		3.17432		2380.74		-1664.76		715.983		100.114
		42150		420.558		3.22267		2417		-1701.03		715.97		100.253
		42200		421.057		3.17885		2384.14		-1668.17		715.97		100.375
		42250		421.556		3.14703		2360.27		-1644.3		715.969		100.455
		42300		422.055		2.97121		2228.4		-1512.42		715.988		100.608
		42350		422.554		3.04495		2283.72		-1567.76		715.96		100.843
		42400		423.053		2.98423		2238.17		-1522.2		715.974		101.037
		42450		423.551		3.15546		2366.6		-1650.63		715.963		101.149
		42500		424.05		3.10054		2325.4		-1609.42		715.981		101.209
		42550		424.549		3.20232		2401.74		-1685.77		715.97		101.251
		42600		425.048		3.07385		2305.39		-1589.4		715.984		101.325
		42650		425.547		3.19123		2393.42		-1677.46		715.96		101.492
		42700		426.046		3.09477		2321.08		-1605.09		715.982		101.759
		42750		426.545		3.14471		2358.54		-1642.56		715.973		102.113
		42800		427.044		3.08666		2314.99		-1599.01		715.982		102.426
		42850		427.542		3.15715		2367.86		-1651.9		715.964		102.553
		42900		428.041		3.07805		2308.54		-1592.56		715.975		102.607
		42950		428.54		3.20175		2401.31		-1685.34		715.97		102.647
		43000		429.039		3.13435		2350.76		-1634.79		715.978		102.653
		43050		429.538		3.11033		2332.75		-1616.78		715.966		102.559
		43100		430.037		3.05041		2287.81		-1571.84		715.967		102.442
		43150		430.536		3.09417		2320.63		-1604.66		715.971		102.389
		43200		431.035		3.25079		2438.09		-1722.12		715.964		102.446
		43250		431.534		3.11183		2333.87		-1617.9		715.978		102.615
		43300		432.032		3.09985		2324.89		-1608.91		715.973		102.853
		43350		432.531		3.16442		2373.31		-1657.34		715.976		103.074
		43400		433.03		3.25094		2438.2		-1722.24		715.966		103.173
		43450		433.529		3.11042		2332.82		-1616.84		715.982		103.229
		43500		434.028		3.24702		2435.26		-1719.3		715.961		103.438
		43550		434.527		3.09731		2322.98		-1607.01		715.974		103.712
		43600		435.026		2.98372		2237.79		-1521.82		715.974		103.908
		43650		435.525		3.03312		2274.84		-1558.86		715.977		103.963
		43700		436.023		3.09857		2323.93		-1607.96		715.973		103.988
		43750		436.522		3.05681		2292.61		-1576.63		715.975		104.142
		43800		437.021		3.11085		2333.14		-1617.17		715.967		104.41
		43850		437.52		3.11505		2336.29		-1620.31		715.975		104.731
		43900		438.019		3.2439		2432.92		-1716.95		715.972		104.941
		43950		438.518		3.19792		2398.44		-1682.48		715.962		104.972
		44000		439.017		3.04262		2281.96		-1565.99		715.972		104.985
		44050		439.516		3.13389		2350.42		-1634.45		715.97		105.131
		44100		440.015		3.09635		2322.26		-1606.29		715.972		105.327
		44150		440.513		3.18887		2391.66		-1675.69		715.967		105.478
		44200		441.012		3.20924		2406.93		-1690.96		715.972		105.608
		44250		441.511		3.21772		2413.29		-1697.31		715.975		105.727
		44300		442.01		3.20566		2404.25		-1688.27		715.976		105.993
		44350		442.509		3.10402		2328.02		-1612.04		715.973		106.406
		44400		443.008		2.99587		2246.9		-1530.92		715.983		106.774
		44450		443.507		3.07656		2307.42		-1591.45		715.969		107.03
		44500		444.006		3.07738		2308.04		-1592.06		715.975		107.246
		44550		444.504		3.07375		2305.31		-1589.34		715.973		107.476
		44600		445.003		3.03134		2273.51		-1557.54		715.973		107.708
		44650		445.502		3.06596		2299.47		-1583.5		715.975		107.866
		44700		446.001		3.11293		2334.69		-1618.73		715.967		108.009
		44750		446.5		3.08155		2311.16		-1595.19		715.971		108.206
		44800		446.999		3.18205		2386.53		-1670.56		715.972		108.263
		44850		447.498		3.14585		2359.39		-1643.42		715.968		108.192
		44900		447.997		3.05083		2288.12		-1572.15		715.969		108.191
		44950		448.496		3.07434		2305.76		-1589.79		715.969		108.189
		45000		448.994		3.0124		2259.3		-1543.33		715.977		108.226
		45050		449.493		3.00691		2255.18		-1539.2		715.978		108.425
		45100		449.992		3.04937		2287.02		-1571.05		715.972		108.702
		45150		450.491		2.99646		2247.34		-1531.38		715.969		108.885
		45200		450.99		3.08496		2313.72		-1597.75		715.971		108.935
		45250		451.489		3.1335		2350.12		-1634.16		715.969		108.926
		45300		451.988		3.03396		2275.47		-1559.49		715.979		108.923
		45350		452.487		3.1298		2347.35		-1631.38		715.971		108.889
		45400		452.985		3.06091		2295.68		-1579.71		715.979		108.789
		45450		453.484		3.13265		2349.49		-1633.52		715.971		108.586
		45500		453.983		3.07143		2303.57		-1587.6		715.969		108.408
		45550		454.482		3.07482		2306.12		-1590.14		715.972		108.368
		45600		454.981		3.08782		2315.86		-1599.89		715.974		108.438
		45650		455.48		3.04759		2285.69		-1569.72		715.976		108.591
		45700		455.979		3.08202		2311.52		-1595.55		715.967		108.818
		45750		456.478		3.05837		2293.77		-1577.81		715.969		109.129
		45800		456.977		3.1299		2347.43		-1631.46		715.966		109.403
		45850		457.475		3.1488		2361.6		-1645.63		715.974		109.542
		45900		457.974		3.22384		2417.88		-1701.91		715.967		109.546
		45950		458.473		3.02422		2268.17		-1552.18		715.984		109.578
		46000		458.972		3.08529		2313.97		-1598		715.973		109.819
		46050		459.471		3.18873		2391.54		-1675.57		715.973		110.115
		46100		459.97		3.14401		2358.01		-1642.03		715.976		110.338
		46150		460.469		3.14075		2355.56		-1639.59		715.974		110.535
		46200		460.968		3.0858		2314.35		-1598.38		715.972		110.786
		46250		461.466		2.97463		2230.97		-1514.99		715.978		111.016
		46300		461.965		3.14509		2358.81		-1642.85		715.968		111.121
		46350		462.464		3.13479		2351.09		-1635.13		715.965		111.115
		46400		462.963		3.06809		2301.07		-1585.09		715.973		111.083
		46450		463.462		3.1918		2393.85		-1677.88		715.969		111.075
		46500		463.961		3.18956		2392.17		-1676.2		715.969		111.167
		46550		464.46		3.10865		2331.49		-1615.51		715.977		111.342
		46600		464.959		3.01693		2262.7		-1546.71		715.986		111.506
		46650		465.458		3.12798		2345.99		-1630.02		715.969		111.664
		46700		465.956		3.12199		2341.49		-1625.51		715.981		111.879
		46750		466.455		3.21497		2411.23		-1695.25		715.971		112.115
		46800		466.954		3.07528		2306.46		-1590.49		715.972		112.357
		46850		467.453		3.12573		2344.3		-1628.33		715.964		112.556
		46900		467.952		3.15382		2365.37		-1649.4		715.971		112.774
		46950		468.451		3.13558		2351.69		-1635.71		715.972		112.945
		47000		468.95		3.11667		2337.5		-1621.53		715.972		113.129
		47050		469.449		3.04113		2280.85		-1564.87		715.979		113.289
		47100		469.947		3.16378		2372.83		-1656.86		715.969		113.322
		47150		470.446		3.12399		2342.99		-1627.01		715.979		113.277
		47200		470.945		3.19145		2393.59		-1677.63		715.962		113.275
		47250		471.444		3.06848		2301.36		-1585.38		715.975		113.346
		47300		471.943		3.11481		2336.11		-1620.14		715.97		113.473
		47350		472.442		3.15519		2366.39		-1650.42		715.971		113.692
		47400		472.941		3.19365		2395.23		-1679.27		715.969		113.984
		47450		473.44		3.16609		2374.57		-1658.6		715.969		114.238
		47500		473.939		3.06035		2295.26		-1579.28		715.979		114.38
		47550		474.437		3.09547		2321.6		-1605.63		715.974		114.546
		47600		474.936		3.04987		2287.4		-1571.43		715.974		114.71
		47650		475.435		3.10532		2328.99		-1613.02		715.971		114.718
		47700		475.934		3.10728		2330.46		-1614.49		715.973		114.549
		47750		476.433		3.07497		2306.23		-1590.26		715.968		114.384
		47800		476.932		3.15536		2366.52		-1650.54		715.974		114.305
		47850		477.431		3.12149		2341.11		-1625.14		715.977		114.306
		47900		477.93		2.94758		2210.68		-1494.71		715.97		114.375
		47950		478.428		3.01412		2260.59		-1544.62		715.967		114.517
		48000		478.927		3.1979		2398.42		-1682.46		715.968		114.693
		48050		479.426		3.16786		2375.9		-1659.93		715.966		114.856
		48100		479.925		3.05924		2294.43		-1578.46		715.965		115.056
		48150		480.424		3.02816		2271.12		-1555.15		715.967		115.227
		48200		480.923		3.05948		2294.61		-1578.64		715.968		115.373
		48250		481.422		3.13983		2354.87		-1638.91		715.962		115.49
		48300		481.921		3.12943		2347.07		-1631.1		715.977		115.576
		48350		482.42		3.21821		2413.66		-1697.69		715.967		115.641
		48400		482.918		3.08793		2315.95		-1599.97		715.975		115.689
		48450		483.417		3.11105		2333.29		-1617.32		715.97		115.866
		48500		483.916		3.12943		2347.07		-1631.1		715.971		116.2
		48550		484.415		3.11654		2337.41		-1621.43		715.974		116.599
		48600		484.914		3.23457		2425.93		-1709.97		715.962		117.002
		48650		485.413		3.14102		2355.77		-1639.78		715.984		117.361
		48700		485.912		3.19929		2399.46		-1683.5		715.966		117.481
		48750		486.411		3.04001		2280.01		-1564.02		715.98		117.477
		48800		486.909		3.06081		2295.61		-1579.63		715.978		117.493
		48850		487.408		3.07108		2303.31		-1587.34		715.972		117.609
		48900		487.907		2.9302		2197.65		-1481.67		715.98		117.775
		48950		488.406		3.0109		2258.18		-1542.2		715.973		117.944
		49000		488.905		3.12149		2341.12		-1625.14		715.976		118.119
		49050		489.404		3.08542		2314.07		-1598.09		715.978		118.3
		49100		489.903		3.05945		2294.59		-1578.62		715.975		118.469
		49150		490.402		3.21195		2408.96		-1692.99		715.966		118.498
		49200		490.901		3.05233		2289.25		-1573.27		715.977		118.457
		49250		491.399		2.9108		2183.1		-1467.12		715.979		118.51
		49300		491.898		3.0857		2314.27		-1598.31		715.967		118.651
		49350		492.397		3.20543		2404.07		-1688.11		715.969		118.908
		49400		492.896		3.22547		2419.11		-1703.14		715.966		119.207
		49450		493.395		3.24378		2432.83		-1716.86		715.97		119.433
		49500		493.894		3.18452		2388.39		-1672.42		715.971		119.597
		49550		494.393		3.09827		2323.7		-1607.73		715.973		119.711
		49600		494.892		3.26989		2452.42		-1736.46		715.954		119.788
		49650		495.39		3.01548		2261.61		-1545.62		715.988		119.812
		49700		495.889		3.04891		2286.68		-1570.71		715.972		119.887
		49750		496.388		3.15879		2369.1		-1653.13		715.965		120.056
		49800		496.887		3.12247		2341.85		-1625.87		715.979		120.19
		49850		497.386		2.96613		2224.6		-1508.61		715.986		120.151
		49900		497.885		3.17579		2381.84		-1665.88		715.96		119.994
		49950		498.384		3.22006		2415.04		-1699.08		715.969		119.843
