		timesteps		t		Temperature		Kin		Pot		TotalE		MSD
		0		0		6.17891		4634.18		-4257.43		376.754		0.00743876
		50		0.498883		4.67827		3508.7		-3132		376.708		0.106459
		100		0.997765		2.64447		1983.35		-1606.55		376.795		0.301723
		150		1.49665		2.94202		2206.51		-1829.75		376.761		0.439148
		200		1.99553		3.10545		2329.09		-1952.33		376.756		0.541797
		250		2.49441		3.077		2307.75		-1930.99		376.759		0.628023
		300		2.9933		3.08233		2311.75		-1934.99		376.762		0.698807
		350		3.49218		3.19054		2392.91		-2016.15		376.758		0.758346
		400		3.99106		3.20112		2400.84		-2024.08		376.759		0.816613
		450		4.48994		3.10155		2326.16		-1949.39		376.767		0.87771
		500		4.98883		3.15584		2366.88		-1990.14		376.744		0.938941
		550		5.48771		2.94727		2210.45		-1833.69		376.766		0.998338
		600		5.98659		3.00739		2255.54		-1878.77		376.768		1.04026
		650		6.48547		3.18715		2390.36		-2013.61		376.749		1.07301
		700		6.98436		3.0213		2265.98		-1889.21		376.765		1.11092
		750		7.48324		3.01439		2260.79		-1884.03		376.764		1.14586
		800		7.98212		3.11645		2337.34		-1960.58		376.756		1.18138
		850		8.48101		3.01123		2258.42		-1881.65		376.771		1.22504
		900		8.97989		3.136		2352		-1975.25		376.752		1.27081
		950		9.47877		3.06585		2299.39		-1922.62		376.766		1.32236
		1000		9.97765		3.01568		2261.76		-1884.99		376.764		1.36943
		1050		10.4765		2.94623		2209.67		-1832.91		376.756		1.40915
		1100		10.9754		2.98648		2239.86		-1863.1		376.761		1.44093
		1150		11.4743		3.11244		2334.33		-1957.58		376.753		1.47441
		1200		11.9732		3.02656		2269.92		-1893.16		376.76		1.51059
		1250		12.4721		3.03267		2274.5		-1897.75		376.755		1.54272
		1300		12.9709		3.04612		2284.59		-1907.83		376.763		1.57541
		1350		13.4698		3.13496		2351.22		-1974.46		376.759		1.61215
		1400		13.9687		3.00619		2254.64		-1877.89		376.751		1.65798
		1450		14.4676		2.97443		2230.82		-1854.06		376.757		1.70068
		1500		14.9665		3.02632		2269.74		-1892.99		376.755		1.74276
		1550		15.4654		2.88044		2160.33		-1783.57		376.764		1.79356
		1600		15.9642		2.90417		2178.13		-1801.36		376.765		1.84247
		1650		16.4631		3.05838		2293.79		-1917.03		376.752		1.89266
		1700		16.962		2.95882		2219.11		-1842.35		376.763		1.95944
		1750		17.4609		2.93607		2202.06		-1825.29		376.766		2.03427
		1800		17.9598		3.00528		2253.96		-1877.21		376.755		2.10122
		1850		18.4587		2.82794		2120.96		-1744.18		376.775		2.16152
		1900		18.9575		2.94033		2205.25		-1828.5		376.754		2.21771
		1950		19.4564		2.87366		2155.25		-1778.49		376.756		2.28393
		2000		19.9553		2.79116		2093.37		-1716.6		376.771		2.3633
		2050		20.4542		2.95418		2215.63		-1838.87		376.76		2.45362
		2100		20.9531		3.10863		2331.47		-1954.72		376.75		2.56309
		2150		21.452		2.94453		2208.4		-1831.63		376.769		2.68574
		2200		21.9508		2.91825		2188.69		-1811.93		376.761		2.80346
		2250		22.4497		2.93952		2204.64		-1827.88		376.763		2.92127
		2300		22.9486		2.96337		2222.53		-1845.77		376.758		3.04387
		2350		23.4475		2.90148		2176.11		-1799.34		376.767		3.16401
		2400		23.9464		2.94232		2206.74		-1829.98		376.758		3.27614
		2450		24.4453		2.8819		2161.42		-1784.67		376.757		3.37846
		2500		24.9441		2.89117		2168.37		-1791.62		376.754		3.47549
		2550		25.443		2.84691		2135.19		-1758.42		376.761		3.56221
		2600		25.9419		2.80442		2103.31		-1726.55		376.766		3.62344
		2650		26.4408		3.0406		2280.45		-1903.7		376.752		3.67139
		2700		26.9397		2.99152		2243.64		-1866.87		376.768		3.73147
		2750		27.4385		2.87073		2153.05		-1776.29		376.763		3.79543
		2800		27.9374		2.91387		2185.4		-1808.64		376.761		3.863
		2850		28.4363		2.89801		2173.51		-1796.75		376.764		3.93745
		2900		28.9352		2.96673		2225.05		-1848.29		376.752		4.00375
		2950		29.4341		2.82706		2120.29		-1743.53		376.766		4.06882
		3000		29.933		2.91435		2185.76		-1809.01		376.749		4.13416
		3050		30.4318		2.82984		2122.38		-1745.62		376.764		4.19756
		3100		30.9307		2.8483		2136.23		-1759.47		376.758		4.25352
		3150		31.4296		2.91855		2188.92		-1812.15		376.764		4.30947
		3200		31.9285		2.97493		2231.2		-1854.44		376.753		4.38037
		3250		32.4274		2.81601		2112.01		-1735.24		376.771		4.45829
		3300		32.9263		2.9602		2220.15		-1843.41		376.746		4.52875
		3350		33.4251		2.81703		2112.77		-1736.01		376.766		4.5904
		3400		33.924		2.80411		2103.08		-1726.32		376.759		4.64341
		3450		34.4229		2.87745		2158.09		-1781.33		376.762		4.68631
		3500		34.9218		2.89769		2173.27		-1796.5		376.766		4.71451
		3550		35.4207		2.86627		2149.7		-1772.94		376.766		4.74463
		3600		35.9196		2.96493		2223.7		-1846.94		376.762		4.80008
		3650		36.4184		2.97656		2232.42		-1855.66		376.759		4.87269
		3700		36.9173		2.79377		2095.33		-1718.56		376.764		4.95842
		3750		37.4162		2.79073		2093.05		-1716.29		376.758		5.0511
		3800		37.9151		2.84899		2136.74		-1759.98		376.764		5.14566
		3850		38.414		2.89228		2169.21		-1792.45		376.757		5.2396
		3900		38.9128		2.8747		2156.02		-1779.26		376.759		5.32636
		3950		39.4117		2.90396		2177.97		-1801.21		376.759		5.4036
		4000		39.9106		2.85209		2139.07		-1762.31		376.759		5.48719
		4050		40.4095		2.88131		2160.98		-1784.22		376.765		5.57388
		4100		40.9084		2.94745		2210.59		-1833.82		376.766		5.67633
		4150		41.4073		2.84194		2131.45		-1754.68		376.775		5.8152
		4200		41.9061		3.04509		2283.82		-1907.07		376.747		5.99224
		4250		42.405		2.83692		2127.69		-1750.91		376.778		6.19061
		4300		42.9039		2.90276		2177.07		-1800.31		376.759		6.36772
		4350		43.4028		2.95925		2219.44		-1842.68		376.761		6.51993
		4400		43.9017		2.97225		2229.19		-1852.42		376.767		6.65565
		4450		44.4006		3.02212		2266.59		-1889.83		376.753		6.79955
		4500		44.8994		2.95362		2215.22		-1838.46		376.757		6.97174
		4550		45.3983		2.91682		2187.62		-1810.86		376.759		7.15283
		4600		45.8972		2.90336		2177.52		-1800.76		376.759		7.30734
		4650		46.3961		2.89592		2171.94		-1795.18		376.755		7.43445
		4700		46.895		2.87211		2154.08		-1777.32		376.762		7.5519
		4750		47.3939		2.84093		2130.69		-1753.93		376.761		7.67593
		4800		47.8927		2.79824		2098.68		-1721.92		376.761		7.78658
		4850		48.3916		2.87246		2154.34		-1777.59		376.753		7.88036
		4900		48.8905		2.8417		2131.27		-1754.51		376.765		7.9678
		4950		49.3894		2.888		2166		-1789.24		376.757		8.05493
		5000		49.8883		2.82737		2120.53		-1743.77		376.763		8.14962
		5050		50.3872		2.79208		2094.06		-1717.3		376.767		8.23615
		5100		50.886		2.8748		2156.1		-1779.34		376.761		8.29417
		5150		51.3849		2.96576		2224.32		-1847.56		376.76		8.32637
		5200		51.8838		2.89567		2171.75		-1794.99		376.764		8.34748
		5250		52.3827		2.85936		2144.52		-1767.76		376.76		8.38578
		5300		52.8816		2.76357		2072.67		-1695.91		376.766		8.4654
		5350		53.3804		2.85045		2137.83		-1761.07		376.762		8.57038
		5400		53.8793		2.94428		2208.21		-1831.45		376.754		8.65407
		5450		54.3782		2.80227		2101.7		-1724.93		376.77		8.71499
		5500		54.8771		2.97862		2233.96		-1857.2		376.761		8.76916
		5550		55.376		2.99821		2248.66		-1871.9		376.757		8.82717
		5600		55.8749		2.76498		2073.73		-1696.96		376.771		8.90065
		5650		56.3737		2.84837		2136.28		-1759.52		376.754		8.97735
		5700		56.8726		2.78257		2086.93		-1710.16		376.772		9.03294
		5750		57.3715		2.90943		2182.07		-1805.31		376.761		9.06935
		5800		57.8704		2.93734		2203		-1826.24		376.767		9.11798
		5850		58.3693		2.8494		2137.05		-1760.28		376.765		9.18145
		5900		58.8682		2.87503		2156.27		-1779.52		376.748		9.2603
		5950		59.367		2.85013		2137.6		-1760.84		376.762		9.35362
		6000		59.8659		2.86339		2147.55		-1770.8		376.751		9.46373
		6050		60.3648		2.77171		2078.78		-1702.02		376.766		9.57626
		6100		60.8637		2.90628		2179.71		-1802.96		376.757		9.68615
		6150		61.3626		2.94392		2207.94		-1831.18		376.759		9.79945
		6200		61.8615		2.82379		2117.84		-1741.07		376.772		9.91386
		6250		62.3603		2.8362		2127.15		-1750.39		376.761		10.0287
		6300		62.8592		2.86322		2147.42		-1770.65		376.765		10.1454
		6350		63.3581		2.88871		2166.53		-1789.78		376.758		10.2572
		6400		63.857		2.74256		2056.92		-1680.14		376.779		10.3489
		6450		64.3559		2.98179		2236.34		-1859.59		376.754		10.3987
		6500		64.8547		2.9171		2187.82		-1811.06		376.763		10.4347
		6550		65.3536		2.82748		2120.61		-1743.84		376.769		10.456
		6600		65.8525		2.95938		2219.53		-1842.78		376.756		10.4592
		6650		66.3514		2.91513		2186.34		-1809.58		376.763		10.4863
		6700		66.8503		2.98028		2235.21		-1858.44		376.769		10.5813
		6750		67.3492		3.04369		2282.77		-1906.02		376.748		10.7462
		6800		67.848		2.85016		2137.62		-1760.85		376.765		10.9207
		6850		68.3469		2.97503		2231.27		-1854.52		376.754		11.0333
		6900		68.8458		2.87747		2158.1		-1781.35		376.758		11.0917
		6950		69.3447		2.75246		2064.35		-1687.58		376.767		11.1419
		7000		69.8436		2.81016		2107.62		-1730.85		376.764		11.2258
		7050		70.3425		2.94423		2208.17		-1831.42		376.753		11.3513
		7100		70.8413		2.80551		2104.14		-1727.37		376.769		11.5074
		7150		71.3402		2.81683		2112.62		-1735.86		376.763		11.6456
		7200		71.8391		2.80179		2101.34		-1724.57		376.765		11.7596
		7250		72.338		2.80439		2103.29		-1726.52		376.768		11.8586
		7300		72.8369		2.93058		2197.93		-1821.17		376.761		11.9606
		7350		73.3358		2.8314		2123.55		-1746.78		376.768		12.0609
		7400		73.8346		2.78077		2085.58		-1708.82		376.761		12.1527
		7450		74.3335		2.93154		2198.65		-1821.89		376.761		12.2504
		7500		74.8324		2.89614		2172.11		-1795.34		376.764		12.3734
		7550		75.3313		2.83446		2125.85		-1749.08		376.769		12.5094
		7600		75.8302		2.88961		2167.21		-1790.45		376.761		12.6432
		7650		76.329		2.83728		2127.96		-1751.2		376.761		12.7571
		7700		76.8279		2.82727		2120.45		-1743.69		376.759		12.849
		7750		77.3268		2.87477		2156.08		-1779.32		376.757		12.915
		7800		77.8257		2.96896		2226.72		-1849.96		376.758		12.9539
		7850		78.3246		2.85917		2144.38		-1767.61		376.771		12.9895
		7900		78.8235		2.84396		2132.97		-1756.21		376.763		13.0581
		7950		79.3223		2.83303		2124.78		-1748.01		376.764		13.1686
		8000		79.8212		2.79666		2097.5		-1720.74		376.761		13.2941
		8050		80.3201		2.76894		2076.71		-1699.94		376.761		13.4093
		8100		80.819		2.79715		2097.87		-1721.1		376.767		13.5179
		8150		81.3179		2.7638		2072.85		-1696.09		376.762		13.6273
		8200		81.8168		2.78473		2088.55		-1711.78		376.765		13.6918
		8250		82.3156		2.84531		2133.98		-1757.21		376.769		13.7162
		8300		82.8145		2.94244		2206.83		-1830.07		376.762		13.7482
		8350		83.3134		2.89501		2171.26		-1794.49		376.764		13.8177
		8400		83.8123		2.82223		2116.68		-1739.91		376.767		13.9222
		8450		84.3112		2.9015		2176.12		-1799.37		376.757		14.0246
		8500		84.8101		2.86767		2150.76		-1773.99		376.761		14.1122
		8550		85.3089		2.87792		2158.44		-1781.67		376.77		14.1918
		8600		85.8078		2.94294		2207.2		-1830.44		376.758		14.2836
		8650		86.3067		2.82517		2118.88		-1742.12		376.758		14.4054
		8700		86.8056		2.84298		2132.24		-1755.48		376.76		14.5183
		8750		87.3045		2.91235		2184.26		-1807.51		376.754		14.6138
		8800		87.8034		2.75543		2066.58		-1689.8		376.778		14.72
		8850		88.3022		2.89627		2172.2		-1795.44		376.755		14.8147
		8900		88.8011		2.82824		2121.18		-1744.42		376.767		14.9263
		8950		89.3		2.89322		2169.92		-1793.15		376.765		15.051
		9000		89.7989		2.97215		2229.11		-1852.36		376.754		15.172
		9050		90.2978		2.82		2115		-1738.23		376.771		15.3171
		9100		90.7966		2.86551		2149.13		-1772.38		376.757		15.4512
		9150		91.2955		2.84163		2131.22		-1754.46		376.763		15.5573
		9200		91.7944		2.85319		2139.89		-1763.13		376.762		15.6602
		9250		92.2933		2.86474		2148.56		-1771.8		376.762		15.7584
		9300		92.7922		2.87338		2155.04		-1778.27		376.768		15.8606
		9350		93.2911		2.89917		2174.38		-1797.62		376.755		16.004
		9400		93.7899		2.73351		2050.13		-1673.37		376.767		16.145
		9450		94.2888		2.72141		2041.06		-1664.3		376.757		16.2174
		9500		94.7877		2.84364		2132.73		-1755.98		376.755		16.2133
		9550		95.2866		2.80099		2100.74		-1723.97		376.774		16.1831
		9600		95.7855		2.89211		2169.08		-1792.33		376.755		16.1666
		9650		96.2844		2.91659		2187.45		-1810.69		376.76		16.1898
		9700		96.7832		2.81105		2108.29		-1731.52		376.766		16.2636
		9750		97.2821		2.80848		2106.36		-1729.6		376.767		16.3554
		9800		97.781		2.96688		2225.16		-1848.4		376.759		16.4195
		9850		98.2799		2.94216		2206.62		-1829.86		376.764		16.4714
		9900		98.7788		2.87397		2155.48		-1778.72		376.764		16.5397
		9950		99.2777		2.87566		2156.74		-1779.98		376.763		16.6077
		10000		99.7765		2.98166		2236.24		-1859.49		376.753		16.6552
		10050		100.275		2.92412		2193.09		-1816.32		376.767		16.7088
		10100		100.774		2.96093		2220.7		-1843.93		376.764		16.7939
		10150		101.273		2.96342		2222.57		-1845.81		376.763		16.8979
		10200		101.772		2.86978		2152.34		-1775.57		376.763		17.0216
		10250		102.271		2.89896		2174.22		-1797.46		376.757		17.1783
		10300		102.77		2.94522		2208.91		-1832.15		376.758		17.3104
		10350		103.269		2.93934		2204.51		-1827.74		376.768		17.4285
		10400		103.768		2.99414		2245.61		-1868.85		376.757		17.5436
		10450		104.266		2.82182		2116.36		-1739.59		376.772		17.6436
		10500		104.765		2.87901		2159.26		-1782.5		376.759		17.743
		10550		105.264		2.8866		2164.95		-1788.19		376.761		17.8282
		10600		105.763		2.8499		2137.43		-1760.66		376.771		17.8987
		10650		106.262		2.84882		2136.62		-1759.85		376.769		17.9528
		10700		106.761		2.88184		2161.38		-1784.62		376.759		17.9752
		10750		107.26		2.85769		2143.27		-1766.5		376.77		18.0022
		10800		107.759		2.98353		2237.65		-1860.89		376.763		18.0908
		10850		108.258		3.04764		2285.73		-1908.97		376.764		18.2376
		10900		108.756		2.97655		2232.41		-1855.65		376.763		18.4307
		10950		109.255		2.80576		2104.32		-1727.55		376.77		18.6493
		11000		109.754		2.88417		2163.13		-1786.36		376.762		18.8107
		11050		110.253		2.87588		2156.91		-1780.15		376.76		18.9266
		11100		110.752		2.78655		2089.91		-1713.15		376.757		19.0266
		11150		111.251		2.81852		2113.89		-1737.12		376.766		19.1203
		11200		111.75		2.94771		2210.78		-1834.02		376.76		19.256
		11250		112.249		2.8248		2118.6		-1741.83		376.768		19.4591
		11300		112.747		2.8502		2137.65		-1760.88		376.767		19.7066
		11350		113.246		2.92335		2192.51		-1815.76		376.755		19.9507
		11400		113.745		2.77986		2084.9		-1708.13		376.769		20.1612
		11450		114.244		2.75677		2067.58		-1690.81		376.765		20.3126
		11500		114.743		2.90013		2175.1		-1798.35		376.753		20.4416
		11550		115.242		2.8504		2137.8		-1761.03		376.768		20.5469
		11600		115.741		2.82067		2115.5		-1738.73		376.767		20.6192
		11650		116.24		2.88792		2165.94		-1789.19		376.754		20.7225
		11700		116.739		2.72606		2044.54		-1667.77		376.771		20.8762
		11750		117.237		2.76004		2070.03		-1693.26		376.764		21.0075
		11800		117.736		2.86093		2145.69		-1768.93		376.765		21.059
		11850		118.235		2.99989		2249.92		-1873.16		376.755		21.0946
		11900		118.734		2.88231		2161.74		-1784.97		376.767		21.1755
		11950		119.233		2.85493		2141.2		-1764.44		376.756		21.2757
		12000		119.732		2.87208		2154.06		-1777.3		376.764		21.3997
		12050		120.231		3.0045		2253.37		-1876.62		376.755		21.5379
		12100		120.73		2.76205		2071.54		-1694.76		376.775		21.6931
		12150		121.228		2.73889		2054.17		-1677.4		376.767		21.8572
		12200		121.727		2.85334		2140.01		-1763.24		376.764		21.9888
		12250		122.226		2.82306		2117.3		-1740.53		376.768		22.0887
		12300		122.725		2.91605		2187.04		-1810.28		376.76		22.226
		12350		123.224		2.98626		2239.7		-1862.93		376.761		22.3713
		12400		123.723		2.94332		2207.49		-1830.73		376.758		22.4879
		12450		124.222		2.82252		2116.89		-1740.13		376.767		22.6082
		12500		124.721		2.85823		2143.67		-1766.91		376.761		22.7648
		12550		125.22		2.85389		2140.42		-1763.65		376.763		22.9607
		12600		125.718		2.93513		2201.35		-1824.59		376.762		23.1686
		12650		126.217		2.98399		2237.99		-1861.23		376.76		23.3389
		12700		126.716		2.80669		2105.02		-1728.25		376.768		23.4834
		12750		127.215		2.77479		2081.09		-1704.33		376.763		23.5769
		12800		127.714		2.77655		2082.41		-1705.65		376.763		23.6459
		12850		128.213		2.75641		2067.3		-1690.54		376.769		23.7055
		12900		128.712		2.89336		2170.02		-1793.26		376.758		23.7613
		12950		129.211		2.83145		2123.58		-1746.81		376.77		23.8412
		13000		129.709		2.85875		2144.06		-1767.3		376.757		23.943
		13050		130.208		2.81611		2112.09		-1735.33		376.759		24.0005
		13100		130.707		2.80196		2101.47		-1724.71		376.758		23.9974
		13150		131.206		2.79344		2095.08		-1718.3		376.774		23.9744
		13200		131.705		2.96623		2224.67		-1847.92		376.748		23.9371
		13250		132.204		2.76539		2074.05		-1697.27		376.773		23.9398
		13300		132.703		2.82609		2119.57		-1742.81		376.756		24.0169
		13350		133.202		2.76159		2071.19		-1694.42		376.771		24.1409
		13400		133.701		3.02563		2269.22		-1892.48		376.748		24.2454
		13450		134.199		2.87853		2158.9		-1782.13		376.768		24.2736
		13500		134.698		2.80855		2106.42		-1729.66		376.76		24.2458
		13550		135.197		2.79541		2096.55		-1719.79		376.765		24.2549
		13600		135.696		2.8668		2150.1		-1773.35		376.755		24.3391
		13650		136.195		2.85095		2138.22		-1761.45		376.763		24.4266
		13700		136.694		2.85068		2138.01		-1761.25		376.764		24.4671
		13750		137.193		2.82099		2115.74		-1738.98		376.762		24.4919
		13800		137.692		2.8954		2171.55		-1794.79		376.758		24.5381
		13850		138.191		2.92681		2195.11		-1818.35		376.765		24.6425
		13900		138.689		2.96237		2221.78		-1845.01		376.766		24.7385
		13950		139.188		2.89051		2167.88		-1791.12		376.766		24.7691
		14000		139.687		2.84032		2130.24		-1753.48		376.763		24.7826
		14050		140.186		2.91132		2183.49		-1806.73		376.755		24.799
		14100		140.685		2.82495		2118.71		-1741.95		376.765		24.8228
		14150		141.184		2.90705		2180.29		-1803.53		376.756		24.8606
		14200		141.683		2.9334		2200.05		-1823.29		376.766		24.9342
		14250		142.182		3.01899		2264.25		-1887.49		376.759		25.0593
		14300		142.68		2.81052		2107.89		-1731.13		376.763		25.1802
		14350		143.179		2.72318		2042.39		-1665.61		376.773		25.2477
		14400		143.678		2.92476		2193.57		-1816.81		376.761		25.2806
		14450		144.177		2.87927		2159.45		-1782.69		376.762		25.3149
		14500		144.676		2.84373		2132.8		-1756.04		376.759		25.3425
		14550		145.175		2.93165		2198.74		-1821.98		376.754		25.3823
		14600		145.674		2.87524		2156.43		-1779.67		376.764		25.4357
		14650		146.173		2.79424		2095.68		-1718.92		376.759		25.505
		14700		146.672		2.8663		2149.73		-1772.97		376.761		25.5976
		14750		147.17		3.00345		2252.59		-1875.83		376.758		25.7606
		14800		147.669		2.94376		2207.82		-1831.06		376.763		25.9733
		14850		148.168		2.81198		2108.98		-1732.21		376.773		26.1603
		14900		148.667		2.87116		2153.37		-1776.61		376.758		26.312
		14950		149.166		2.83825		2128.69		-1751.92		376.768		26.4306
		15000		149.665		2.91115		2183.36		-1806.61		376.756		26.5316
		15050		150.164		2.74158		2056.19		-1679.42		376.77		26.6165
		15100		150.663		2.78288		2087.16		-1710.39		376.767		26.686
		15150		151.161		2.86706		2150.29		-1773.54		376.759		26.7445
		15200		151.66		2.87823		2158.68		-1781.91		376.761		26.7706
		15250		152.159		2.80895		2106.71		-1729.94		376.769		26.7729
		15300		152.658		2.74915		2061.86		-1685.1		376.762		26.8454
		15350		153.157		2.8111		2108.32		-1731.56		376.76		26.9977
		15400		153.656		2.86859		2151.44		-1774.68		376.761		27.1513
		15450		154.155		2.90388		2177.91		-1801.15		376.765		27.2636
		15500		154.654		2.85827		2143.7		-1766.94		376.761		27.3707
		15550		155.153		2.71532		2036.49		-1659.73		376.763		27.4955
		15600		155.651		2.72255		2041.91		-1665.16		376.752		27.6216
		15650		156.15		2.68329		2012.47		-1635.7		376.775		27.7231
		15700		156.649		2.84687		2135.15		-1758.39		376.759		27.7813
		15750		157.148		2.84389		2132.92		-1756.15		376.769		27.7918
		15800		157.647		2.93229		2199.22		-1822.46		376.758		27.8129
		15850		158.146		2.95165		2213.73		-1836.97		376.76		27.9175
		15900		158.645		2.90628		2179.71		-1802.96		376.756		28.085
		15950		159.144		2.78369		2087.77		-1711		376.768		28.2318
		16000		159.642		2.83906		2129.29		-1752.53		376.76		28.3743
		16050		160.141		2.81977		2114.83		-1738.06		376.764		28.5797
		16100		160.64		2.91385		2185.39		-1808.64		376.753		28.773
		16150		161.139		2.84304		2132.28		-1755.52		376.757		28.9142
		16200		161.638		2.77354		2080.16		-1703.39		376.769		29.0722
		16250		162.137		2.8082		2106.15		-1729.38		376.768		29.2613
		16300		162.636		2.79953		2099.65		-1722.89		376.755		29.4809
		16350		163.135		2.80558		2104.19		-1727.43		376.758		29.629
		16400		163.634		2.75198		2063.98		-1687.21		376.776		29.6908
		16450		164.132		2.94033		2205.25		-1828.49		376.753		29.7724
		16500		164.631		2.93627		2202.2		-1825.44		376.761		29.9294
		16550		165.13		2.84709		2135.32		-1758.56		376.761		30.1152
		16600		165.629		2.84527		2133.95		-1757.19		376.762		30.2927
		16650		166.128		2.86107		2145.8		-1769.04		376.757		30.4043
		16700		166.627		2.74218		2056.64		-1679.87		376.768		30.4639
		16750		167.126		2.84895		2136.71		-1759.95		376.762		30.513
		16800		167.625		2.99296		2244.72		-1867.96		376.758		30.5564
		16850		168.123		2.88364		2162.73		-1785.96		376.773		30.5908
		16900		168.622		2.92919		2196.89		-1820.12		376.766		30.6213
		16950		169.121		2.92228		2191.71		-1814.95		376.756		30.6678
		17000		169.62		2.85263		2139.48		-1762.71		376.761		30.7708
		17050		170.119		2.91673		2187.55		-1810.79		376.754		30.9356
		17100		170.618		2.8862		2164.65		-1787.88		376.763		31.0956
		17150		171.117		2.83339		2125.04		-1748.28		376.769		31.204
		17200		171.616		2.82139		2116.04		-1739.27		376.767		31.284
		17250		172.115		2.91616		2187.12		-1810.36		376.759		31.4371
		17300		172.613		2.86677		2150.08		-1773.32		376.764		31.6786
		17350		173.112		2.81604		2112.03		-1735.26		376.77		31.9673
		17400		173.611		2.91687		2187.65		-1810.9		376.758		32.3068
		17450		174.11		2.95982		2219.87		-1843.11		376.755		32.6389
		17500		174.609		2.80074		2100.56		-1723.78		376.773		32.9278
		17550		175.108		2.83008		2122.56		-1745.79		376.766		33.1487
		17600		175.607		2.99353		2245.15		-1868.39		376.757		33.2912
		17650		176.106		2.86878		2151.59		-1774.82		376.766		33.4127
		17700		176.604		2.79954		2099.65		-1722.89		376.762		33.529
		17750		177.103		2.80961		2107.21		-1730.45		376.763		33.6203
		17800		177.602		2.77884		2084.13		-1707.37		376.762		33.6918
		17850		178.101		2.82613		2119.6		-1742.83		376.762		33.7763
		17900		178.6		3.09298		2319.74		-1942.98		376.759		33.8868
		17950		179.099		3.02786		2270.9		-1894.13		376.762		34.0074
		18000		179.598		2.81718		2112.88		-1736.12		376.764		34.1196
		18050		180.097		2.81272		2109.54		-1732.78		376.763		34.1849
		18100		180.596		2.91203		2184.03		-1807.26		376.761		34.242
		18150		181.094		3.01037		2257.77		-1881.02		376.757		34.375
		18200		181.593		2.88363		2162.72		-1785.96		376.761		34.5794
		18250		182.092		2.78377		2087.83		-1711.06		376.768		34.7346
		18300		182.591		2.99131		2243.48		-1866.73		376.759		34.8207
		18350		183.09		2.95019		2212.64		-1835.88		376.762		34.9199
		18400		183.589		2.85346		2140.1		-1763.34		376.761		35.0267
		18450		184.088		2.87915		2159.37		-1782.6		376.764		35.1337
		18500		184.587		2.92109		2190.82		-1814.06		376.763		35.2494
		18550		185.085		2.90135		2176.02		-1799.25		376.764		35.3772
		18600		185.584		2.88633		2164.75		-1787.98		376.768		35.5237
		18650		186.083		2.98047		2235.35		-1858.59		376.758		35.6892
		18700		186.582		2.92647		2194.85		-1818.09		376.761		35.8671
		18750		187.081		2.83855		2128.91		-1752.15		376.761		36.0933
		18800		187.58		2.86165		2146.23		-1769.46		376.77		36.3179
		18850		188.079		2.97539		2231.54		-1854.79		376.747		36.4978
		18900		188.578		2.7013		2025.98		-1649.2		376.777		36.624
		18950		189.077		2.92638		2194.79		-1818.03		376.757		36.7069
		19000		189.575		2.93749		2203.12		-1826.35		376.763		36.7975
		19050		190.074		2.86995		2152.46		-1775.7		376.761		36.8915
		19100		190.573		2.79297		2094.72		-1717.97		376.758		36.9699
		19150		191.072		2.84371		2132.78		-1756.01		376.767		37.0288
		19200		191.571		2.95452		2215.89		-1839.13		376.758		37.0725
		19250		192.07		2.865		2148.75		-1771.98		376.769		37.1429
		19300		192.569		2.87725		2157.94		-1781.18		376.756		37.2788
		19350		193.068		2.83656		2127.42		-1750.66		376.76		37.4364
		19400		193.566		2.8517		2138.77		-1762.01		376.769		37.5618
		19450		194.065		3.00312		2252.34		-1875.58		376.755		37.6143
		19500		194.564		2.94003		2205.02		-1828.26		376.767		37.6217
		19550		195.063		2.92493		2193.69		-1816.93		376.76		37.688
		19600		195.562		2.8669		2150.18		-1773.41		376.772		37.8159
		19650		196.061		2.92167		2191.26		-1814.5		376.756		37.9301
		19700		196.56		2.76714		2075.35		-1698.59		376.769		38.0899
		19750		197.059		2.88825		2166.18		-1789.43		376.755		38.2737
		19800		197.558		2.89134		2168.51		-1791.74		376.763		38.4653
		19850		198.056		2.89167		2168.75		-1792		376.752		38.6568
		19900		198.555		2.69179		2018.84		-1642.07		376.769		38.8132
		19950		199.054		2.77397		2080.48		-1703.72		376.757		38.9143
		20000		199.553		2.87111		2153.33		-1776.58		376.751		38.9916
		20050		200.052		2.82454		2118.4		-1741.64		376.763		39.0939
		20100		200.551		2.83471		2126.03		-1749.27		376.76		39.2311
		20150		201.05		2.91216		2184.12		-1807.37		376.756		39.3854
		20200		201.549		2.86302		2147.27		-1770.51		376.762		39.5004
		20250		202.047		2.87768		2158.26		-1781.5		376.762		39.5225
		20300		202.546		2.87001		2152.51		-1775.74		376.762		39.5149
		20350		203.045		2.81917		2114.38		-1737.62		376.76		39.5147
		20400		203.544		2.82411		2118.08		-1741.31		376.766		39.5374
		20450		204.043		2.90651		2179.88		-1803.13		376.752		39.563
		20500		204.542		2.70867		2031.5		-1654.73		376.775		39.541
		20550		205.041		2.92		2190		-1813.25		376.755		39.451
		20600		205.54		2.95673		2217.54		-1840.78		376.761		39.3787
		20650		206.039		2.91048		2182.86		-1806.1		376.757		39.3676
		20700		206.537		2.86778		2150.84		-1774.07		376.765		39.397
		20750		207.036		2.89791		2173.43		-1796.68		376.753		39.4761
		20800		207.535		2.75438		2065.79		-1689.01		376.774		39.5411
		20850		208.034		2.88407		2163.05		-1786.29		376.76		39.557
		20900		208.533		2.92529		2193.97		-1817.2		376.769		39.5698
		20950		209.032		3.02947		2272.1		-1895.34		376.757		39.626
		21000		209.531		2.84418		2133.13		-1756.37		376.763		39.7486
		21050		210.03		2.8109		2108.18		-1731.42		376.76		39.8355
		21100		210.528		2.83127		2123.45		-1746.69		376.765		39.8328
		21150		211.027		2.86382		2147.86		-1771.1		376.763		39.8232
		21200		211.526		2.85565		2141.74		-1764.98		376.758		39.8386
		21250		212.025		2.74938		2062.04		-1685.26		376.772		39.8649
		21300		212.524		2.82375		2117.81		-1741.05		376.76		39.938
		21350		213.023		2.84341		2132.56		-1755.81		376.752		40.0211
		21400		213.522		2.82716		2120.37		-1743.61		376.757		40.1116
		21450		214.021		2.87389		2155.42		-1778.66		376.761		40.215
		21500		214.52		2.90268		2177.01		-1800.25		376.759		40.3313
		21550		215.018		2.84688		2135.16		-1758.4		376.763		40.4403
		21600		215.517		2.90987		2182.4		-1805.65		376.753		40.5323
		21650		216.016		2.91088		2183.16		-1806.4		376.759		40.604
		21700		216.515		2.84602		2134.51		-1757.75		376.764		40.6264
		21750		217.014		2.83376		2125.32		-1748.56		376.761		40.6759
		21800		217.513		2.83827		2128.7		-1751.94		376.767		40.7923
		21850		218.012		2.89919		2174.39		-1797.63		376.757		40.9125
		21900		218.511		2.86469		2148.52		-1771.76		376.756		41.0422
		21950		219.009		2.73815		2053.61		-1676.84		376.776		41.1351
		22000		219.508		2.83279		2124.59		-1747.84		376.755		41.1662
		22050		220.007		2.84149		2131.12		-1754.35		376.771		41.223
		22100		220.506		3.00124		2250.93		-1874.18		376.753		41.3302
		22150		221.005		2.90578		2179.34		-1802.57		376.765		41.4317
		22200		221.504		2.89202		2169.01		-1792.24		376.77		41.5133
		22250		222.003		2.97708		2232.81		-1856.05		376.76		41.6394
		22300		222.502		2.91033		2182.74		-1806		376.748		41.8125
		22350		223.001		2.68462		2013.46		-1636.69		376.773		41.9518
		22400		223.499		2.91398		2185.49		-1808.73		376.758		42.0011
		22450		223.998		2.83436		2125.77		-1749		376.766		41.9648
		22500		224.497		2.86841		2151.31		-1774.55		376.761		41.9149
		22550		224.996		2.98351		2237.63		-1860.87		376.76		41.9458
		22600		225.495		2.96542		2224.06		-1847.31		376.753		42.0673
		22650		225.994		2.85378		2140.33		-1763.57		376.764		42.1841
		22700		226.493		2.8493		2136.98		-1760.21		376.769		42.2588
		22750		226.992		2.94797		2210.98		-1834.22		376.756		42.2619
		22800		227.491		2.82074		2115.56		-1738.8		376.761		42.2243
		22850		227.989		2.75522		2066.41		-1689.65		376.761		42.1829
		22900		228.488		2.76946		2077.09		-1700.33		376.759		42.2257
		22950		228.987		2.86334		2147.5		-1770.75		376.757		42.3733
		23000		229.486		2.8245		2118.37		-1741.6		376.769		42.5311
		23050		229.985		2.81558		2111.69		-1734.92		376.763		42.6099
		23100		230.484		2.87616		2157.12		-1780.36		376.762		42.6133
		23150		230.983		2.94796		2210.97		-1834.22		376.755		42.5944
		23200		231.482		2.88658		2164.93		-1788.16		376.767		42.5748
		23250		231.98		3.04196		2281.47		-1904.71		376.757		42.6011
		23300		232.479		2.95159		2213.69		-1836.92		376.767		42.7612
		23350		232.978		2.93429		2200.72		-1823.96		376.758		43.0093
		23400		233.477		2.88997		2167.48		-1790.71		376.769		43.2534
		23450		233.976		2.86966		2152.25		-1775.49		376.762		43.4693
		23500		234.475		2.85742		2143.06		-1766.3		376.769		43.5937
		23550		234.974		2.95694		2217.7		-1840.94		376.758		43.6261
		23600		235.473		2.89522		2171.42		-1794.65		376.769		43.6164
		23650		235.972		2.96353		2222.65		-1845.89		376.76		43.6254
		23700		236.47		2.95925		2219.44		-1842.68		376.758		43.7608
		23750		236.969		2.82683		2120.12		-1743.35		376.771		44.0155
		23800		237.468		2.87585		2156.89		-1780.13		376.76		44.2851
		23850		237.967		2.84275		2132.06		-1755.29		376.769		44.5005
		23900		238.466		2.87206		2154.05		-1777.29		376.756		44.6994
		23950		238.965		2.86935		2152.01		-1775.25		376.763		44.8803
		24000		239.464		2.85247		2139.35		-1762.59		376.768		45.0405
		24050		239.963		2.87764		2158.23		-1781.46		376.766		45.2349
		24100		240.461		2.95863		2218.97		-1842.21		376.761		45.435
		24150		240.96		2.95064		2212.98		-1836.22		376.755		45.6109
		24200		241.459		2.79588		2096.91		-1720.14		376.768		45.782
		24250		241.958		2.91538		2186.53		-1809.78		376.756		45.9533
		24300		242.457		2.85918		2144.39		-1767.62		376.766		46.1214
		24350		242.956		2.81603		2112.02		-1735.26		376.765		46.2706
		24400		243.455		2.78971		2092.28		-1715.52		376.769		46.4351
		24450		243.954		2.83161		2123.71		-1746.94		376.766		46.5845
		24500		244.453		2.88804		2166.03		-1789.27		376.76		46.6543
		24550		244.951		2.86461		2148.46		-1771.69		376.764		46.6749
		24600		245.45		2.8165		2112.37		-1735.61		376.765		46.6689
		24650		245.949		2.80005		2100.04		-1723.28		376.764		46.6675
		24700		246.448		2.82609		2119.57		-1742.81		376.762		46.6922
		24750		246.947		2.90099		2175.74		-1798.99		376.752		46.7432
		24800		247.446		2.80832		2106.24		-1729.47		376.768		46.8169
		24850		247.945		2.73913		2054.34		-1677.58		376.765		46.977
		24900		248.444		2.79664		2097.48		-1720.72		376.761		47.2311
		24950		248.942		2.88912		2166.84		-1790.07		376.763		47.4905
		25000		249.441		2.82424		2118.18		-1741.41		376.767		47.6641
		25050		249.94		2.85379		2140.35		-1763.59		376.756		47.7431
		25100		250.439		2.83025		2122.68		-1745.91		376.771		47.7732
		25150		250.938		2.94432		2208.24		-1831.48		376.756		47.7936
		25200		251.437		2.90688		2180.16		-1803.4		376.762		47.7747
		25250		251.936		2.83672		2127.54		-1750.78		376.76		47.6594
		25300		252.435		2.77504		2081.28		-1704.52		376.761		47.589
		25350		252.934		2.97306		2229.79		-1853.04		376.752		47.6635
		25400		253.432		2.9514		2213.55		-1836.8		376.751		47.8144
		25450		253.931		2.7728		2079.6		-1702.84		376.767		47.9588
		25500		254.43		2.87818		2158.63		-1781.88		376.756		48.0892
		25550		254.929		2.83052		2122.89		-1746.12		376.768		48.2541
		25600		255.428		2.86045		2145.34		-1768.58		376.757		48.4461
		25650		255.927		2.81629		2112.22		-1735.45		376.765		48.6287
		25700		256.426		2.89613		2172.1		-1795.34		376.753		48.7834
		25750		256.925		2.83353		2125.15		-1748.38		376.767		48.8969
		25800		257.423		2.98199		2236.49		-1859.73		376.761		49.0037
		25850		257.922		2.90255		2176.91		-1800.16		376.759		49.0788
		25900		258.421		2.83177		2123.83		-1747.07		376.754		49.106
		25950		258.92		2.76152		2071.14		-1694.37		376.766		49.1387
		26000		259.419		2.85858		2143.93		-1767.18		376.757		49.2569
		26050		259.918		2.89859		2173.94		-1797.18		376.761		49.4376
		26100		260.417		2.74514		2058.85		-1682.08		376.777		49.6044
		26150		260.916		2.92415		2193.11		-1816.36		376.754		49.7301
		26200		261.415		2.94114		2205.86		-1829.08		376.773		49.8749
		26250		261.913		3.01838		2263.79		-1887.02		376.764		50.0101
		26300		262.412		2.93142		2198.56		-1821.8		376.761		50.0511
		26350		262.911		2.85442		2140.81		-1764.05		376.764		50.0053
		26400		263.41		2.90918		2181.89		-1805.12		376.769		49.9842
		26450		263.909		2.84603		2134.52		-1757.75		376.774		50.0099
		26500		264.408		2.92004		2190.03		-1813.27		376.755		50.0496
		26550		264.907		2.86315		2147.36		-1770.6		376.764		50.0691
		26600		265.406		2.94756		2210.67		-1833.92		376.751		50.0737
		26650		265.904		2.88749		2165.62		-1788.86		376.764		50.0959
		26700		266.403		2.94014		2205.11		-1828.35		376.76		50.2018
		26750		266.902		2.93291		2199.68		-1822.92		376.763		50.3794
		26800		267.401		2.82604		2119.53		-1742.76		376.771		50.515
		26850		267.9		2.81665		2112.49		-1735.72		376.768		50.4961
		26900		268.399		2.89546		2171.59		-1794.84		376.755		50.4253
		26950		268.898		2.77214		2079.1		-1702.33		376.776		50.4232
		27000		269.397		2.89656		2172.42		-1795.65		376.763		50.5074
		27050		269.896		3.03266		2274.49		-1897.73		376.763		50.6518
		27100		270.394		2.966		2224.5		-1847.74		376.761		50.762
		27150		270.893		2.83468		2126.01		-1749.25		376.761		50.8011
		27200		271.392		2.87922		2159.41		-1782.65		376.759		50.7789
		27250		271.891		2.90297		2177.22		-1800.47		376.758		50.7655
		27300		272.39		2.8108		2108.1		-1731.33		376.771		50.7619
		27350		272.889		2.87085		2153.14		-1776.38		376.76		50.7028
		27400		273.388		2.86737		2150.53		-1773.76		376.766		50.5954
		27450		273.887		2.95426		2215.69		-1838.94		376.756		50.51
		27500		274.385		2.86339		2147.54		-1770.78		376.764		50.5506
		27550		274.884		2.76715		2075.36		-1698.6		376.763		50.7099
		27600		275.383		2.85717		2142.88		-1766.13		376.75		50.8535
		27650		275.882		2.71677		2037.58		-1660.8		376.775		50.9684
		27700		276.381		2.86657		2149.92		-1773.17		376.752		51.091
		27750		276.88		2.87334		2155.01		-1778.24		376.766		51.2343
		27800		277.379		2.87387		2155.4		-1778.65		376.755		51.4022
		27850		277.878		2.75492		2066.19		-1689.43		376.759		51.6022
		27900		278.377		2.88825		2166.19		-1789.43		376.757		51.8045
		27950		278.875		2.94607		2209.55		-1832.8		376.755		51.9907
		28000		279.374		2.8397		2129.78		-1753.01		376.77		52.135
		28050		279.873		2.86412		2148.09		-1771.33		376.763		52.1947
		28100		280.372		2.76286		2072.14		-1695.39		376.758		52.2007
		28150		280.871		2.84283		2132.12		-1755.36		376.761		52.2241
		28200		281.37		3.04198		2281.48		-1904.73		376.753		52.2785
		28250		281.869		2.84163		2131.22		-1754.46		376.766		52.3545
		28300		282.368		2.83431		2125.73		-1748.98		376.754		52.487
		28350		282.866		2.87782		2158.36		-1781.61		376.75		52.6193
		28400		283.365		2.75692		2067.69		-1690.92		376.771		52.6881
		28450		283.864		2.94787		2210.9		-1834.14		376.755		52.7119
		28500		284.363		2.89307		2169.8		-1793.04		376.767		52.7144
		28550		284.862		2.84857		2136.43		-1759.67		376.759		52.7142
		28600		285.361		2.83926		2129.45		-1752.68		376.77		52.6577
		28650		285.86		2.93854		2203.91		-1827.15		376.758		52.5186
		28700		286.359		2.93264		2199.48		-1822.72		376.763		52.4264
		28750		286.858		2.98465		2238.49		-1861.73		376.754		52.5016
		28800		287.356		2.75659		2067.44		-1690.68		376.768		52.6858
		28850		287.855		2.83386		2125.39		-1748.63		376.762		52.8081
		28900		288.354		2.90016		2175.12		-1798.36		376.762		52.9112
		28950		288.853		2.82328		2117.46		-1740.7		376.765		53.0399
		29000		289.352		2.86963		2152.22		-1775.47		376.757		53.1484
		29050		289.851		2.77363		2080.22		-1703.45		376.771		53.2361
		29100		290.35		2.80908		2106.81		-1730.05		376.76		53.3299
		29150		290.849		2.82876		2121.57		-1744.81		376.761		53.4548
		29200		291.347		2.82804		2121.03		-1744.28		376.754		53.5293
		29250		291.846		2.84469		2133.52		-1756.75		376.766		53.6275
		29300		292.345		2.96546		2224.09		-1847.34		376.75		53.7493
		29350		292.844		2.82461		2118.46		-1741.69		376.77		53.813
		29400		293.343		2.89255		2169.41		-1792.66		376.757		53.8483
		29450		293.842		2.82856		2121.42		-1744.66		376.764		53.9024
		29500		294.341		2.85241		2139.31		-1762.54		376.765		54.0749
		29550		294.84		2.85471		2141.03		-1764.27		376.763		54.3799
		29600		295.339		2.82563		2119.22		-1742.46		376.766		54.688
		29650		295.837		2.84378		2132.84		-1756.08		376.756		54.8666
		29700		296.336		2.73305		2049.79		-1673.01		376.771		54.95
		29750		296.835		2.8215		2116.13		-1739.36		376.764		55.0247
		29800		297.334		2.89044		2167.83		-1791.07		376.76		55.098
		29850		297.833		2.84836		2136.27		-1759.51		376.76		55.2059
		29900		298.332		2.74337		2057.52		-1680.76		376.768		55.306
		29950		298.831		2.89556		2171.67		-1794.92		376.753		55.3512
		30000		299.33		2.80511		2103.83		-1727.07		376.763		55.392
		30050		299.828		2.79118		2093.38		-1716.62		376.765		55.432
		30100		300.327		2.85191		2138.94		-1762.18		376.755		55.4865
		30150		300.826		2.84204		2131.53		-1754.76		376.767		55.5458
		30200		301.325		2.99928		2249.46		-1872.7		376.756		55.5351
		30250		301.824		2.85501		2141.26		-1764.5		376.76		55.4928
		30300		302.323		2.63772		1978.29		-1601.52		376.775		55.5276
		30350		302.822		2.88004		2160.03		-1783.28		376.747		55.6691
		30400		303.321		2.79675		2097.56		-1720.79		376.776		55.8695
		30450		303.82		2.90962		2182.21		-1805.46		376.752		56.045
		30500		304.318		2.88251		2161.88		-1785.12		376.763		56.1602
		30550		304.817		2.84058		2130.43		-1753.67		376.763		56.2674
		30600		305.316		2.86618		2149.63		-1772.87		376.761		56.4622
		30650		305.815		2.86424		2148.18		-1771.41		376.772		56.7365
		30700		306.314		2.96747		2225.61		-1848.85		376.758		56.9875
		30750		306.813		2.84936		2137.02		-1760.25		376.768		57.2094
		30800		307.312		2.80424		2103.18		-1726.42		376.759		57.4363
		30850		307.811		2.78459		2088.44		-1711.68		376.768		57.6442
		30900		308.309		2.91933		2189.5		-1812.75		376.755		57.8245
		30950		308.808		2.84206		2131.55		-1754.78		376.765		57.9941
		31000		309.307		2.90843		2181.32		-1804.56		376.76		58.16
		31050		309.806		2.95391		2215.43		-1838.68		376.756		58.3264
		31100		310.305		2.90835		2181.27		-1804.5		376.763		58.409
		31150		310.804		2.97421		2230.65		-1853.89		376.763		58.3594
		31200		311.303		2.97341		2230.05		-1853.29		376.766		58.3083
		31250		311.802		2.94439		2208.29		-1831.53		376.765		58.369
		31300		312.301		2.95901		2219.26		-1842.5		376.756		58.4734
		31350		312.799		2.8995		2174.63		-1797.87		376.757		58.5242
		31400		313.298		2.85586		2141.9		-1765.14		376.756		58.5268
		31450		313.797		2.87909		2159.32		-1782.55		376.763		58.5723
		31500		314.296		2.90879		2181.59		-1804.82		376.764		58.7247
		31550		314.795		2.87476		2156.07		-1779.3		376.768		58.8856
		31600		315.294		2.93419		2200.64		-1823.88		376.762		59.0112
		31650		315.793		2.87842		2158.82		-1782.05		376.765		59.1181
		31700		316.292		2.80904		2106.78		-1730.01		376.765		59.2129
		31750		316.791		2.88925		2166.94		-1790.17		376.763		59.3303
		31800		317.289		2.78852		2091.39		-1714.61		376.779		59.4439
		31850		317.788		2.92676		2195.07		-1818.31		376.759		59.4969
		31900		318.287		2.9252		2193.9		-1817.15		376.757		59.5419
		31950		318.786		2.81002		2107.51		-1730.75		376.765		59.608
		32000		319.285		2.86414		2148.1		-1771.35		376.754		59.6568
		32050		319.784		2.8669		2150.18		-1773.42		376.758		59.6769
		32100		320.283		2.85905		2144.29		-1767.53		376.762		59.7017
		32150		320.782		2.92594		2194.45		-1817.7		376.754		59.784
		32200		321.28		2.86494		2148.71		-1771.94		376.763		59.9016
		32250		321.779		2.81006		2107.55		-1730.79		376.762		60.0222
		32300		322.278		2.77518		2081.38		-1704.62		376.766		60.1131
		32350		322.777		2.90155		2176.16		-1799.4		376.766		60.1857
		32400		323.276		2.94273		2207.05		-1830.29		376.755		60.2654
		32450		323.775		2.79265		2094.49		-1717.72		376.771		60.3695
		32500		324.274		2.85508		2141.31		-1764.55		376.762		60.5073
		32550		324.773		2.87093		2153.2		-1776.43		376.765		60.6274
		32600		325.272		2.88167		2161.25		-1784.49		376.764		60.679
		32650		325.77		2.82405		2118.04		-1741.28		376.764		60.6439
		32700		326.269		2.98925		2241.94		-1865.18		376.754		60.6187
		32750		326.768		2.81579		2111.85		-1735.07		376.774		60.6182
		32800		327.267		2.84135		2131.01		-1754.26		376.752		60.6342
		32850		327.766		2.86507		2148.8		-1772.05		376.759		60.7282
		32900		328.265		2.81058		2107.94		-1731.17		376.767		60.8767
		32950		328.764		2.80036		2100.27		-1723.51		376.759		61.0424
		33000		329.263		2.80629		2104.72		-1727.95		376.766		61.1843
		33050		329.761		2.80162		2101.22		-1724.45		376.771		61.2874
		33100		330.26		2.9098		2182.35		-1805.6		376.751		61.3896
		33150		330.759		2.83169		2123.77		-1747		376.766		61.4354
		33200		331.258		2.79872		2099.04		-1722.28		376.762		61.399
		33250		331.757		2.68635		2014.76		-1637.99		376.768		61.3515
		33300		332.256		2.81533		2111.5		-1734.74		376.756		61.3791
		33350		332.755		2.83689		2127.67		-1750.91		376.758		61.4958
		33400		333.254		2.77677		2082.58		-1705.81		376.769		61.5745
		33450		333.753		2.91742		2188.07		-1811.31		376.76		61.5497
		33500		334.251		2.89807		2173.55		-1796.79		376.76		61.5131
		33550		334.75		2.71712		2037.84		-1661.07		376.769		61.5397
		33600		335.249		2.80082		2100.61		-1723.85		376.762		61.628
		33650		335.748		2.83961		2129.71		-1752.95		376.756		61.747
		33700		336.247		2.80537		2104.03		-1727.27		376.758		61.8688
		33750		336.746		2.85621		2142.15		-1765.39		376.762		61.9694
		33800		337.245		2.77327		2079.96		-1703.18		376.778		62.0953
		33850		337.744		2.88202		2161.51		-1784.76		376.757		62.2879
		33900		338.242		2.75913		2069.35		-1692.58		376.769		62.4828
		33950		338.741		2.77287		2079.66		-1702.9		376.76		62.5934
		34000		339.24		2.83705		2127.78		-1751.03		376.757		62.7152
		34050		339.739		2.91087		2183.15		-1806.4		376.759		62.8176
		34100		340.238		2.74501		2058.76		-1681.99		376.764		62.8424
		34150		340.737		2.7923		2094.22		-1717.47		376.758		62.8482
		34200		341.236		2.92236		2191.77		-1815.01		376.761		62.8981
		34250		341.735		2.89012		2167.59		-1790.82		376.764		62.9936
		34300		342.234		2.918		2188.5		-1811.75		376.752		63.1085
		34350		342.732		2.81159		2108.7		-1731.93		376.766		63.276
		34400		343.231		2.83558		2126.69		-1749.92		376.765		63.4402
		34450		343.73		2.94981		2212.35		-1835.59		376.762		63.5313
		34500		344.229		2.99882		2249.12		-1872.36		376.757		63.5815
		34550		344.728		2.83334		2125		-1748.24		376.767		63.5611
		34600		345.227		2.85342		2140.07		-1763.31		376.752		63.5265
		34650		345.726		2.81855		2113.91		-1737.15		376.762		63.6094
		34700		346.225		2.82917		2121.87		-1745.12		376.759		63.7116
		34750		346.723		2.72333		2042.5		-1665.74		376.761		63.7105
		34800		347.222		2.80801		2106.01		-1729.24		376.767		63.6939
		34850		347.721		2.98352		2237.64		-1860.89		376.749		63.7626
		34900		348.22		2.76317		2072.37		-1695.6		376.777		63.9119
		34950		348.719		2.86707		2150.3		-1773.55		376.75		64.0798
		35000		349.218		2.80959		2107.19		-1730.43		376.766		64.2584
		35050		349.717		2.89482		2171.12		-1794.36		376.758		64.465
		35100		350.216		2.89266		2169.49		-1792.74		376.752		64.7307
		35150		350.715		2.72239		2041.79		-1665.02		376.771		64.9869
		35200		351.213		2.84416		2133.12		-1756.36		376.762		65.1337
		35250		351.712		2.92179		2191.34		-1814.58		376.759		65.2947
		35300		352.211		2.81785		2113.39		-1736.62		376.772		65.4047
		35350		352.71		2.93495		2201.21		-1824.45		376.759		65.3561
		35400		353.209		2.94198		2206.49		-1829.73		376.757		65.2535
		35450		353.708		2.93027		2197.7		-1820.95		376.757		65.2409
		35500		354.207		2.83525		2126.44		-1749.67		376.768		65.3538
		35550		354.706		2.82859		2121.44		-1744.68		376.762		65.5083
		35600		355.204		2.91043		2182.82		-1806.07		376.758		65.561
		35650		355.703		2.85005		2137.54		-1760.77		376.767		65.5818
		35700		356.202		2.82895		2121.71		-1744.95		376.759		65.6699
		35750		356.701		2.82554		2119.16		-1742.39		376.765		65.8063
		35800		357.2		2.89353		2170.15		-1793.37		376.77		65.9494
		35850		357.699		2.89086		2168.15		-1791.38		376.765		66.0716
		35900		358.198		2.83265		2124.48		-1747.73		376.759		66.179
		35950		358.697		2.85273		2139.55		-1762.78		376.765		66.2643
		36000		359.196		2.92684		2195.13		-1818.36		376.769		66.3168
		36050		359.694		2.91913		2189.35		-1812.58		376.765		66.3268
		36100		360.193		2.92986		2197.4		-1820.64		376.762		66.2538
		36150		360.692		2.97533		2231.5		-1854.75		376.753		66.1074
		36200		361.191		2.92875		2196.57		-1819.81		376.757		66.0342
		36250		361.69		2.84362		2132.71		-1755.95		376.765		66.1403
		36300		362.189		2.8842		2163.15		-1786.4		376.754		66.3982
		36350		362.688		2.75763		2068.22		-1691.45		376.774		66.7272
		36400		363.187		2.85854		2143.91		-1767.15		376.755		67.0257
		36450		363.685		2.92358		2192.68		-1815.92		376.767		67.1735
		36500		364.184		2.99627		2247.2		-1870.44		376.76		67.2167
		36550		364.683		2.84444		2133.33		-1756.56		376.768		67.2231
		36600		365.182		2.92505		2193.78		-1817.04		376.748		67.3029
		36650		365.681		2.75924		2069.43		-1692.66		376.771		67.482
		36700		366.18		2.86266		2146.99		-1770.23		376.759		67.7053
		36750		366.679		3.01298		2259.74		-1882.98		376.754		67.8956
		36800		367.178		2.93237		2199.28		-1822.52		376.758		68.0791
		36850		367.677		2.70798		2030.98		-1654.22		376.766		68.2373
		36900		368.175		2.77497		2081.23		-1704.47		376.76		68.3199
		36950		368.674		2.8561		2142.08		-1765.31		376.763		68.348
		37000		369.173		2.92831		2196.23		-1819.47		376.763		68.3597
		37050		369.672		2.85879		2144.1		-1767.33		376.765		68.3904
		37100		370.171		2.81964		2114.73		-1737.98		376.756		68.4298
		37150		370.67		2.80209		2101.57		-1724.8		376.769		68.4911
		37200		371.169		2.93786		2203.39		-1826.64		376.757		68.558
		37250		371.668		2.79278		2094.59		-1717.81		376.775		68.692
		37300		372.166		2.87433		2155.75		-1778.99		376.76		68.8865
		37350		372.665		2.93994		2204.96		-1828.2		376.76		69.0069
		37400		373.164		2.88048		2160.36		-1783.59		376.772		69.0633
		37450		373.663		2.94971		2212.28		-1835.52		376.758		69.1221
		37500		374.162		2.85046		2137.84		-1761.07		376.77		69.1759
		37550		374.661		2.912		2184		-1807.24		376.761		69.1822
		37600		375.16		2.8733		2154.98		-1778.21		376.768		69.202
		37650		375.659		2.80721		2105.41		-1728.64		376.773		69.2397
		37700		376.158		2.76925		2076.94		-1700.18		376.759		69.329
		37750		376.656		2.79357		2095.17		-1718.42		376.754		69.4789
		37800		377.155		2.75948		2069.61		-1692.84		376.772		69.6304
		37850		377.654		2.81477		2111.08		-1734.32		376.761		69.7469
		37900		378.153		2.83446		2125.85		-1749.09		376.759		69.7927
		37950		378.652		2.75538		2066.53		-1689.77		376.759		69.8137
		38000		379.151		2.78723		2090.42		-1713.66		376.762		69.8391
		38050		379.65		2.87257		2154.43		-1777.68		376.755		69.8363
		38100		380.149		2.80722		2105.41		-1728.65		376.765		69.8122
		38150		380.647		2.83257		2124.43		-1747.66		376.766		69.7948
		38200		381.146		2.91603		2187.03		-1810.26		376.761		69.8277
		38250		381.645		2.95573		2216.79		-1840.03		376.762		69.9385
		38300		382.144		2.83841		2128.81		-1752.04		376.769		70.0646
		38350		382.643		2.82396		2117.97		-1741.21		376.762		70.1505
		38400		383.142		2.72578		2044.33		-1667.56		376.769		70.2567
		38450		383.641		2.7448		2058.6		-1681.84		376.757		70.4468
		38500		384.14		2.69535		2021.52		-1644.74		376.772		70.6757
		38550		384.639		2.91144		2183.58		-1806.83		376.758		70.868
		38600		385.137		2.91924		2189.43		-1812.67		376.761		70.9837
		38650		385.636		2.71783		2038.37		-1661.6		376.772		71.0783
		38700		386.135		2.84746		2135.6		-1758.84		376.761		71.1905
		38750		386.634		2.82947		2122.1		-1745.34		376.765		71.3761
		38800		387.133		2.7844		2088.3		-1711.53		376.766		71.6081
		38850		387.632		2.79907		2099.3		-1722.54		376.763		71.8532
		38900		388.131		2.71201		2034		-1657.23		376.77		72.0257
		38950		388.63		2.79025		2092.69		-1715.92		376.771		72.0574
		39000		389.128		2.8573		2142.98		-1766.21		376.763		71.9775
		39050		389.627		2.73526		2051.44		-1674.68		376.762		71.9876
		39100		390.126		2.69682		2022.61		-1645.85		376.764		72.113
		39150		390.625		2.72448		2043.36		-1666.59		376.77		72.2435
		39200		391.124		2.83145		2123.59		-1746.82		376.765		72.3179
		39250		391.623		2.88627		2164.7		-1787.95		376.759		72.3181
		39300		392.122		2.87916		2159.37		-1782.6		376.772		72.2613
		39350		392.621		2.97888		2234.16		-1857.41		376.753		72.2998
		39400		393.12		2.79274		2094.56		-1717.78		376.774		72.4396
		39450		393.618		2.85514		2141.36		-1764.59		376.769		72.5729
		39500		394.117		2.8908		2168.1		-1791.34		376.759		72.6961
		39550		394.616		2.91468		2186.01		-1809.24		376.765		72.8461
		39600		395.115		2.87181		2153.85		-1777.09		376.769		72.9505
		39650		395.614		2.8156		2111.7		-1734.93		376.765		72.9864
		39700		396.113		2.91685		2187.64		-1810.88		376.755		73.0393
		39750		396.612		2.90455		2178.41		-1801.64		376.768		73.1402
		39800		397.111		2.95321		2214.91		-1838.15		376.758		73.2278
		39850		397.609		2.90645		2179.84		-1803.07		376.764		73.2045
		39900		398.108		2.8936		2170.2		-1793.44		376.753		73.136
		39950		398.607		2.82913		2121.85		-1745.09		376.763		73.1296
		40000		399.106		2.89826		2173.69		-1796.94		376.757		73.2363
		40050		399.605		2.83735		2128.01		-1751.24		376.767		73.3823
		40100		400.104		2.78069		2085.52		-1708.76		376.76		73.4762
		40150		400.603		2.80065		2100.48		-1723.72		376.768		73.525
		40200		401.102		2.92242		2191.82		-1815.06		376.761		73.6102
		40250		401.601		2.91703		2187.77		-1811.01		376.758		73.7031
		40300		402.099		2.9083		2181.22		-1804.46		376.763		73.7613
		40350		402.598		2.85994		2144.96		-1768.2		376.757		73.8075
		40400		403.097		2.73898		2054.24		-1677.47		376.763		73.8113
		40450		403.596		2.81445		2110.84		-1734.08		376.761		73.8069
		40500		404.095		2.85624		2142.18		-1765.41		376.766		73.8476
		40550		404.594		2.87711		2157.83		-1781.07		376.765		73.937
		40600		405.093		2.8638		2147.85		-1771.09		376.763		74.0863
		40650		405.592		2.86123		2145.92		-1769.16		376.764		74.2738
		40700		406.09		2.87505		2156.29		-1779.52		376.766		74.4702
		40750		406.589		2.95646		2217.35		-1840.6		376.753		74.6268
		40800		407.088		2.83965		2129.74		-1752.97		376.769		74.727
		40850		407.587		2.83124		2123.43		-1746.67		376.762		74.7935
		40900		408.086		2.79301		2094.75		-1717.98		376.773		74.8084
		40950		408.585		2.94448		2208.36		-1831.6		376.756		74.8139
		41000		409.084		2.90388		2177.91		-1801.14		376.764		74.879
		41050		409.583		2.86041		2145.31		-1768.54		376.773		74.9924
		41100		410.082		2.934		2200.5		-1823.74		376.758		75.1608
		41150		410.58		2.77686		2082.64		-1705.86		376.777		75.3491
		41200		411.079		2.92697		2195.23		-1818.47		376.758		75.444
		41250		411.578		2.98802		2241.01		-1864.25		376.76		75.4966
		41300		412.077		2.92205		2191.53		-1814.76		376.775		75.5556
		41350		412.576		2.99358		2245.18		-1868.42		376.762		75.5381
		41400		413.075		2.83557		2126.68		-1749.9		376.777		75.4346
		41450		413.574		2.99949		2249.62		-1872.86		376.762		75.312
		41500		414.073		3.05965		2294.73		-1917.97		376.767		75.3155
		41550		414.572		3.02633		2269.75		-1892.98		376.764		75.4782
		41600		415.07		2.95164		2213.73		-1836.96		376.769		75.7241
		41650		415.569		2.92128		2190.96		-1814.2		376.762		75.9616
		41700		416.068		2.87282		2154.61		-1777.85		376.764		76.0353
		41750		416.567		2.8381		2128.58		-1751.81		376.77		75.946
		41800		417.066		2.79133		2093.49		-1716.73		376.763		75.8704
		41850		417.565		2.72522		2043.92		-1667.15		376.77		75.9321
		41900		418.064		2.7858		2089.35		-1712.59		376.759		76.0978
		41950		418.563		2.77843		2083.83		-1707.06		376.765		76.2619
		42000		419.061		2.79866		2098.99		-1722.23		376.768		76.3761
		42050		419.56		2.87854		2158.9		-1782.14		376.76		76.4352
		42100		420.059		2.83739		2128.04		-1751.28		376.761		76.476
		42150		420.558		2.84347		2132.61		-1755.84		376.762		76.5022
		42200		421.057		2.88268		2162.01		-1785.25		376.762		76.4618
		42250		421.556		2.88448		2163.36		-1786.6		376.763		76.4329
		42300		422.055		2.92354		2192.66		-1815.9		376.76		76.472
		42350		422.554		2.88184		2161.38		-1784.61		376.771		76.5281
		42400		423.053		2.93649		2202.37		-1825.6		376.767		76.6374
		42450		423.551		2.94434		2208.25		-1831.49		376.759		76.8447
		42500		424.05		2.79191		2093.93		-1717.17		376.768		77.045
		42550		424.549		2.75743		2068.07		-1691.3		376.772		77.243
		42600		425.048		2.81697		2112.73		-1735.96		376.764		77.4859
		42650		425.547		2.91281		2184.61		-1807.85		376.759		77.7873
		42700		426.046		2.92501		2193.75		-1816.99		376.762		78.102
		42750		426.545		2.97177		2228.83		-1852.08		376.749		78.3465
		42800		427.044		2.71464		2035.98		-1659.2		376.777		78.5332
		42850		427.542		2.81416		2110.62		-1733.86		376.766		78.6433
		42900		428.041		2.99689		2247.66		-1870.9		376.759		78.7324
		42950		428.54		2.90452		2178.39		-1801.63		376.767		78.7886
		43000		429.039		2.87036		2152.77		-1776		376.767		78.8252
		43050		429.538		2.89284		2169.63		-1792.86		376.768		78.854
		43100		430.037		2.88635		2164.76		-1788		376.762		78.855
		43150		430.536		2.8589		2144.17		-1767.4		376.767		78.901
		43200		431.035		2.87912		2159.34		-1782.58		376.76		79.0185
		43250		431.534		2.74023		2055.17		-1678.4		376.77		79.1582
		43300		432.032		2.81048		2107.86		-1731.08		376.775		79.2916
		43350		432.531		2.96893		2226.69		-1849.94		376.755		79.4273
		43400		433.03		2.82735		2120.51		-1743.75		376.76		79.5638
		43450		433.529		2.76024		2070.18		-1693.4		376.773		79.6881
		43500		434.028		2.83671		2127.53		-1750.77		376.766		79.7805
		43550		434.527		2.82065		2115.48		-1738.71		376.771		79.795
		43600		435.026		3.00859		2256.44		-1879.68		376.759		79.8378
		43650		435.525		2.98236		2236.77		-1860.01		376.765		79.9807
		43700		436.023		2.78535		2089.01		-1712.24		376.772		80.1746
		43750		436.522		2.88611		2164.58		-1787.82		376.759		80.2881
		43800		437.021		2.91449		2185.87		-1809.11		376.76		80.2883
		43850		437.52		2.76581		2074.35		-1697.58		376.774		80.2466
		43900		438.019		2.84384		2132.88		-1756.12		376.758		80.1966
		43950		438.518		2.74061		2055.45		-1678.69		376.768		80.1669
		44000		439.017		2.90412		2178.09		-1801.34		376.753		80.1622
		44050		439.516		2.89029		2167.72		-1790.94		376.774		80.176
		44100		440.015		2.87886		2159.14		-1782.38		376.759		80.2067
		44150		440.513		2.84451		2133.38		-1756.61		376.767		80.206
		44200		441.012		3.03996		2279.97		-1903.21		376.756		80.2256
		44250		441.511		2.91985		2189.88		-1813.12		376.764		80.3397
		44300		442.01		2.76188		2071.41		-1694.66		376.753		80.5318
		44350		442.509		2.80718		2105.38		-1728.63		376.752		80.7238
		44400		443.008		2.82968		2122.26		-1745.5		376.761		80.906
		44450		443.507		2.80867		2106.5		-1729.73		376.766		81.1658
		44500		444.006		2.82529		2118.97		-1742.2		376.768		81.4512
		44550		444.504		2.88464		2163.48		-1786.72		376.764		81.7427
		44600		445.003		2.90888		2181.66		-1804.9		376.763		82.0131
		44650		445.502		2.79107		2093.3		-1716.53		376.773		82.2231
		44700		446.001		2.92337		2192.53		-1815.77		376.763		82.4006
		44750		446.5		2.97764		2233.23		-1856.47		376.763		82.6266
		44800		446.999		2.91118		2183.38		-1806.62		376.765		82.93
		44850		447.498		2.92876		2196.57		-1819.81		376.767		83.2681
		44900		447.997		2.94329		2207.47		-1830.71		376.764		83.6916
		44950		448.496		2.97684		2232.63		-1855.87		376.761		84.0338
		45000		448.994		2.93317		2199.88		-1823.11		376.766		84.2415
		45050		449.493		2.78033		2085.25		-1708.48		376.768		84.3882
		45100		449.992		2.82654		2119.9		-1743.13		376.769		84.5057
		45150		450.491		2.92363		2192.72		-1815.96		376.764		84.6497
		45200		450.99		2.75549		2066.61		-1689.84		376.775		84.8572
		45250		451.489		2.83238		2124.29		-1747.52		376.763		85.0539
		45300		451.988		2.80789		2105.92		-1729.16		376.765		85.2319
		45350		452.487		2.82817		2121.13		-1744.37		376.76		85.4647
		45400		452.985		2.84418		2133.13		-1756.37		376.762		85.7074
		45450		453.484		2.84878		2136.59		-1759.83		376.759		85.9541
		45500		453.983		2.86364		2147.73		-1770.97		376.762		86.2021
		45550		454.482		2.86759		2150.7		-1773.93		376.763		86.4293
		45600		454.981		2.86693		2150.19		-1773.43		376.762		86.5823
		45650		455.48		2.91879		2189.09		-1812.33		376.761		86.629
		45700		455.979		2.90318		2177.38		-1800.62		376.765		86.61
		45750		456.478		2.89269		2169.52		-1792.75		376.763		86.6435
		45800		456.977		2.8245		2118.37		-1741.61		376.765		86.8281
		45850		457.475		2.85253		2139.4		-1762.64		376.757		87.127
		45900		457.974		2.85378		2140.33		-1763.57		376.764		87.4054
		45950		458.473		2.82863		2121.48		-1744.71		376.763		87.6078
		46000		458.972		2.82791		2120.93		-1744.17		376.764		87.7204
		46050		459.471		2.89993		2174.95		-1798.18		376.768		87.7543
		46100		459.97		2.98684		2240.13		-1863.36		376.768		87.8287
		46150		460.469		2.89376		2170.32		-1793.55		376.767		87.9667
		46200		460.968		2.88434		2163.25		-1786.49		376.761		88.0501
		46250		461.466		2.8947		2171.03		-1794.27		376.761		88.1449
		46300		461.965		2.7827		2087.03		-1710.26		376.763		88.2793
		46350		462.464		2.76229		2071.72		-1694.95		376.77		88.3841
		46400		462.963		2.93915		2204.36		-1827.61		376.755		88.4912
		46450		463.462		2.86987		2152.41		-1775.64		376.767		88.6109
		46500		463.961		2.86363		2147.72		-1770.96		376.765		88.7797
		46550		464.46		2.77096		2078.22		-1701.46		376.762		89.0222
		46600		464.959		2.68241		2011.81		-1635.03		376.772		89.199
		46650		465.458		2.91246		2184.35		-1807.59		376.759		89.2313
		46700		465.956		2.92131		2190.98		-1814.22		376.763		89.2392
		46750		466.455		2.87217		2154.12		-1777.35		376.772		89.2068
		46800		466.954		2.96984		2227.38		-1850.62		376.764		89.2071
		46850		467.453		2.995		2246.25		-1869.48		376.765		89.3084
		46900		467.952		2.96514		2223.85		-1847.09		376.759		89.4198
		46950		468.451		2.8032		2102.4		-1725.63		376.773		89.5297
		47000		468.95		2.92627		2194.7		-1817.94		376.756		89.6427
		47050		469.449		2.8553		2141.48		-1764.71		376.769		89.7476
		47100		469.947		2.90324		2177.43		-1800.67		376.76		89.8903
		47150		470.446		2.85367		2140.25		-1763.49		376.767		90.0224
		47200		470.945		2.89263		2169.48		-1792.71		376.769		90.0445
		47250		471.444		3.0375		2278.13		-1901.36		376.763		90.0775
		47300		471.943		2.94923		2211.92		-1835.15		376.777		90.1978
		47350		472.442		2.94671		2210.03		-1833.26		376.767		90.3522
		47400		472.941		2.93706		2202.8		-1826.03		376.762		90.5135
		47450		473.44		2.7964		2097.3		-1720.54		376.765		90.745
		47500		473.939		2.85263		2139.47		-1762.72		376.756		90.9316
		47550		474.437		2.83713		2127.85		-1751.08		376.768		90.9585
		47600		474.936		2.92827		2196.2		-1819.44		376.759		90.9215
		47650		475.435		2.91236		2184.27		-1807.5		376.769		90.9693
		47700		475.934		2.93364		2200.23		-1823.49		376.747		91.1066
		47750		476.433		2.72092		2040.69		-1663.92		376.772		91.2479
		47800		476.932		2.86139		2146.04		-1769.29		376.757		91.3502
		47850		477.431		2.86469		2148.52		-1771.76		376.764		91.4488
		47900		477.93		2.78779		2090.84		-1714.07		376.773		91.4975
		47950		478.428		2.91879		2189.09		-1812.34		376.75		91.5289
		48000		478.927		2.85502		2141.27		-1764.5		376.763		91.6089
		48050		479.426		2.88971		2167.28		-1790.53		376.754		91.6077
		48100		479.925		2.73437		2050.78		-1674		376.772		91.5458
		48150		480.424		2.81032		2107.74		-1730.98		376.765		91.4821
		48200		480.923		2.86645		2149.84		-1773.08		376.761		91.5136
		48250		481.422		2.80083		2100.62		-1723.86		376.763		91.647
		48300		481.921		2.82074		2115.55		-1738.79		376.767		91.8189
		48350		482.42		2.89797		2173.48		-1796.72		376.764		91.996
		48400		482.918		2.85718		2142.88		-1766.11		376.77		92.0868
		48450		483.417		2.94816		2211.12		-1834.35		376.764		92.1445
		48500		483.916		2.91568		2186.76		-1810		376.764		92.2309
		48550		484.415		2.80365		2102.74		-1725.97		376.766		92.3853
		48600		484.914		2.78058		2085.43		-1708.67		376.767		92.5791
		48650		485.413		2.88814		2166.11		-1789.35		376.755		92.7769
		48700		485.912		2.89795		2173.46		-1796.7		376.765		92.9647
		48750		486.411		2.92314		2192.36		-1815.6		376.76		93.0283
		48800		486.909		2.78295		2087.22		-1710.45		376.764		93.0043
		48850		487.408		2.78829		2091.21		-1714.45		376.766		92.9494
		48900		487.907		2.94238		2206.78		-1830.03		376.755		92.9409
		48950		488.406		2.88903		2166.77		-1790.01		376.763		92.9958
		49000		488.905		2.91316		2184.87		-1808.11		376.767		92.9794
		49050		489.404		3.01654		2262.41		-1885.65		376.758		92.9128
		49100		489.903		2.92594		2194.45		-1817.69		376.759		92.9512
		49150		490.402		2.92682		2195.11		-1818.35		376.757		93.0636
		49200		490.901		2.8483		2136.23		-1759.46		376.762		93.1776
		49250		491.399		2.8277		2120.77		-1744.01		376.761		93.2901
		49300		491.898		2.86062		2145.47		-1768.7		376.77		93.385
		49350		492.397		2.8964		2172.3		-1795.53		376.765		93.5123
		49400		492.896		2.82786		2120.89		-1744.13		376.768		93.6092
		49450		493.395		2.84064		2130.48		-1753.71		376.765		93.6609
		49500		493.894		2.83548		2126.61		-1749.85		376.76		93.7713
		49550		494.393		2.70755		2030.66		-1653.89		376.775		93.9078
		49600		494.892		2.75254		2064.41		-1687.64		376.764		93.9752
		49650		495.39		2.74926		2061.94		-1685.17		376.771		93.967
		49700		495.889		2.84086		2130.64		-1753.88		376.765		93.9707
		49750		496.388		2.85183		2138.88		-1762.11		376.761		94.014
		49800		496.887		2.85895		2144.21		-1767.46		376.753		94.0399
		49850		497.386		2.80922		2106.91		-1730.15		376.762		94.0408
		49900		497.885		2.7478		2060.85		-1684.08		376.771		93.9962
		49950		498.384		2.83453		2125.9		-1749.14		376.76		93.8338
