		timesteps		t		Temperature		Kin		Pot		TotalE		MSD
		0		0		5.20787		3905.9		-4257.43		-351.528		1.39064e-312
		50		0.498883		4.00616		3004.62		-3356.2		-351.578		0.0901076
		100		0.997765		2.1035		1577.63		-1929.11		-351.481		0.257063
		150		1.49665		2.52458		1893.44		-2244.98		-351.54		0.367715
		200		1.99553		2.51623		1887.17		-2238.7		-351.528		0.450562
		250		2.49441		2.52704		1895.28		-2246.81		-351.532		0.514214
		300		2.9933		2.49972		1874.79		-2226.31		-351.525		0.559598
		350		3.49218		2.51776		1888.32		-2239.84		-351.524		0.584828
		400		3.99106		2.63245		1974.34		-2325.86		-351.523		0.594082
		450		4.48994		2.69675		2022.56		-2374.09		-351.524		0.598691
		500		4.98883		2.62655		1969.92		-2321.44		-351.524		0.602715
		550		5.48771		2.61256		1959.42		-2310.94		-351.522		0.600009
		600		5.98659		2.74199		2056.49		-2408.01		-351.52		0.589803
		650		6.48547		2.79882		2099.11		-2450.64		-351.528		0.582351
		700		6.98436		2.65548		1991.61		-2343.12		-351.509		0.580571
		750		7.48324		2.8427		2132.03		-2483.56		-351.536		0.576197
		800		7.98212		2.69482		2021.11		-2372.63		-351.515		0.579024
		850		8.48101		2.72111		2040.83		-2392.36		-351.525		0.581779
		900		8.97989		2.6941		2020.57		-2372.1		-351.525		0.584508
		950		9.47877		2.69903		2024.27		-2375.8		-351.525		0.584325
		1000		9.97765		2.75405		2065.54		-2417.06		-351.524		0.580661
		1050		10.4765		2.71883		2039.12		-2390.65		-351.531		0.579206
		1100		10.9754		2.62715		1970.37		-2321.89		-351.522		0.576857
		1150		11.4743		2.73361		2050.21		-2401.74		-351.527		0.568129
		1200		11.9732		2.72558		2044.19		-2395.71		-351.521		0.560907
		1250		12.4721		2.70688		2030.16		-2381.68		-351.522		0.554542
		1300		12.9709		2.74204		2056.53		-2408.06		-351.53		0.546291
		1350		13.4698		2.66199		1996.49		-2348.01		-351.517		0.536554
		1400		13.9687		2.79308		2094.81		-2446.33		-351.526		0.521186
		1450		14.4676		2.82419		2118.14		-2469.66		-351.521		0.509034
		1500		14.9665		2.76888		2076.66		-2428.19		-351.531		0.50282
		1550		15.4654		2.63639		1977.29		-2328.81		-351.517		0.49598
		1600		15.9642		2.83098		2123.24		-2474.76		-351.524		0.480871
		1650		16.4631		2.86861		2151.46		-2502.98		-351.525		0.471488
		1700		16.962		2.78243		2086.82		-2438.34		-351.522		0.470865
		1750		17.4609		2.85368		2140.26		-2491.79		-351.531		0.472463
		1800		17.9598		2.77879		2084.09		-2435.61		-351.525		0.478281
		1850		18.4587		2.75685		2067.64		-2419.16		-351.527		0.482731
		1900		18.9575		2.7321		2049.07		-2400.6		-351.526		0.484844
		1950		19.4564		2.79262		2094.47		-2445.99		-351.528		0.482322
		2000		19.9553		2.81392		2110.44		-2461.96		-351.523		0.479201
		2050		20.4542		2.84505		2133.79		-2485.32		-351.534		0.47945
		2100		20.9531		2.78305		2087.29		-2438.81		-351.527		0.483653
		2150		21.452		2.7724		2079.3		-2430.83		-351.525		0.488046
		2200		21.9508		2.75273		2064.55		-2416.07		-351.524		0.49128
		2250		22.4497		2.80077		2100.57		-2452.09		-351.521		0.49197
		2300		22.9486		2.78131		2085.98		-2437.5		-351.522		0.495082
		2350		23.4475		2.70075		2025.56		-2377.08		-351.52		0.500039
		2400		23.9464		2.7681		2076.07		-2427.6		-351.526		0.501805
		2450		24.4453		2.74702		2060.27		-2411.8		-351.53		0.50368
		2500		24.9441		2.67947		2009.6		-2361.12		-351.522		0.502876
		2550		25.443		2.78611		2089.58		-2441.11		-351.526		0.496911
		2600		25.9419		2.76201		2071.51		-2423.02		-351.519		0.493941
		2650		26.4408		2.80838		2106.28		-2457.81		-351.524		0.492543
		2700		26.9397		2.82993		2122.45		-2473.98		-351.528		0.49648
		2750		27.4385		2.66675		2000.06		-2351.58		-351.52		0.507468
		2800		27.9374		2.64044		1980.33		-2331.84		-351.515		0.512549
		2850		28.4363		2.81037		2107.77		-2459.3		-351.527		0.50907
		2900		28.9352		2.7553		2066.48		-2418		-351.521		0.510757
		2950		29.4341		2.70812		2031.09		-2382.61		-351.521		0.515968
		3000		29.933		2.74581		2059.35		-2410.88		-351.528		0.520285
		3050		30.4318		2.82874		2121.56		-2473.09		-351.528		0.524203
		3100		30.9307		2.80887		2106.65		-2458.17		-351.518		0.53345
		3150		31.4296		2.82324		2117.43		-2468.95		-351.523		0.548229
		3200		31.9285		2.6642		1998.15		-2349.68		-351.525		0.569298
		3250		32.4274		2.62384		1967.88		-2319.4		-351.526		0.583797
		3300		32.9263		2.68516		2013.87		-2365.39		-351.517		0.588289
		3350		33.4251		2.75678		2067.58		-2419.11		-351.524		0.589565
		3400		33.924		2.74213		2056.6		-2408.12		-351.524		0.592214
		3450		34.4229		2.72006		2040.05		-2391.57		-351.521		0.594196
		3500		34.9218		2.71005		2032.54		-2384.06		-351.52		0.594965
		3550		35.4207		2.69759		2023.2		-2374.72		-351.527		0.595483
		3600		35.9196		2.64808		1986.06		-2337.58		-351.525		0.592902
		3650		36.4184		2.80176		2101.32		-2452.86		-351.533		0.584716
		3700		36.9173		2.8079		2105.92		-2457.44		-351.521		0.581442
		3750		37.4162		2.76345		2072.58		-2424.11		-351.524		0.584648
		3800		37.9151		2.74932		2061.99		-2413.52		-351.523		0.588373
		3850		38.414		2.74245		2056.84		-2408.36		-351.525		0.590171
		3900		38.9128		2.68867		2016.51		-2368.03		-351.519		0.589764
		3950		39.4117		2.76153		2071.14		-2422.67		-351.525		0.584332
		4000		39.9106		2.7963		2097.22		-2448.74		-351.519		0.579901
		4050		40.4095		2.83297		2124.73		-2476.26		-351.529		0.580942
		4100		40.9084		2.67362		2005.22		-2356.73		-351.517		0.587907
		4150		41.4073		2.71366		2035.24		-2386.77		-351.525		0.590365
		4200		41.9061		2.71117		2033.38		-2384.91		-351.531		0.590081
		4250		42.405		2.62971		1972.28		-2323.8		-351.519		0.586159
		4300		42.9039		2.76696		2075.22		-2426.75		-351.523		0.575267
		4350		43.4028		2.74048		2055.36		-2406.88		-351.517		0.567559
		4400		43.9017		2.72387		2042.9		-2394.43		-351.523		0.563055
		4450		44.4006		2.68192		2011.44		-2362.96		-351.522		0.559275
		4500		44.8994		2.7066		2029.95		-2381.48		-351.524		0.553083
		4550		45.3983		2.80821		2106.16		-2457.69		-351.526		0.547095
		4600		45.8972		2.73222		2049.16		-2400.69		-351.527		0.54789
		4650		46.3961		2.62629		1969.72		-2321.24		-351.518		0.5496
		4700		46.895		2.75311		2064.83		-2416.36		-351.528		0.544624
		4750		47.3939		2.74028		2055.21		-2406.73		-351.52		0.539326
		4800		47.8927		2.77085		2078.13		-2429.66		-351.528		0.533466
		4850		48.3916		2.70409		2028.07		-2379.59		-351.518		0.527911
		4900		48.8905		2.77519		2081.39		-2432.92		-351.526		0.523383
		4950		49.3894		2.7057		2029.28		-2380.8		-351.521		0.523125
		5000		49.8883		2.70159		2026.19		-2377.71		-351.519		0.519473
		5050		50.3872		2.82756		2120.67		-2472.2		-351.531		0.510375
		5100		50.886		2.77663		2082.47		-2433.99		-351.52		0.50423
		5150		51.3849		2.73783		2053.37		-2404.89		-351.521		0.500883
		5200		51.8838		2.7021		2026.57		-2378.1		-351.523		0.499605
		5250		52.3827		2.75499		2066.24		-2417.77		-351.524		0.499387
		5300		52.8816		2.74688		2060.16		-2411.68		-351.52		0.503821
		5350		53.3804		2.71688		2037.66		-2389.18		-351.523		0.514188
		5400		53.8793		2.67138		2003.53		-2355.05		-351.52		0.52922
		5450		54.3782		2.62913		1971.84		-2323.36		-351.52		0.546592
		5500		54.8771		2.59856		1948.92		-2300.44		-351.52		0.563313
		5550		55.376		2.64815		1986.11		-2337.64		-351.526		0.576724
		5600		55.8749		2.64487		1983.65		-2335.17		-351.517		0.589586
		5650		56.3737		2.79511		2096.33		-2447.86		-351.527		0.602016
		5700		56.8726		2.83533		2126.5		-2478.03		-351.526		0.618743
		5750		57.3715		2.76659		2074.94		-2426.46		-351.52		0.6361
		5800		57.8704		2.69969		2024.77		-2376.29		-351.522		0.655191
		5850		58.3693		2.61591		1961.93		-2313.45		-351.517		0.675421
		5900		58.8682		2.73675		2052.57		-2404.1		-351.53		0.693561
		5950		59.367		2.68993		2017.44		-2368.96		-351.519		0.71492
		6000		59.8659		2.70806		2031.05		-2382.57		-351.523		0.735603
		6050		60.3648		2.72331		2042.48		-2394.01		-351.527		0.756187
		6100		60.8637		2.70443		2028.32		-2379.84		-351.52		0.773685
		6150		61.3626		2.69089		2018.16		-2369.68		-351.518		0.783771
		6200		61.8615		2.72153		2041.15		-2392.67		-351.53		0.790036
		6250		62.3603		2.54889		1911.67		-2263.18		-351.51		0.795384
		6300		62.8592		2.62652		1969.89		-2321.41		-351.524		0.791446
		6350		63.3581		2.66078		1995.59		-2347.11		-351.524		0.783192
		6400		63.857		2.64334		1982.51		-2334.03		-351.52		0.772762
		6450		64.3559		2.68083		2010.62		-2362.15		-351.53		0.761618
		6500		64.8547		2.58653		1939.9		-2291.41		-351.514		0.754107
		6550		65.3536		2.70724		2030.43		-2381.96		-351.528		0.747012
		6600		65.8525		2.68691		2015.19		-2366.71		-351.525		0.745227
		6650		66.3514		2.69596		2021.97		-2373.5		-351.523		0.743097
		6700		66.8503		2.7547		2066.03		-2417.55		-351.525		0.741432
		6750		67.3492		2.63424		1975.68		-2327.2		-351.518		0.744868
		6800		67.848		2.64414		1983.1		-2334.63		-351.525		0.742162
		6850		68.3469		2.64153		1981.15		-2332.67		-351.52		0.732185
		6900		68.8458		2.68961		2017.21		-2368.73		-351.522		0.718829
		6950		69.3447		2.70441		2028.31		-2379.83		-351.522		0.705862
		7000		69.8436		2.74382		2057.86		-2409.39		-351.524		0.695949
		7050		70.3425		2.73573		2051.8		-2403.32		-351.521		0.68948
		7100		70.8413		2.75463		2065.97		-2417.5		-351.53		0.683195
		7150		71.3402		2.74589		2059.42		-2410.94		-351.523		0.681199
		7200		71.8391		2.67632		2007.24		-2358.76		-351.519		0.684312
		7250		72.338		2.6099		1957.42		-2308.95		-351.522		0.687679
		7300		72.8369		2.60767		1955.75		-2307.27		-351.52		0.686506
		7350		73.3358		2.64827		1986.21		-2337.72		-351.519		0.684064
		7400		73.8346		2.6794		2009.55		-2361.08		-351.526		0.6825
		7450		74.3335		2.65938		1994.53		-2346.06		-351.526		0.68027
		7500		74.8324		2.66537		1999.03		-2350.54		-351.516		0.675837
		7550		75.3313		2.80043		2100.33		-2451.85		-351.522		0.668669
		7600		75.8302		2.82055		2115.41		-2466.94		-351.525		0.664469
		7650		76.329		2.75672		2067.54		-2419.06		-351.517		0.664696
		7700		76.8279		2.81448		2110.86		-2462.38		-351.525		0.66458
		7750		77.3268		2.70368		2027.76		-2379.27		-351.515		0.668103
		7800		77.8257		2.72813		2046.09		-2397.62		-351.526		0.675853
		7850		78.3246		2.74772		2060.79		-2412.31		-351.521		0.68863
		7900		78.8235		2.75376		2065.32		-2416.84		-351.525		0.705807
		7950		79.3223		2.66027		1995.2		-2346.72		-351.522		0.721173
		8000		79.8212		2.62538		1969.03		-2320.55		-351.517		0.721068
		8050		80.3201		2.72081		2040.61		-2392.13		-351.522		0.708577
		8100		80.819		2.80431		2103.24		-2454.75		-351.519		0.698085
		8150		81.3179		2.8608		2145.6		-2497.13		-351.528		0.698051
		8200		81.8168		2.75021		2062.66		-2414.18		-351.522		0.713528
		8250		82.3156		2.69385		2020.39		-2371.91		-351.522		0.734629
		8300		82.8145		2.61289		1959.67		-2311.19		-351.525		0.75318
		8350		83.3134		2.54703		1910.28		-2261.79		-351.519		0.76303
		8400		83.8123		2.70021		2025.16		-2376.69		-351.53		0.759042
		8450		84.3112		2.70319		2027.39		-2378.91		-351.524		0.755381
		8500		84.8101		2.67249		2004.37		-2355.89		-351.521		0.755126
		8550		85.3089		2.65541		1991.56		-2343.08		-351.526		0.755852
		8600		85.8078		2.65735		1993.01		-2344.53		-351.517		0.755944
		8650		86.3067		2.77123		2078.42		-2429.95		-351.524		0.754702
		8700		86.8056		2.69107		2018.31		-2369.83		-351.521		0.760189
		8750		87.3045		2.65312		1989.84		-2341.36		-351.52		0.768606
		8800		87.8034		2.6781		2008.57		-2360.09		-351.52		0.773771
		8850		88.3022		2.71263		2034.47		-2386		-351.524		0.775884
		8900		88.8011		2.62298		1967.24		-2318.75		-351.517		0.779575
		8950		89.3		2.72225		2041.68		-2393.21		-351.53		0.783134
		9000		89.7989		2.71848		2038.86		-2390.39		-351.527		0.791845
		9050		90.2978		2.6874		2015.55		-2367.07		-351.521		0.804339
		9100		90.7966		2.67425		2005.69		-2357.21		-351.519		0.815763
		9150		91.2955		2.70201		2026.51		-2378.03		-351.522		0.822318
		9200		91.7944		2.71329		2034.97		-2386.5		-351.524		0.824491
		9250		92.2933		2.67527		2006.45		-2357.98		-351.522		0.827354
		9300		92.7922		2.59478		1946.09		-2297.6		-351.515		0.830975
		9350		93.2911		2.60523		1953.92		-2305.44		-351.52		0.82944
		9400		93.7899		2.66295		1997.21		-2348.73		-351.525		0.825621
		9450		94.2888		2.58317		1937.38		-2288.89		-351.515		0.826613
		9500		94.7877		2.66464		1998.48		-2350.01		-351.526		0.826046
		9550		95.2866		2.7086		2031.45		-2382.98		-351.53		0.824998
		9600		95.7855		2.64279		1982.09		-2333.61		-351.518		0.824851
		9650		96.2844		2.67453		2005.9		-2357.42		-351.525		0.827004
		9700		96.7832		2.64922		1986.92		-2338.44		-351.525		0.832862
		9750		97.2821		2.62059		1965.44		-2316.97		-351.524		0.840303
		9800		97.781		2.60449		1953.37		-2304.89		-351.521		0.847422
		9850		98.2799		2.72504		2043.78		-2395.31		-351.533		0.853695
		9900		98.7788		2.53794		1903.45		-2254.96		-351.511		0.86526
		9950		99.2777		2.62244		1966.83		-2318.35		-351.522		0.870204
		10000		99.7765		2.70642		2029.82		-2381.34		-351.521		0.870276
		10050		100.275		2.70758		2030.68		-2382.21		-351.523		0.871746
		10100		100.774		2.6144		1960.8		-2312.32		-351.517		0.876026
		10150		101.273		2.70278		2027.09		-2378.61		-351.526		0.880163
		10200		101.772		2.6963		2022.23		-2373.75		-351.522		0.891326
		10250		102.271		2.58889		1941.66		-2293.18		-351.52		0.906373
		10300		102.77		2.59422		1945.67		-2297.19		-351.524		0.916976
		10350		103.269		2.6111		1958.32		-2309.84		-351.519		0.922308
		10400		103.768		2.68788		2015.91		-2367.43		-351.52		0.92657
		10450		104.266		2.70606		2029.55		-2381.07		-351.523		0.939175
		10500		104.765		2.55607		1917.05		-2268.58		-351.531		0.964064
		10550		105.264		2.39485		1796.14		-2147.66		-351.521		0.983427
		10600		105.763		2.51968		1889.76		-2241.28		-351.519		0.983782
		10650		106.262		2.70583		2029.37		-2380.9		-351.529		0.980816
		10700		106.761		2.66338		1997.53		-2349.05		-351.517		0.989631
		10750		107.26		2.61127		1958.45		-2309.97		-351.52		1.00669
		10800		107.759		2.53733		1903		-2254.52		-351.52		1.02976
		10850		108.258		2.51696		1887.72		-2239.24		-351.521		1.05508
		10900		108.756		2.53909		1904.32		-2255.84		-351.524		1.07673
		10950		109.255		2.47088		1853.16		-2204.68		-351.521		1.08881
		11000		109.754		2.50488		1878.66		-2230.18		-351.52		1.09304
		11050		110.253		2.55		1912.5		-2264.03		-351.527		1.09663
		11100		110.752		2.45713		1842.84		-2194.36		-351.519		1.10352
		11150		111.251		2.52365		1892.74		-2244.26		-351.522		1.10642
		11200		111.75		2.6082		1956.15		-2307.67		-351.526		1.10584
		11250		112.249		2.59597		1946.98		-2298.5		-351.521		1.10723
		11300		112.747		2.60931		1956.98		-2308.5		-351.517		1.11239
		11350		113.246		2.65036		1987.77		-2339.29		-351.523		1.12004
		11400		113.745		2.54691		1910.18		-2261.7		-351.519		1.1324
		11450		114.244		2.57895		1934.21		-2285.73		-351.518		1.14538
		11500		114.743		2.69211		2019.08		-2370.6		-351.521		1.16023
		11550		115.242		2.6493		1986.98		-2338.5		-351.519		1.18432
		11600		115.741		2.65061		1987.96		-2339.48		-351.522		1.21198
		11650		116.24		2.62149		1966.12		-2317.64		-351.521		1.24279
		11700		116.739		2.54617		1909.62		-2261.15		-351.521		1.27494
		11750		117.237		2.52183		1891.38		-2242.91		-351.53		1.303
		11800		117.736		2.49525		1871.43		-2222.96		-351.524		1.32902
		11850		118.235		2.51722		1887.92		-2239.44		-351.521		1.35277
		11900		118.734		2.52826		1896.19		-2247.71		-351.521		1.37546
		11950		119.233		2.55057		1912.93		-2264.46		-351.525		1.39559
		12000		119.732		2.50547		1879.1		-2230.62		-351.521		1.41812
		12050		120.231		2.48549		1864.12		-2215.63		-351.517		1.44009
		12100		120.73		2.57349		1930.12		-2281.64		-351.526		1.45592
		12150		121.228		2.59039		1942.79		-2294.31		-351.522		1.46428
		12200		121.727		2.59678		1947.59		-2299.1		-351.517		1.46952
		12250		122.226		2.59991		1949.93		-2301.45		-351.523		1.48012
		12300		122.725		2.602		1951.5		-2303.02		-351.522		1.50024
		12350		123.224		2.62971		1972.28		-2323.81		-351.527		1.53198
		12400		123.723		2.45597		1841.98		-2193.49		-351.515		1.57032
		12450		124.222		2.54252		1906.89		-2258.41		-351.521		1.59942
		12500		124.721		2.59732		1947.99		-2299.51		-351.519		1.62883
		12550		125.22		2.52249		1891.86		-2243.38		-351.519		1.6621
		12600		125.718		2.55657		1917.42		-2268.95		-351.525		1.69236
		12650		126.217		2.58429		1938.22		-2289.74		-351.52		1.72106
		12700		126.716		2.63502		1976.27		-2327.79		-351.525		1.75261
		12750		127.215		2.55091		1913.19		-2264.71		-351.522		1.79551
		12800		127.714		2.42992		1822.44		-2173.96		-351.521		1.85042
		12850		128.213		2.43673		1827.55		-2179.07		-351.522		1.90463
		12900		128.712		2.53683		1902.62		-2254.15		-351.524		1.95216
		12950		129.211		2.44548		1834.11		-2185.62		-351.515		1.99626
		13000		129.709		2.49743		1873.07		-2224.6		-351.525		2.02995
		13050		130.208		2.44343		1832.57		-2184.08		-351.514		2.06279
		13100		130.707		2.4659		1849.42		-2200.95		-351.527		2.09463
		13150		131.206		2.37567		1781.75		-2133.28		-351.522		2.12246
		13200		131.705		2.32493		1743.7		-2095.22		-351.519		2.13868
		13250		132.204		2.38765		1790.74		-2142.27		-351.53		2.14984
		13300		132.703		2.39552		1796.64		-2148.16		-351.521		2.16744
		13350		133.202		2.44229		1831.72		-2183.25		-351.525		2.186
		13400		133.701		2.41608		1812.06		-2163.58		-351.521		2.20506
		13450		134.199		2.49949		1874.62		-2226.14		-351.526		2.23043
		13500		134.698		2.42735		1820.51		-2172.03		-351.517		2.26957
		13550		135.197		2.46431		1848.23		-2199.76		-351.529		2.31728
		13600		135.696		2.41371		1810.28		-2161.8		-351.519		2.37156
		13650		136.195		2.4498		1837.35		-2188.87		-351.524		2.42227
		13700		136.694		2.32464		1743.48		-2095		-351.516		2.47463
		13750		137.193		2.34856		1761.42		-2112.95		-351.527		2.52808
		13800		137.692		2.37004		1777.53		-2129.06		-351.527		2.57419
		13850		138.191		2.40378		1802.84		-2154.36		-351.524		2.61283
		13900		138.689		2.38727		1790.46		-2141.98		-351.522		2.65292
		13950		139.188		2.32392		1742.94		-2094.46		-351.515		2.69322
		14000		139.687		2.41586		1811.89		-2163.42		-351.526		2.72217
		14050		140.186		2.44479		1833.59		-2185.12		-351.523		2.75086
		14100		140.685		2.42098		1815.73		-2167.25		-351.519		2.78703
		14150		141.184		2.43741		1828.05		-2179.58		-351.528		2.82995
		14200		141.683		2.3441		1758.08		-2109.6		-351.519		2.87249
		14250		142.182		2.33765		1753.24		-2104.76		-351.521		2.91573
		14300		142.68		2.42215		1816.62		-2168.14		-351.52		2.97086
		14350		143.179		2.52359		1892.7		-2244.22		-351.523		3.03661
		14400		143.678		2.43771		1828.29		-2179.81		-351.524		3.11677
		14450		144.177		2.28707		1715.3		-2066.82		-351.515		3.1926
		14500		144.676		2.38481		1788.61		-2140.13		-351.523		3.24576
		14550		145.175		2.39741		1798.06		-2149.58		-351.521		3.29752
		14600		145.674		2.36379		1772.84		-2124.36		-351.52		3.35575
		14650		146.173		2.35599		1766.99		-2118.51		-351.524		3.41655
		14700		146.672		2.30899		1731.74		-2083.26		-351.518		3.46943
		14750		147.17		2.3294		1747.05		-2098.58		-351.527		3.50987
		14800		147.669		2.23786		1678.4		-2029.92		-351.52		3.53413
		14850		148.168		2.28282		1712.12		-2063.64		-351.52		3.54575
		14900		148.667		2.33328		1749.96		-2101.48		-351.518		3.55191
		14950		149.166		2.40778		1805.84		-2157.36		-351.522		3.5472
		15000		149.665		2.44509		1833.82		-2185.34		-351.518		3.54444
		15050		150.164		2.48786		1865.9		-2217.43		-351.528		3.56778
		15100		150.663		2.38393		1787.94		-2139.46		-351.518		3.6288
		15150		151.161		2.3434		1757.55		-2109.07		-351.521		3.70465
		15200		151.66		2.31875		1739.06		-2090.59		-351.523		3.77046
		15250		152.159		2.27955		1709.67		-2061.18		-351.515		3.82553
		15300		152.658		2.39561		1796.71		-2148.23		-351.525		3.87669
		15350		153.157		2.38068		1785.51		-2137.03		-351.519		3.93686
		15400		153.656		2.35686		1767.64		-2119.16		-351.519		4.00119
		15450		154.155		2.37942		1784.57		-2136.09		-351.522		4.05211
		15500		154.654		2.3359		1751.92		-2103.44		-351.517		4.07839
		15550		155.153		2.36361		1772.7		-2124.23		-351.526		4.088
		15600		155.651		2.39673		1797.54		-2149.07		-351.521		4.10153
		15650		156.15		2.37141		1778.56		-2130.08		-351.523		4.13193
		15700		156.649		2.23703		1677.77		-2029.29		-351.519		4.173
		15750		157.148		2.23967		1679.75		-2031.27		-351.516		4.20972
		15800		157.647		2.37663		1782.47		-2133.99		-351.518		4.2384
		15850		158.146		2.50536		1879.02		-2230.54		-351.525		4.26929
		15900		158.645		2.39485		1796.14		-2147.66		-351.518		4.31578
		15950		159.144		2.37194		1778.95		-2130.47		-351.522		4.37195
		16000		159.642		2.35571		1766.78		-2118.3		-351.52		4.44174
		16050		160.141		2.35855		1768.91		-2120.43		-351.52		4.52906
		16100		160.64		2.40494		1803.71		-2155.23		-351.523		4.62527
		16150		161.139		2.29824		1723.68		-2075.2		-351.518		4.73578
		16200		161.638		2.28571		1714.28		-2065.79		-351.511		4.85612
		16250		162.137		2.45007		1837.55		-2189.08		-351.528		4.97534
		16300		162.636		2.37702		1782.77		-2134.29		-351.52		5.09131
		16350		163.135		2.31199		1733.99		-2085.52		-351.523		5.19855
		16400		163.634		2.2531		1689.83		-2041.35		-351.522		5.28805
		16450		164.132		2.28242		1711.81		-2063.34		-351.523		5.35323
		16500		164.631		2.26148		1696.11		-2047.62		-351.516		5.40128
		16550		165.13		2.38075		1785.57		-2137.1		-351.533		5.44124
		16600		165.629		2.29001		1717.51		-2069.02		-351.514		5.4763
		16650		166.128		2.36484		1773.63		-2125.15		-351.523		5.49153
		16700		166.627		2.3734		1780.05		-2131.57		-351.522		5.48821
		16750		167.126		2.30437		1728.28		-2079.79		-351.516		5.4748
		16800		167.625		2.31112		1733.34		-2084.86		-351.522		5.47344
		16850		168.123		2.22485		1668.64		-2020.15		-351.514		5.48332
		16900		168.622		2.24285		1682.14		-2033.66		-351.523		5.50944
		16950		169.121		2.31516		1736.37		-2087.9		-351.526		5.54035
		17000		169.62		2.32729		1745.47		-2096.99		-351.521		5.56917
		17050		170.119		2.2997		1724.77		-2076.29		-351.517		5.59315
		17100		170.618		2.3394		1754.55		-2106.08		-351.525		5.61301
		17150		171.117		2.35165		1763.74		-2115.26		-351.524		5.64427
		17200		171.616		2.3596		1769.7		-2121.22		-351.524		5.68087
		17250		172.115		2.30344		1727.58		-2079.1		-351.519		5.70793
		17300		172.613		2.38941		1792.06		-2143.58		-351.525		5.74255
		17350		173.112		2.36635		1774.76		-2126.29		-351.523		5.79417
		17400		173.611		2.25894		1694.2		-2045.72		-351.517		5.85499
		17450		174.11		2.30336		1727.52		-2079.04		-351.523		5.91862
		17500		174.609		2.34689		1760.17		-2111.69		-351.523		5.97626
		17550		175.108		2.35022		1762.67		-2114.18		-351.518		6.04819
		17600		175.607		2.36636		1774.77		-2126.29		-351.519		6.14734
		17650		176.106		2.34838		1761.29		-2112.81		-351.523		6.24998
		17700		176.604		2.2964		1722.3		-2073.82		-351.519		6.33708
		17750		177.103		2.34767		1760.75		-2112.27		-351.521		6.41481
		17800		177.602		2.35725		1767.94		-2119.46		-351.518		6.50255
		17850		178.101		2.40407		1803.06		-2154.58		-351.526		6.60725
		17900		178.6		2.34627		1759.7		-2111.22		-351.52		6.71239
		17950		179.099		2.29799		1723.49		-2075.01		-351.523		6.78894
		18000		179.598		2.23303		1674.77		-2026.29		-351.518		6.82893
		18050		180.097		2.32193		1741.45		-2092.97		-351.524		6.84546
		18100		180.596		2.30083		1725.63		-2077.15		-351.522		6.87322
		18150		181.094		2.28074		1710.55		-2062.07		-351.52		6.91702
		18200		181.593		2.33224		1749.18		-2100.7		-351.523		6.96745
		18250		182.092		2.30725		1730.43		-2081.95		-351.519		7.03637
		18300		182.591		2.37133		1778.5		-2130.02		-351.521		7.13367
		18350		183.09		2.39731		1797.98		-2149.5		-351.518		7.2413
		18400		183.589		2.42576		1819.32		-2170.84		-351.518		7.35099
		18450		184.088		2.46335		1847.52		-2199.04		-351.521		7.48032
		18500		184.587		2.44713		1835.35		-2186.87		-351.52		7.62267
		18550		185.085		2.39549		1796.62		-2148.14		-351.516		7.75358
		18600		185.584		2.42483		1818.62		-2170.15		-351.524		7.87362
		18650		186.083		2.39641		1797.31		-2148.83		-351.517		8.00425
		18700		186.582		2.40868		1806.51		-2158.04		-351.522		8.15784
		18750		187.081		2.41257		1809.43		-2160.95		-351.522		8.31858
		18800		187.58		2.37247		1779.35		-2130.88		-351.522		8.46289
		18850		188.079		2.25388		1690.41		-2041.93		-351.523		8.58121
		18900		188.578		2.20279		1652.09		-2003.61		-351.515		8.67301
		18950		189.077		2.39377		1795.33		-2146.85		-351.526		8.74575
		19000		189.575		2.41969		1814.77		-2166.29		-351.516		8.80421
		19050		190.074		2.40157		1801.18		-2152.7		-351.522		8.85106
		19100		190.573		2.29755		1723.16		-2074.68		-351.515		8.90494
		19150		191.072		2.32452		1743.39		-2094.91		-351.523		8.96239
		19200		191.571		2.33786		1753.39		-2104.92		-351.523		9.01537
		19250		192.07		2.32462		1743.47		-2094.99		-351.52		9.07394
		19300		192.569		2.34773		1760.8		-2112.32		-351.522		9.14093
		19350		193.068		2.37241		1779.3		-2130.83		-351.523		9.20071
		19400		193.566		2.30737		1730.53		-2082.05		-351.523		9.231
		19450		194.065		2.32145		1741.09		-2092.61		-351.521		9.25455
		19500		194.564		2.42639		1819.79		-2171.31		-351.521		9.304
		19550		195.063		2.3861		1789.57		-2141.09		-351.519		9.39732
		19600		195.562		2.32641		1744.81		-2096.33		-351.521		9.51659
		19650		196.061		2.29896		1724.22		-2075.74		-351.519		9.62277
		19700		196.56		2.32464		1743.48		-2095.01		-351.527		9.7011
		19750		197.059		2.34661		1759.96		-2111.48		-351.525		9.75364
		19800		197.558		2.35027		1762.7		-2114.23		-351.521		9.79891
		19850		198.056		2.31607		1737.05		-2088.57		-351.52		9.85621
		19900		198.555		2.35513		1766.35		-2117.87		-351.522		9.93192
		19950		199.054		2.36277		1772.07		-2123.6		-351.523		10.0249
		20000		199.553		2.31631		1737.23		-2088.76		-351.527		10.1378
		20050		200.052		2.29858		1723.93		-2075.46		-351.524		10.2544
		20100		200.551		2.35448		1765.86		-2117.38		-351.521		10.3691
		20150		201.05		2.4305		1822.88		-2174.4		-351.52		10.4761
		20200		201.549		2.46427		1848.21		-2199.73		-351.521		10.5842
		20250		202.047		2.3875		1790.62		-2142.14		-351.519		10.694
		20300		202.546		2.37219		1779.14		-2130.66		-351.519		10.8039
		20350		203.045		2.40753		1805.65		-2157.17		-351.519		10.9195
		20400		203.544		2.38428		1788.21		-2139.73		-351.522		11.0309
		20450		204.043		2.33633		1752.25		-2103.77		-351.519		11.1384
		20500		204.542		2.39394		1795.45		-2146.97		-351.517		11.2435
		20550		205.041		2.43555		1826.66		-2178.18		-351.522		11.3409
		20600		205.54		2.33489		1751.17		-2102.69		-351.521		11.4293
		20650		206.039		2.30303		1727.27		-2078.79		-351.52		11.4978
		20700		206.537		2.41119		1808.39		-2159.92		-351.528		11.5418
		20750		207.036		2.31836		1738.77		-2090.29		-351.518		11.571
		20800		207.535		2.27067		1703		-2054.53		-351.524		11.5955
		20850		208.034		2.28925		1716.94		-2068.45		-351.517		11.6273
		20900		208.533		2.42056		1815.42		-2166.94		-351.525		11.6777
		20950		209.032		2.37239		1779.29		-2130.81		-351.516		11.7565
		21000		209.531		2.3686		1776.45		-2127.97		-351.518		11.8533
		21050		210.03		2.3739		1780.42		-2131.94		-351.521		11.9568
		21100		210.528		2.28894		1716.7		-2068.22		-351.521		12.0659
		21150		211.027		2.27034		1702.75		-2054.28		-351.522		12.1942
		21200		211.526		2.29961		1724.71		-2076.23		-351.519		12.3287
		21250		212.025		2.27597		1706.98		-2058.5		-351.524		12.4396
		21300		212.524		2.33314		1749.85		-2101.38		-351.523		12.5265
		21350		213.023		2.30219		1726.65		-2078.17		-351.52		12.5809
		21400		213.522		2.21823		1663.67		-2015.19		-351.514		12.6025
		21450		214.021		2.37394		1780.46		-2131.98		-351.519		12.6171
		21500		214.52		2.44264		1831.98		-2183.51		-351.527		12.6481
		21550		215.018		2.39289		1794.67		-2146.19		-351.52		12.6983
		21600		215.517		2.4475		1835.62		-2187.15		-351.527		12.7824
		21650		216.016		2.28081		1710.61		-2062.13		-351.517		12.8886
		21700		216.515		2.27428		1705.71		-2057.22		-351.517		12.9795
		21750		217.014		2.4565		1842.38		-2193.9		-351.527		13.0608
		21800		217.513		2.43217		1824.12		-2175.65		-351.521		13.172
		21850		218.012		2.39461		1795.95		-2147.47		-351.518		13.3075
		21900		218.511		2.35549		1766.62		-2118.14		-351.52		13.4179
		21950		219.009		2.23973		1679.8		-2031.31		-351.518		13.4696
		22000		219.508		2.34374		1757.81		-2109.33		-351.526		13.4862
		22050		220.007		2.40713		1805.35		-2156.87		-351.525		13.5186
		22100		220.506		2.3167		1737.52		-2089.04		-351.514		13.584
		22150		221.005		2.39657		1797.43		-2148.96		-351.529		13.65
		22200		221.504		2.34931		1761.98		-2113.5		-351.517		13.7088
		22250		222.003		2.39861		1798.96		-2150.49		-351.526		13.7723
		22300		222.502		2.2369		1677.67		-2029.19		-351.517		13.859
		22350		223.001		2.24612		1684.59		-2036.1		-351.515		13.9525
		22400		223.499		2.37324		1779.93		-2131.47		-351.533		14.0385
		22450		223.998		2.25093		1688.2		-2039.72		-351.522		14.1027
		22500		224.497		2.35267		1764.5		-2116.03		-351.527		14.1448
		22550		224.996		2.39552		1796.64		-2148.16		-351.518		14.1807
		22600		225.495		2.43597		1826.97		-2178.5		-351.523		14.2148
		22650		225.994		2.39118		1793.38		-2144.91		-351.52		14.256
		22700		226.493		2.38778		1790.83		-2142.36		-351.527		14.3037
		22750		226.992		2.32005		1740.04		-2091.55		-351.515		14.378
		22800		227.491		2.40361		1802.71		-2154.23		-351.529		14.4975
		22850		227.989		2.30787		1730.9		-2082.42		-351.519		14.6222
		22900		228.488		2.32191		1741.44		-2092.96		-351.522		14.717
		22950		228.987		2.34196		1756.47		-2108		-351.524		14.782
		23000		229.486		2.38031		1785.23		-2136.76		-351.521		14.8512
		23050		229.985		2.44139		1831.04		-2182.57		-351.525		14.9195
		23100		230.484		2.32853		1746.39		-2097.91		-351.516		14.9732
		23150		230.983		2.31346		1735.1		-2086.62		-351.521		15.0112
		23200		231.482		2.33984		1754.88		-2106.4		-351.519		15.0641
		23250		231.98		2.38835		1791.26		-2142.79		-351.522		15.1225
		23300		232.479		2.34733		1760.49		-2112.02		-351.525		15.1816
		23350		232.978		2.2623		1696.72		-2048.24		-351.518		15.2324
		23400		233.477		2.23528		1676.46		-2027.98		-351.524		15.2563
		23450		233.976		2.27579		1706.84		-2058.36		-351.521		15.2402
		23500		234.475		2.35553		1766.65		-2118.17		-351.519		15.2246
		23550		234.974		2.38307		1787.3		-2138.82		-351.525		15.2521
		23600		235.473		2.26852		1701.39		-2052.91		-351.519		15.3152
		23650		235.972		2.29078		1718.08		-2069.61		-351.524		15.3839
		23700		236.47		2.28454		1713.4		-2064.92		-351.52		15.4379
		23750		236.969		2.3124		1734.3		-2085.82		-351.521		15.4697
		23800		237.468		2.33423		1750.67		-2102.2		-351.522		15.5039
		23850		237.967		2.28804		1716.03		-2067.55		-351.516		15.5481
		23900		238.466		2.42394		1817.96		-2169.48		-351.524		15.5919
		23950		238.965		2.32972		1747.29		-2098.81		-351.519		15.636
		24000		239.464		2.33062		1747.96		-2099.49		-351.523		15.6904
		24050		239.963		2.41316		1809.87		-2161.39		-351.52		15.7763
		24100		240.461		2.4258		1819.35		-2170.87		-351.522		15.8736
		24150		240.96		2.38731		1790.48		-2142		-351.525		15.9502
		24200		241.459		2.36708		1775.31		-2126.83		-351.523		16.0027
		24250		241.958		2.32609		1744.56		-2096.08		-351.515		16.0392
		24300		242.457		2.2913		1718.48		-2070		-351.522		16.0843
		24350		242.956		2.27299		1704.75		-2056.27		-351.525		16.1367
		24400		243.455		2.23796		1678.47		-2029.98		-351.513		16.1809
		24450		243.954		2.36537		1774.03		-2125.55		-351.528		16.2167
		24500		244.453		2.33048		1747.86		-2099.38		-351.52		16.2423
		24550		244.951		2.24366		1682.74		-2034.26		-351.514		16.2663
		24600		245.45		2.39726		1797.94		-2149.47		-351.531		16.3075
		24650		245.949		2.35246		1764.35		-2115.86		-351.517		16.3542
		24700		246.448		2.3337		1750.28		-2101.8		-351.52		16.3778
		24750		246.947		2.35065		1762.99		-2114.51		-351.525		16.386
		24800		247.446		2.25615		1692.11		-2043.63		-351.516		16.4149
		24850		247.945		2.38543		1789.07		-2140.6		-351.527		16.4606
		24900		248.444		2.40576		1804.32		-2155.85		-351.527		16.521
		24950		248.942		2.20449		1653.37		-2004.88		-351.514		16.6008
		25000		249.441		2.31407		1735.56		-2087.08		-351.526		16.6731
		25050		249.94		2.36151		1771.13		-2122.66		-351.525		16.7311
		25100		250.439		2.2821		1711.57		-2063.09		-351.513		16.7922
		25150		250.938		2.43079		1823.1		-2174.63		-351.531		16.8177
		25200		251.437		2.25813		1693.6		-2045.11		-351.511		16.7982
		25250		251.936		2.38454		1788.41		-2139.94		-351.532		16.7438
		25300		252.435		2.35807		1768.55		-2120.07		-351.518		16.6862
		25350		252.934		2.34488		1758.66		-2110.19		-351.528		16.6352
		25400		253.432		2.30562		1729.22		-2080.74		-351.521		16.6216
		25450		253.931		2.36048		1770.36		-2121.89		-351.524		16.6521
		25500		254.43		2.2472		1685.4		-2036.92		-351.516		16.705
		25550		254.929		2.22007		1665.05		-2016.57		-351.521		16.7532
		25600		255.428		2.31287		1734.65		-2086.17		-351.519		16.79
		25650		255.927		2.38957		1792.18		-2143.7		-351.526		16.8359
		25700		256.426		2.33858		1753.93		-2105.45		-351.519		16.9179
		25750		256.925		2.37072		1778.04		-2129.56		-351.519		17.0238
		25800		257.423		2.38639		1789.8		-2141.32		-351.52		17.1181
		25850		257.922		2.42314		1817.35		-2168.88		-351.526		17.1985
		25900		258.421		2.33535		1751.52		-2103.04		-351.52		17.3039
		25950		258.92		2.32255		1741.92		-2093.44		-351.525		17.4538
		26000		259.419		2.26561		1699.2		-2050.72		-351.515		17.6386
		26050		259.918		2.35088		1763.16		-2114.68		-351.525		17.8321
		26100		260.417		2.29771		1723.29		-2074.8		-351.517		17.962
		26150		260.916		2.31804		1738.53		-2090.05		-351.519		18.007
		26200		261.415		2.34909		1761.82		-2113.34		-351.52		18.0173
		26250		261.913		2.34112		1755.84		-2107.36		-351.521		18.0572
		26300		262.412		2.29755		1723.17		-2074.69		-351.521		18.1528
		26350		262.911		2.28439		1713.29		-2064.81		-351.517		18.2839
		26400		263.41		2.35267		1764.5		-2116.02		-351.519		18.4395
		26450		263.909		2.34192		1756.44		-2107.96		-351.518		18.5795
		26500		264.408		2.37047		1777.85		-2129.37		-351.522		18.6573
		26550		264.907		2.34173		1756.29		-2107.82		-351.522		18.7074
		26600		265.406		2.33914		1754.35		-2105.87		-351.517		18.7557
		26650		265.904		2.37765		1783.24		-2134.76		-351.521		18.7777
		26700		266.403		2.33618		1752.14		-2103.66		-351.517		18.8064
		26750		266.902		2.41587		1811.9		-2163.43		-351.521		18.8549
		26800		267.401		2.40368		1802.76		-2154.28		-351.521		18.9297
		26850		267.9		2.27555		1706.66		-2058.18		-351.52		19.0544
		26900		268.399		2.28434		1713.26		-2064.78		-351.528		19.1894
		26950		268.898		2.31215		1734.11		-2085.63		-351.52		19.2909
		27000		269.397		2.40431		1803.23		-2154.76		-351.529		19.3685
		27050		269.896		2.23294		1674.71		-2026.23		-351.519		19.4493
		27100		270.394		2.22779		1670.84		-2022.36		-351.52		19.5207
		27150		270.893		2.38206		1786.55		-2138.07		-351.523		19.5715
		27200		271.392		2.35548		1766.61		-2118.13		-351.519		19.6185
		27250		271.891		2.27889		1709.17		-2060.68		-351.516		19.646
		27300		272.39		2.35686		1767.64		-2119.17		-351.53		19.6519
		27350		272.889		2.34259		1756.94		-2108.46		-351.521		19.6963
		27400		273.388		2.37638		1782.28		-2133.8		-351.521		19.8114
		27450		273.887		2.39932		1799.49		-2151.01		-351.521		19.9499
		27500		274.385		2.35982		1769.86		-2121.38		-351.52		20.0914
		27550		274.884		2.33753		1753.15		-2104.67		-351.521		20.2236
		27600		275.383		2.34165		1756.24		-2107.76		-351.522		20.3418
		27650		275.882		2.34564		1759.23		-2110.75		-351.522		20.3954
		27700		276.381		2.33157		1748.67		-2100.2		-351.523		20.4071
		27750		276.88		2.33247		1749.35		-2100.87		-351.52		20.4269
		27800		277.379		2.3658		1774.35		-2125.88		-351.525		20.4675
		27850		277.878		2.33744		1753.08		-2104.61		-351.525		20.5287
		27900		278.377		2.32492		1743.69		-2095.2		-351.517		20.6041
		27950		278.875		2.38104		1785.78		-2137.3		-351.528		20.697
		28000		279.374		2.2673		1700.48		-2052		-351.519		20.7896
		28050		279.873		2.34078		1755.58		-2107.1		-351.518		20.8661
		28100		280.372		2.50269		1877.01		-2228.54		-351.53		20.9295
		28150		280.871		2.32977		1747.33		-2098.84		-351.518		20.9864
		28200		281.37		2.33132		1748.49		-2100.01		-351.521		21.0142
		28250		281.869		2.3859		1789.43		-2140.95		-351.522		21.0168
		28300		282.368		2.33263		1749.48		-2100.99		-351.514		21.0211
		28350		282.866		2.42699		1820.24		-2171.77		-351.524		21.0249
		28400		283.365		2.43028		1822.71		-2174.23		-351.523		21.0669
		28450		283.864		2.35276		1764.57		-2116.09		-351.52		21.1168
		28500		284.363		2.36379		1772.84		-2124.36		-351.522		21.1512
		28550		284.862		2.37231		1779.23		-2130.76		-351.527		21.2137
		28600		285.361		2.23697		1677.73		-2029.24		-351.517		21.3222
		28650		285.86		2.2954		1721.55		-2073.07		-351.523		21.4513
		28700		286.359		2.32277		1742.07		-2093.59		-351.52		21.5425
		28750		286.858		2.35196		1763.97		-2115.48		-351.516		21.5907
		28800		287.356		2.41596		1811.97		-2163.49		-351.523		21.6014
		28850		287.855		2.35403		1765.52		-2117.04		-351.517		21.6277
		28900		288.354		2.37572		1781.79		-2133.32		-351.527		21.7135
		28950		288.853		2.30405		1728.03		-2079.55		-351.516		21.8385
		29000		289.352		2.32514		1743.85		-2095.37		-351.52		21.9216
		29050		289.851		2.31136		1733.52		-2085.04		-351.52		21.9192
		29100		290.35		2.31624		1737.18		-2088.7		-351.523		21.8589
		29150		290.849		2.25913		1694.35		-2045.87		-351.517		21.7789
		29200		291.347		2.33786		1753.4		-2104.92		-351.525		21.7223
		29250		291.846		2.39643		1797.33		-2148.85		-351.523		21.7286
		29300		292.345		2.30661		1729.96		-2081.48		-351.522		21.7691
		29350		292.844		2.24213		1681.6		-2033.12		-351.519		21.8384
		29400		293.343		2.34887		1761.65		-2113.18		-351.527		21.9106
		29450		293.842		2.35399		1765.5		-2117.01		-351.517		21.9397
		29500		294.341		2.34416		1758.12		-2109.64		-351.522		21.9304
		29550		294.84		2.29589		1721.91		-2073.44		-351.521		21.9124
		29600		295.339		2.26945		1702.08		-2053.6		-351.517		21.912
		29650		295.837		2.24624		1684.68		-2036.2		-351.52		21.9329
		29700		296.336		2.34972		1762.29		-2113.81		-351.522		21.9688
		29750		296.835		2.43637		1827.28		-2178.8		-351.524		21.9948
		29800		297.334		2.32699		1745.24		-2096.76		-351.514		22.039
		29850		297.833		2.38683		1790.12		-2141.65		-351.524		22.1035
		29900		298.332		2.32132		1740.99		-2092.51		-351.518		22.1874
		29950		298.831		2.33633		1752.24		-2103.77		-351.529		22.302
		30000		299.33		2.20058		1650.43		-2001.94		-351.51		22.4624
		30050		299.828		2.34224		1756.68		-2108.21		-351.526		22.6119
		30100		300.327		2.30198		1726.48		-2078		-351.514		22.6782
		30150		300.826		2.31103		1733.27		-2084.79		-351.521		22.6776
		30200		301.325		2.32043		1740.33		-2091.84		-351.518		22.6534
		30250		301.824		2.38164		1786.23		-2137.75		-351.52		22.658
		30300		302.323		2.33776		1753.32		-2104.84		-351.519		22.7427
		30350		302.822		2.29566		1721.75		-2073.27		-351.519		22.8813
		30400		303.321		2.3472		1760.4		-2111.93		-351.524		23.0342
		30450		303.82		2.38693		1790.2		-2141.72		-351.515		23.1803
		30500		304.318		2.44641		1834.81		-2186.33		-351.526		23.2754
		30550		304.817		2.26808		1701.06		-2052.58		-351.517		23.2974
		30600		305.316		2.35251		1764.38		-2115.91		-351.525		23.3097
		30650		305.815		2.44775		1835.81		-2187.34		-351.53		23.3882
		30700		306.314		2.2806		1710.45		-2061.97		-351.516		23.5009
		30750		306.813		2.35221		1764.16		-2115.68		-351.526		23.5797
		30800		307.312		2.36349		1772.61		-2124.13		-351.52		23.6147
		30850		307.811		2.3463		1759.73		-2111.25		-351.518		23.6287
		30900		308.309		2.41791		1813.43		-2164.96		-351.523		23.661
		30950		308.808		2.42084		1815.63		-2167.15		-351.523		23.7231
		31000		309.307		2.37236		1779.27		-2130.78		-351.515		23.7971
		31050		309.806		2.37093		1778.2		-2129.72		-351.523		23.85
		31100		310.305		2.26515		1698.87		-2050.38		-351.52		23.8849
		31150		310.804		2.31927		1739.45		-2090.98		-351.521		23.9078
		31200		311.303		2.43964		1829.73		-2181.25		-351.524		23.9363
		31250		311.802		2.41411		1810.58		-2162.11		-351.522		23.972
		31300		312.301		2.38903		1791.77		-2143.3		-351.525		23.9797
		31350		312.799		2.34615		1759.62		-2111.13		-351.518		23.9819
		31400		313.298		2.34505		1758.79		-2110.31		-351.522		24.0399
		31450		313.797		2.35426		1765.7		-2117.22		-351.519		24.1755
		31500		314.296		2.41598		1811.98		-2163.5		-351.516		24.3227
		31550		314.795		2.45995		1844.96		-2196.49		-351.522		24.4583
		31600		315.294		2.33946		1754.59		-2106.11		-351.515		24.6023
		31650		315.793		2.37302		1779.76		-2131.28		-351.52		24.74
		31700		316.292		2.44552		1834.14		-2185.66		-351.519		24.8371
		31750		316.791		2.45057		1837.93		-2189.45		-351.525		24.9023
		31800		317.289		2.25935		1694.52		-2046.03		-351.511		24.9781
		31850		317.788		2.32117		1740.88		-2092.39		-351.517		25.058
		31900		318.287		2.40022		1800.16		-2151.69		-351.524		25.1369
		31950		318.786		2.29352		1720.14		-2071.66		-351.515		25.2018
		32000		319.285		2.33287		1749.65		-2101.18		-351.525		25.2558
		32050		319.784		2.24891		1686.68		-2038.2		-351.515		25.3196
		32100		320.283		2.22612		1669.59		-2021.11		-351.518		25.4013
		32150		320.782		2.23932		1679.49		-2031.01		-351.518		25.4809
		32200		321.28		2.34195		1756.46		-2107.98		-351.523		25.5573
		32250		321.779		2.30095		1725.71		-2077.23		-351.515		25.6391
		32300		322.278		2.3286		1746.45		-2097.97		-351.525		25.7132
		32350		322.777		2.38261		1786.96		-2138.48		-351.518		25.7822
		32400		323.276		2.44506		1833.8		-2185.32		-351.525		25.8633
		32450		323.775		2.32411		1743.08		-2094.6		-351.519		25.9631
		32500		324.274		2.33318		1749.89		-2101.4		-351.516		26.0498
		32550		324.773		2.41895		1814.21		-2165.74		-351.527		26.1122
		32600		325.272		2.35749		1768.12		-2119.65		-351.525		26.1759
		32650		325.77		2.23688		1677.66		-2029.17		-351.511		26.2462
		32700		326.269		2.29387		1720.41		-2071.93		-351.523		26.2622
		32750		326.768		2.24223		1681.67		-2033.19		-351.515		26.2454
		32800		327.267		2.33579		1751.84		-2103.36		-351.525		26.2381
		32850		327.766		2.31528		1736.46		-2087.98		-351.514		26.2235
		32900		328.265		2.31518		1736.38		-2087.91		-351.528		26.1843
		32950		328.764		2.24737		1685.53		-2037.04		-351.512		26.1937
		33000		329.263		2.47766		1858.25		-2209.78		-351.529		26.2751
		33050		329.761		2.32544		1744.08		-2095.59		-351.513		26.4089
		33100		330.26		2.38932		1791.99		-2143.51		-351.524		26.56
		33150		330.759		2.34199		1756.49		-2108.01		-351.515		26.707
		33200		331.258		2.31801		1738.5		-2090.03		-351.524		26.8297
		33250		331.757		2.31506		1736.3		-2087.82		-351.525		26.925
		33300		332.256		2.28618		1714.64		-2066.15		-351.517		26.9958
		33350		332.755		2.33438		1750.79		-2102.31		-351.523		27.0214
		33400		333.254		2.24212		1681.59		-2033.11		-351.518		26.9967
		33450		333.753		2.27833		1708.75		-2060.27		-351.522		26.9674
		33500		334.251		2.3361		1752.07		-2103.59		-351.518		26.9984
		33550		334.75		2.37662		1782.47		-2133.99		-351.525		27.1167
		33600		335.249		2.33669		1752.51		-2104.04		-351.521		27.2499
		33650		335.748		2.25499		1691.24		-2042.76		-351.515		27.3392
		33700		336.247		2.31821		1738.66		-2090.19		-351.525		27.3973
		33750		336.746		2.37417		1780.63		-2132.15		-351.519		27.4912
		33800		337.245		2.36571		1774.29		-2125.81		-351.52		27.6437
		33850		337.744		2.34306		1757.3		-2108.81		-351.518		27.8292
		33900		338.242		2.34565		1759.24		-2110.76		-351.52		27.9895
		33950		338.741		2.32836		1746.27		-2097.78		-351.515		28.0898
		34000		339.24		2.45964		1844.73		-2196.26		-351.523		28.1511
		34050		339.739		2.36041		1770.31		-2121.83		-351.521		28.2163
		34100		340.238		2.26171		1696.28		-2047.79		-351.515		28.2862
		34150		340.737		2.39756		1798.17		-2149.7		-351.522		28.3178
		34200		341.236		2.43323		1824.93		-2176.44		-351.517		28.3297
		34250		341.735		2.44849		1836.37		-2187.89		-351.526		28.3605
		34300		342.234		2.34017		1755.12		-2106.64		-351.518		28.4169
		34350		342.732		2.31711		1737.84		-2089.36		-351.522		28.4919
		34400		343.231		2.332		1749		-2100.52		-351.519		28.5791
		34450		343.73		2.33556		1751.67		-2103.19		-351.524		28.6545
		34500		344.229		2.33459		1750.94		-2102.46		-351.518		28.7236
		34550		344.728		2.35714		1767.86		-2119.38		-351.525		28.7832
		34600		345.227		2.28887		1716.65		-2068.17		-351.521		28.7946
		34650		345.726		2.30596		1729.47		-2080.98		-351.518		28.7772
		34700		346.225		2.30944		1732.08		-2083.61		-351.525		28.7609
		34750		346.723		2.34027		1755.2		-2106.72		-351.519		28.713
		34800		347.222		2.40827		1806.2		-2157.72		-351.526		28.6504
		34850		347.721		2.26268		1697.01		-2048.53		-351.515		28.6046
		34900		348.22		2.40927		1806.95		-2158.48		-351.527		28.5516
		34950		348.719		2.36312		1772.34		-2123.86		-351.52		28.4832
		35000		349.218		2.27576		1706.82		-2058.34		-351.516		28.4053
		35050		349.717		2.41191		1808.93		-2160.46		-351.528		28.3457
		35100		350.216		2.41461		1810.96		-2162.48		-351.52		28.3379
		35150		350.715		2.43381		1825.36		-2176.88		-351.518		28.3671
		35200		351.213		2.45571		1841.78		-2193.3		-351.521		28.4061
		35250		351.712		2.42417		1818.13		-2169.65		-351.521		28.4378
		35300		352.211		2.34381		1757.86		-2109.38		-351.52		28.4578
		35350		352.71		2.28626		1714.69		-2066.21		-351.519		28.4647
		35400		353.209		2.30481		1728.61		-2080.13		-351.519		28.5162
		35450		353.708		2.36459		1773.44		-2124.96		-351.518		28.6275
		35500		354.207		2.42292		1817.19		-2168.71		-351.522		28.7561
		35550		354.706		2.36282		1772.12		-2123.64		-351.524		28.8456
		35600		355.204		2.23983		1679.87		-2031.39		-351.516		28.8429
		35650		355.703		2.35572		1766.79		-2118.31		-351.521		28.8169
		35700		356.202		2.44175		1831.31		-2182.83		-351.524		28.86
		35750		356.701		2.36326		1772.44		-2123.97		-351.521		28.9475
		35800		357.2		2.3166		1737.45		-2088.97		-351.517		28.9963
		35850		357.699		2.36331		1772.49		-2124.01		-351.527		29.0247
		35900		358.198		2.28695		1715.21		-2066.73		-351.517		29.1171
		35950		358.697		2.31513		1736.35		-2087.87		-351.522		29.2333
		36000		359.196		2.30286		1727.14		-2078.66		-351.519		29.2996
		36050		359.694		2.37693		1782.7		-2134.22		-351.525		29.2959
		36100		360.193		2.35477		1766.08		-2117.59		-351.514		29.2811
		36150		360.692		2.41167		1808.75		-2160.27		-351.519		29.3282
		36200		361.191		2.41956		1814.67		-2166.19		-351.52		29.4454
		36250		361.69		2.38181		1786.36		-2137.87		-351.517		29.6242
		36300		362.189		2.39563		1796.72		-2148.24		-351.525		29.8582
		36350		362.688		2.30529		1728.97		-2080.49		-351.523		30.0555
		36400		363.187		2.28589		1714.42		-2065.94		-351.516		30.1712
		36450		363.685		2.42995		1822.46		-2173.99		-351.526		30.2118
		36500		364.184		2.43043		1822.82		-2174.34		-351.519		30.2235
		36550		364.683		2.28977		1717.32		-2068.84		-351.519		30.2339
		36600		365.182		2.22417		1668.13		-2019.64		-351.518		30.248
		36650		365.681		2.37113		1778.35		-2129.87		-351.526		30.261
		36700		366.18		2.37899		1784.24		-2135.76		-351.518		30.2756
		36750		366.679		2.40586		1804.4		-2155.92		-351.52		30.3252
		36800		367.178		2.32017		1740.13		-2091.65		-351.521		30.4053
		36850		367.677		2.30724		1730.43		-2081.95		-351.521		30.5009
		36900		368.175		2.40853		1806.4		-2157.92		-351.523		30.6159
		36950		368.674		2.40082		1800.61		-2152.14		-351.525		30.7248
		37000		369.173		2.38081		1785.61		-2137.13		-351.52		30.8085
		37050		369.672		2.38392		1787.94		-2139.46		-351.519		30.893
		37100		370.171		2.33095		1748.21		-2099.73		-351.517		30.9533
		37150		370.67		2.35813		1768.6		-2120.12		-351.524		30.9784
		37200		371.169		2.27334		1705.01		-2056.52		-351.518		31.0368
		37250		371.668		2.23853		1678.9		-2030.42		-351.519		31.1475
		37300		372.166		2.34064		1755.48		-2107		-351.521		31.2765
		37350		372.665		2.37672		1782.54		-2134.07		-351.525		31.4276
		37400		373.164		2.2988		1724.1		-2075.62		-351.515		31.5726
		37450		373.663		2.46039		1845.29		-2196.82		-351.528		31.6474
		37500		374.162		2.30356		1727.67		-2079.18		-351.515		31.6721
		37550		374.661		2.2531		1689.82		-2041.34		-351.522		31.677
		37600		375.16		2.36655		1774.91		-2126.44		-351.529		31.6683
		37650		375.659		2.35847		1768.85		-2120.37		-351.521		31.6552
		37700		376.158		2.33246		1749.34		-2100.86		-351.52		31.6479
		37750		376.656		2.36849		1776.37		-2127.89		-351.523		31.6457
		37800		377.155		2.32457		1743.43		-2094.95		-351.521		31.7209
		37850		377.654		2.28212		1711.59		-2063.1		-351.516		31.9051
		37900		378.153		2.36969		1777.27		-2128.8		-351.528		32.1505
		37950		378.652		2.2881		1716.07		-2067.59		-351.513		32.3686
		38000		379.151		2.39424		1795.68		-2147.2		-351.522		32.5164
		38050		379.65		2.42189		1816.42		-2167.95		-351.526		32.6101
		38100		380.149		2.32118		1740.88		-2092.4		-351.521		32.7079
		38150		380.647		2.35723		1767.92		-2119.45		-351.524		32.8527
		38200		381.146		2.39608		1797.06		-2148.58		-351.52		33.0325
		38250		381.645		2.38715		1790.36		-2141.88		-351.522		33.217
		38300		382.144		2.36663		1774.97		-2126.49		-351.516		33.4006
		38350		382.643		2.51824		1888.68		-2240.21		-351.533		33.5716
		38400		383.142		2.32087		1740.66		-2092.17		-351.512		33.77
		38450		383.641		2.39995		1799.96		-2151.49		-351.525		34.0087
		38500		384.14		2.381		1785.75		-2137.28		-351.526		34.2281
		38550		384.639		2.31229		1734.21		-2085.73		-351.515		34.3849
		38600		385.137		2.45788		1843.41		-2194.94		-351.53		34.4737
		38650		385.636		2.33251		1749.38		-2100.9		-351.514		34.5709
		38700		386.135		2.41978		1814.84		-2166.36		-351.527		34.6963
		38750		386.634		2.38677		1790.08		-2141.6		-351.523		34.7933
		38800		387.133		2.32437		1743.28		-2094.8		-351.522		34.8182
		38850		387.632		2.21806		1663.55		-2015.06		-351.516		34.8151
		38900		388.131		2.2907		1718.03		-2069.55		-351.522		34.8543
		38950		388.63		2.38004		1785.03		-2136.55		-351.524		34.9048
		39000		389.128		2.31541		1736.56		-2088.07		-351.517		34.9509
		39050		389.627		2.33002		1747.52		-2099.04		-351.52		35.0008
		39100		390.126		2.30348		1727.61		-2079.13		-351.516		35.0552
		39150		390.625		2.35687		1767.65		-2119.18		-351.526		35.0944
		39200		391.124		2.28728		1715.46		-2066.97		-351.515		35.1257
		39250		391.623		2.27221		1704.16		-2055.68		-351.518		35.1725
		39300		392.122		2.30163		1726.22		-2077.74		-351.522		35.2622
		39350		392.621		2.29756		1723.17		-2074.69		-351.521		35.394
		39400		393.12		2.27324		1704.93		-2056.45		-351.521		35.5234
		39450		393.618		2.33563		1751.72		-2103.24		-351.522		35.6249
		39500		394.117		2.36979		1777.34		-2128.86		-351.516		35.693
		39550		394.616		2.34884		1761.63		-2113.15		-351.52		35.7133
		39600		395.115		2.32242		1741.81		-2093.34		-351.522		35.73
		39650		395.614		2.30704		1730.28		-2081.79		-351.515		35.7695
		39700		396.113		2.30432		1728.24		-2079.76		-351.523		35.8031
		39750		396.612		2.22993		1672.45		-2023.96		-351.517		35.8533
		39800		397.111		2.32798		1745.99		-2097.51		-351.524		35.8985
		39850		397.609		2.36549		1774.12		-2125.64		-351.521		35.9232
		39900		398.108		2.3897		1792.27		-2143.79		-351.522		35.9489
		39950		398.607		2.25824		1693.68		-2045.19		-351.512		36.0046
		40000		399.106		2.28605		1714.54		-2066.06		-351.528		36.0402
		40050		399.605		2.25119		1688.39		-2039.9		-351.514		36.0143
		40100		400.104		2.33755		1753.16		-2104.68		-351.523		36.0071
		40150		400.603		2.28897		1716.73		-2068.25		-351.518		36.0701
		40200		401.102		2.2722		1704.15		-2055.67		-351.521		36.187
		40250		401.601		2.29508		1721.31		-2072.83		-351.522		36.321
		40300		402.099		2.31885		1739.14		-2090.66		-351.516		36.4333
		40350		402.598		2.4229		1817.17		-2168.69		-351.52		36.5239
		40400		403.097		2.39533		1796.5		-2148.02		-351.519		36.6136
		40450		403.596		2.30474		1728.55		-2080.07		-351.516		36.7246
		40500		404.095		2.34038		1755.29		-2106.81		-351.522		36.8514
		40550		404.594		2.31949		1739.62		-2091.13		-351.512		36.9464
		40600		405.093		2.39368		1795.26		-2146.79		-351.524		37.0115
		40650		405.592		2.30074		1725.56		-2077.07		-351.512		37.1015
		40700		406.09		2.35961		1769.71		-2121.23		-351.521		37.2121
		40750		406.589		2.29711		1722.83		-2074.35		-351.517		37.2936
		40800		407.088		2.21447		1660.85		-2012.37		-351.517		37.3838
		40850		407.587		2.20267		1652		-2003.52		-351.517		37.5252
		40900		408.086		2.3441		1758.08		-2109.6		-351.527		37.6608
		40950		408.585		2.31068		1733.01		-2084.52		-351.516		37.7359
		41000		409.084		2.34144		1756.08		-2107.6		-351.522		37.7716
		41050		409.583		2.3122		1734.15		-2085.67		-351.522		37.8108
		41100		410.082		2.26282		1697.12		-2048.63		-351.516		37.8743
		41150		410.58		2.38231		1786.73		-2138.26		-351.523		37.9786
		41200		411.079		2.35016		1762.62		-2114.14		-351.52		38.0951
		41250		411.578		2.23374		1675.31		-2026.82		-351.517		38.2133
		41300		412.077		2.26756		1700.67		-2052.19		-351.518		38.3492
		41350		412.576		2.34268		1757.01		-2108.53		-351.522		38.5162
		41400		413.075		2.33303		1749.78		-2101.29		-351.515		38.702
		41450		413.574		2.44522		1833.92		-2185.44		-351.524		38.8558
		41500		414.073		2.34606		1759.54		-2111.06		-351.516		38.9619
		41550		414.572		2.32543		1744.08		-2095.6		-351.52		39.0261
		41600		415.07		2.33174		1748.81		-2100.33		-351.525		39.0714
		41650		415.569		2.28863		1716.47		-2067.99		-351.515		39.0915
		41700		416.068		2.40598		1804.49		-2156.01		-351.528		39.102
		41750		416.567		2.32326		1742.44		-2093.96		-351.518		39.1241
		41800		417.066		2.31576		1736.82		-2088.34		-351.524		39.1734
		41850		417.565		2.26927		1701.95		-2053.47		-351.519		39.2592
		41900		418.064		2.2758		1706.85		-2058.37		-351.521		39.3757
		41950		418.563		2.30266		1726.99		-2078.51		-351.519		39.5277
		42000		419.061		2.31654		1737.41		-2088.93		-351.522		39.6842
		42050		419.56		2.26236		1696.77		-2048.28		-351.513		39.7689
		42100		420.059		2.36654		1774.91		-2126.43		-351.528		39.7746
		42150		420.558		2.19419		1645.64		-1997.16		-351.512		39.7669
		42200		421.057		2.36603		1774.53		-2126.05		-351.527		39.7549
		42250		421.556		2.37275		1779.56		-2131.08		-351.521		39.7684
		42300		422.055		2.29819		1723.64		-2075.16		-351.521		39.8158
		42350		422.554		2.3019		1726.42		-2077.94		-351.517		39.8346
		42400		423.053		2.34027		1755.21		-2106.72		-351.517		39.8303
		42450		423.551		2.40679		1805.1		-2156.62		-351.523		39.8367
		42500		424.05		2.32316		1742.37		-2093.88		-351.512		39.8824
		42550		424.549		2.36225		1771.69		-2123.21		-351.526		39.9624
		42600		425.048		2.32485		1743.63		-2095.15		-351.517		40.0454
		42650		425.547		2.3231		1742.33		-2093.85		-351.523		40.1293
		42700		426.046		2.2088		1656.6		-2008.12		-351.521		40.2386
		42750		426.545		2.19658		1647.44		-1998.96		-351.519		40.3438
		42800		427.044		2.33751		1753.13		-2104.65		-351.521		40.4241
		42850		427.542		2.39928		1799.46		-2150.98		-351.524		40.4729
		42900		428.041		2.26229		1696.72		-2048.23		-351.512		40.5329
		42950		428.54		2.36145		1771.09		-2122.61		-351.525		40.6323
		43000		429.039		2.42319		1817.4		-2168.92		-351.521		40.7504
		43050		429.538		2.34489		1758.67		-2110.19		-351.519		40.9062
		43100		430.037		2.25631		1692.23		-2043.75		-351.513		41.0848
		43150		430.536		2.32234		1741.75		-2093.28		-351.524		41.2607
		43200		431.035		2.297		1722.75		-2074.27		-351.523		41.4236
		43250		431.534		2.25904		1694.28		-2045.79		-351.514		41.5587
		43300		432.032		2.35342		1765.06		-2116.59		-351.525		41.6922
		43350		432.531		2.34976		1762.32		-2113.84		-351.521		41.8764
		43400		433.03		2.33207		1749.05		-2100.57		-351.52		42.092
		43450		433.529		2.34438		1758.28		-2109.81		-351.524		42.27
		43500		434.028		2.2535		1690.12		-2041.64		-351.514		42.38
		43550		434.527		2.33942		1754.56		-2106.09		-351.527		42.4792
		43600		435.026		2.34598		1759.49		-2111.01		-351.522		42.596
		43650		435.525		2.31685		1737.64		-2089.15		-351.515		42.6681
		43700		436.023		2.31798		1738.48		-2090		-351.517		42.6391
		43750		436.522		2.34801		1761.01		-2112.53		-351.519		42.5969
		43800		437.021		2.41392		1810.44		-2161.97		-351.526		42.6448
		43850		437.52		2.33573		1751.8		-2103.31		-351.518		42.7456
		43900		438.019		2.33303		1749.77		-2101.3		-351.526		42.8304
		43950		438.518		2.15603		1617.02		-1968.53		-351.51		42.8705
		44000		439.017		2.24083		1680.62		-2032.14		-351.525		42.9002
		44050		439.516		2.301		1725.75		-2077.27		-351.519		42.9974
		44100		440.015		2.35516		1766.37		-2117.89		-351.518		43.1626
		44150		440.513		2.42589		1819.42		-2170.94		-351.524		43.3629
		44200		441.012		2.36395		1772.96		-2124.48		-351.515		43.5599
		44250		441.511		2.37416		1780.62		-2132.15		-351.527		43.7377
		44300		442.01		2.25638		1692.28		-2043.8		-351.516		43.8646
		44350		442.509		2.3473		1760.48		-2111.99		-351.517		43.9063
		44400		443.008		2.46027		1845.2		-2196.73		-351.526		43.9226
		44450		443.507		2.34213		1756.6		-2108.12		-351.52		43.9595
		44500		444.006		2.31159		1733.69		-2085.21		-351.525		44.0386
		44550		444.504		2.33426		1750.7		-2102.22		-351.518		44.1217
		44600		445.003		2.40765		1805.74		-2157.26		-351.52		44.1888
		44650		445.502		2.34532		1758.99		-2110.51		-351.518		44.2582
		44700		446.001		2.28424		1713.18		-2064.7		-351.514		44.2996
		44750		446.5		2.41503		1811.27		-2162.8		-351.521		44.3136
		44800		446.999		2.42169		1816.27		-2167.79		-351.52		44.3739
		44850		447.498		2.37893		1784.2		-2135.72		-351.52		44.4564
		44900		447.997		2.33606		1752.04		-2103.56		-351.516		44.5541
		44950		448.496		2.29555		1721.66		-2073.17		-351.514		44.707
		45000		448.994		2.36791		1775.93		-2127.46		-351.525		44.8896
		45050		449.493		2.31219		1734.14		-2085.65		-351.511		45.0842
		45100		449.992		2.42848		1821.36		-2172.88		-351.522		45.2663
		45150		450.491		2.33513		1751.35		-2102.86		-351.508		45.385
		45200		450.99		2.36718		1775.38		-2126.91		-351.521		45.4442
		45250		451.489		2.31665		1737.48		-2089.01		-351.52		45.466
		45300		451.988		2.20924		1656.93		-2008.44		-351.513		45.4839
		45350		452.487		2.29921		1724.41		-2075.93		-351.523		45.5682
		45400		452.985		2.33521		1751.41		-2102.92		-351.514		45.6756
		45450		453.484		2.48829		1866.21		-2217.74		-351.525		45.772
		45500		453.983		2.41408		1810.56		-2162.08		-351.517		45.8884
		45550		454.482		2.4066		1804.95		-2156.47		-351.523		46.0004
		45600		454.981		2.3601		1770.07		-2121.6		-351.521		46.083
		45650		455.48		2.2064		1654.8		-2006.32		-351.52		46.1722
		45700		455.979		2.19916		1649.37		-2000.89		-351.515		46.2554
		45750		456.478		2.43384		1825.38		-2176.91		-351.527		46.3212
		45800		456.977		2.43025		1822.69		-2174.21		-351.517		46.3713
		45850		457.475		2.36335		1772.52		-2124.03		-351.518		46.4344
		45900		457.974		2.24315		1682.36		-2033.87		-351.512		46.4992
		45950		458.473		2.34106		1755.79		-2107.32		-351.523		46.6177
		46000		458.972		2.34209		1756.57		-2108.08		-351.515		46.7918
		46050		459.471		2.33533		1751.5		-2103.02		-351.519		46.9566
		46100		459.97		2.32209		1741.56		-2093.08		-351.52		47.122
		46150		460.469		2.31817		1738.63		-2090.15		-351.523		47.3019
		46200		460.968		2.29719		1722.89		-2074.41		-351.519		47.4825
		46250		461.466		2.36567		1774.25		-2125.77		-351.522		47.6511
		46300		461.965		2.37759		1783.19		-2134.72		-351.521		47.8446
		46350		462.464		2.40806		1806.05		-2157.57		-351.525		48.052
		46400		462.963		2.32998		1747.49		-2099		-351.516		48.2223
		46450		463.462		2.3227		1742.02		-2093.54		-351.519		48.3041
		46500		463.961		2.36245		1771.84		-2123.36		-351.522		48.2711
		46550		464.46		2.35964		1769.73		-2121.24		-351.515		48.1537
		46600		464.959		2.43414		1825.61		-2177.13		-351.525		48.077
		46650		465.458		2.35854		1768.9		-2120.43		-351.524		48.0659
		46700		465.956		2.28733		1715.5		-2067.01		-351.513		48.0588
		46750		466.455		2.38788		1790.91		-2142.44		-351.523		48.0435
		46800		466.954		2.37507		1781.3		-2132.83		-351.521		48.046
		46850		467.453		2.34804		1761.03		-2112.55		-351.526		48.0931
		46900		467.952		2.22127		1665.95		-2017.47		-351.514		48.1616
		46950		468.451		2.2369		1677.68		-2029.19		-351.513		48.2255
		47000		468.95		2.40737		1805.53		-2157.06		-351.528		48.2752
		47050		469.449		2.30494		1728.7		-2080.21		-351.509		48.2918
		47100		469.947		2.39922		1799.41		-2150.94		-351.525		48.2612
		47150		470.446		2.32684		1745.13		-2096.65		-351.52		48.231
		47200		470.945		2.31219		1734.15		-2085.66		-351.513		48.2327
		47250		471.444		2.41847		1813.85		-2165.38		-351.523		48.2517
		47300		471.943		2.31206		1734.05		-2085.56		-351.509		48.2927
		47350		472.442		2.35883		1769.12		-2120.65		-351.529		48.3436
		47400		472.941		2.21769		1663.27		-2014.78		-351.511		48.3843
		47450		473.44		2.3234		1742.55		-2094.06		-351.518		48.431
		47500		473.939		2.31598		1736.99		-2088.51		-351.52		48.4615
		47550		474.437		2.18169		1636.26		-1987.78		-351.515		48.479
		47600		474.936		2.23489		1676.17		-2027.69		-351.517		48.4867
		47650		475.435		2.40288		1802.16		-2153.69		-351.525		48.5304
		47700		475.934		2.32394		1742.95		-2094.47		-351.513		48.6427
		47750		476.433		2.29025		1717.69		-2069.2		-351.512		48.8009
		47800		476.932		2.3743		1780.72		-2132.24		-351.522		48.9875
		47850		477.431		2.38995		1792.46		-2143.99		-351.527		49.1407
		47900		477.93		2.27588		1706.91		-2058.43		-351.526		49.2609
		47950		478.428		2.19698		1647.74		-1999.25		-351.516		49.3374
		48000		478.927		2.27175		1703.82		-2055.34		-351.525		49.3509
		48050		479.426		2.19222		1644.17		-1995.68		-351.519		49.3225
		48100		479.925		2.32181		1741.36		-2092.89		-351.527		49.2764
		48150		480.424		2.37017		1777.63		-2129.15		-351.521		49.2648
		48200		480.923		2.33707		1752.8		-2104.32		-351.515		49.3037
		48250		481.422		2.35951		1769.63		-2121.15		-351.521		49.3489
		48300		481.921		2.32146		1741.09		-2092.62		-351.524		49.4492
		48350		482.42		2.2988		1724.1		-2075.63		-351.525		49.6196
		48400		482.918		2.33387		1750.4		-2101.92		-351.52		49.7957
		48450		483.417		2.36253		1771.9		-2123.42		-351.523		49.9166
		48500		483.916		2.27123		1703.42		-2054.93		-351.515		49.9383
		48550		484.415		2.3115		1733.62		-2085.14		-351.515		49.883
		48600		484.914		2.39235		1794.26		-2145.79		-351.528		49.8379
		48650		485.413		2.19008		1642.56		-1994.07		-351.51		49.8546
		48700		485.912		2.32921		1746.91		-2098.43		-351.521		49.919
		48750		486.411		2.48025		1860.18		-2211.71		-351.524		50.0116
		48800		486.909		2.40202		1801.52		-2153.04		-351.52		50.1551
		48850		487.408		2.38559		1789.19		-2140.71		-351.52		50.3463
		48900		487.907		2.37373		1780.29		-2131.82		-351.525		50.5324
		48950		488.406		2.3534		1765.05		-2116.57		-351.519		50.6544
		49000		488.905		2.40694		1805.21		-2156.73		-351.518		50.6685
		49050		489.404		2.41279		1809.6		-2161.12		-351.526		50.6389
		49100		489.903		2.33962		1754.71		-2106.24		-351.524		50.6608
		49150		490.402		2.21698		1662.74		-2014.25		-351.513		50.7552
		49200		490.901		2.34057		1755.43		-2106.96		-351.53		50.8207
		49250		491.399		2.24001		1680.01		-2031.52		-351.511		50.8174
		49300		491.898		2.35027		1762.7		-2114.23		-351.525		50.8289
		49350		492.397		2.36516		1773.87		-2125.39		-351.519		50.8829
		49400		492.896		2.31516		1736.37		-2087.9		-351.522		50.9341
		49450		493.395		2.32956		1747.17		-2098.69		-351.522		50.9806
		49500		493.894		2.41732		1812.99		-2164.51		-351.525		51.0665
		49550		494.393		2.31588		1736.91		-2088.42		-351.51		51.2193
		49600		494.892		2.43559		1826.69		-2178.22		-351.529		51.3491
		49650		495.39		2.37398		1780.48		-2132.01		-351.526		51.4824
		49700		495.889		2.25527		1691.45		-2042.97		-351.519		51.6209
		49750		496.388		2.26703		1700.27		-2051.79		-351.521		51.7344
		49800		496.887		2.28839		1716.3		-2067.82		-351.52		51.8329
		49850		497.386		2.30158		1726.18		-2077.7		-351.519		51.9139
		49900		497.885		2.36135		1771.01		-2122.53		-351.523		51.942
		49950		498.384		2.38026		1785.2		-2136.72		-351.522		51.9889
