		timesteps		t		Temperature		Kin		Pot		TotalE
		1		0.00997765		3.51393		168.669		-2.58648		166.082
		2		0.0199553		3.5139		168.667		-2.58594		166.081
		3		0.029933		3.51387		168.666		-2.5854		166.08
		4		0.0399106		3.51384		168.664		-2.58485		166.079
		5		0.0498883		3.51381		168.663		-2.58431		166.078
		6		0.0598659		3.51377		168.661		-2.58377		166.077
		7		0.0698436		3.51374		168.66		-2.58322		166.076
		8		0.0798212		3.51371		168.658		-2.58268		166.076
		9		0.0897989		3.51368		168.657		-2.58214		166.075
		10		0.0997765		3.51365		168.655		-2.58159		166.074
		11		0.109754		3.51362		168.654		-2.58105		166.073
		12		0.119732		3.51359		168.652		-2.58051		166.072
		13		0.129709		3.51356		168.651		-2.57996		166.071
		14		0.139687		3.51353		168.649		-2.57942		166.07
		15		0.149665		3.5135		168.648		-2.57888		166.069
		16		0.159642		3.51347		168.646		-2.57834		166.068
		17		0.16962		3.51343		168.645		-2.57779		166.067
		18		0.179598		3.5134		168.643		-2.57725		166.066
		19		0.189575		3.51337		168.642		-2.57671		166.065
		20		0.199553		3.51334		168.64		-2.57617		166.064
		21		0.209531		3.51331		168.639		-2.57562		166.063
		22		0.219508		3.51328		168.637		-2.57508		166.062
		23		0.229486		3.51325		168.636		-2.57454		166.061
		24		0.239464		3.51322		168.635		-2.574		166.061
		25		0.249441		3.51319		168.633		-2.57346		166.06
		26		0.259419		3.51316		168.632		-2.57291		166.059
		27		0.269397		3.51313		168.63		-2.57237		166.058
		28		0.279374		3.5131		168.629		-2.57183		166.057
		29		0.289352		3.51307		168.627		-2.57129		166.056
		30		0.29933		3.51304		168.626		-2.57075		166.055
		31		0.309307		3.513		168.624		-2.5702		166.054
		32		0.319285		3.51297		168.623		-2.56966		166.053
		33		0.329263		3.51294		168.621		-2.56912		166.052
		34		0.33924		3.51291		168.62		-2.56858		166.051
		35		0.349218		3.51288		168.618		-2.56804		166.05
		36		0.359196		3.51285		168.617		-2.5675		166.049
		37		0.369173		3.51282		168.615		-2.56696		166.049
		38		0.379151		3.51279		168.614		-2.56641		166.048
		39		0.389128		3.51276		168.613		-2.56587		166.047
		40		0.399106		3.51273		168.611		-2.56533		166.046
		41		0.409084		3.5127		168.61		-2.56479		166.045
		42		0.419061		3.51267		168.608		-2.56425		166.044
		43		0.429039		3.51264		168.607		-2.56371		166.043
		44		0.439017		3.51261		168.605		-2.56317		166.042
		45		0.448994		3.51258		168.604		-2.56263		166.041
		46		0.458972		3.51255		168.602		-2.56209		166.04
		47		0.46895		3.51252		168.601		-2.56155		166.039
		48		0.478927		3.51249		168.599		-2.56101		166.038
		49		0.488905		3.51246		168.598		-2.56047		166.038
		50		0.498883		3.51243		168.597		-2.55993		166.037
		51		0.50886		3.5124		168.595		-2.55938		166.036
		51		0.50886		3.5124		168.595		-2.55938		166.036
		52		0.518838		3.51237		168.594		-2.55884		166.035
		53		0.528816		3.51234		168.592		-2.5583		166.034
		54		0.538793		3.51231		168.591		-2.55776		166.033
		55		0.548771		3.51228		168.589		-2.55722		166.032
		56		0.558749		3.51225		168.588		-2.55668		166.031
		57		0.568726		3.51222		168.586		-2.55614		166.03
		58		0.578704		3.51219		168.585		-2.5556		166.029
		59		0.588682		3.51216		168.584		-2.55507		166.029
		60		0.598659		3.51213		168.582		-2.55453		166.028
		61		0.608637		3.5121		168.581		-2.55399		166.027
		62		0.618615		3.51207		168.579		-2.55345		166.026
		63		0.628592		3.51204		168.578		-2.55291		166.025
		64		0.63857		3.51201		168.576		-2.55237		166.024
		65		0.648547		3.51198		168.575		-2.55183		166.023
		66		0.658525		3.51195		168.574		-2.55129		166.022
		67		0.668503		3.51192		168.572		-2.55075		166.021
		68		0.67848		3.51189		168.571		-2.55021		166.021
		69		0.688458		3.51186		168.569		-2.54967		166.02
		70		0.698436		3.51183		168.568		-2.54913		166.019
		71		0.708413		3.5118		168.566		-2.5486		166.018
		72		0.718391		3.51177		168.565		-2.54806		166.017
		73		0.728369		3.51174		168.564		-2.54752		166.016
		74		0.738346		3.51171		168.562		-2.54698		166.015
		75		0.748324		3.51168		168.561		-2.54644		166.014
		76		0.758302		3.51165		168.559		-2.5459		166.013
		77		0.768279		3.51162		168.558		-2.54537		166.013
		78		0.778257		3.51159		168.557		-2.54483		166.012
		79		0.788235		3.51156		168.555		-2.54429		166.011
		80		0.798212		3.51153		168.554		-2.54375		166.01
		81		0.80819		3.51151		168.552		-2.54321		166.009
		82		0.818168		3.51148		168.551		-2.54268		166.008
		83		0.828145		3.51145		168.549		-2.54214		166.007
		84		0.838123		3.51142		168.548		-2.5416		166.006
		85		0.848101		3.51139		168.547		-2.54106		166.006
		86		0.858078		3.51136		168.545		-2.54053		166.005
		87		0.868056		3.51133		168.544		-2.53999		166.004
		88		0.878034		3.5113		168.542		-2.53945		166.003
		89		0.888011		3.51127		168.541		-2.53891		166.002
		90		0.897989		3.51124		168.54		-2.53838		166.001
		91		0.907966		3.51121		168.538		-2.53784		166
		92		0.917944		3.51118		168.537		-2.5373		165.999
		93		0.927922		3.51115		168.535		-2.53677		165.999
		94		0.937899		3.51112		168.534		-2.53623		165.998
		95		0.947877		3.5111		168.533		-2.53569		165.997
		96		0.957855		3.51107		168.531		-2.53516		165.996
		97		0.967832		3.51104		168.53		-2.53462		165.995
		98		0.97781		3.51101		168.528		-2.53409		165.994
		99		0.987788		3.51098		168.527		-2.53355		165.993
		100		0.997765		3.51095		168.526		-2.53301		165.993
		101		1.00774		3.51092		168.524		-2.53248		165.992
		101		1.00774		3.51092		168.524		-2.53248		165.992
		102		1.01772		3.51089		168.523		-2.53194		165.991
		103		1.0277		3.51086		168.521		-2.53141		165.99
		104		1.03768		3.51084		168.52		-2.53087		165.989
		105		1.04765		3.51081		168.519		-2.53034		165.988
		106		1.05763		3.51078		168.517		-2.5298		165.988
		107		1.06761		3.51075		168.516		-2.52926		165.987
		108		1.07759		3.51072		168.515		-2.52873		165.986
		109		1.08756		3.51069		168.513		-2.52819		165.985
		110		1.09754		3.51066		168.512		-2.52766		165.984
		111		1.10752		3.51063		168.51		-2.52712		165.983
		112		1.1175		3.51061		168.509		-2.52659		165.982
		113		1.12747		3.51058		168.508		-2.52606		165.982
		114		1.13745		3.51055		168.506		-2.52552		165.981
		115		1.14743		3.51052		168.505		-2.52499		165.98
		116		1.15741		3.51049		168.504		-2.52445		165.979
		117		1.16739		3.51046		168.502		-2.52392		165.978
		118		1.17736		3.51043		168.501		-2.52338		165.977
		119		1.18734		3.51041		168.499		-2.52285		165.977
		120		1.19732		3.51038		168.498		-2.52232		165.976
		121		1.2073		3.51035		168.497		-2.52178		165.975
		122		1.21727		3.51032		168.495		-2.52125		165.974
		123		1.22725		3.51029		168.494		-2.52071		165.973
		124		1.23723		3.51026		168.493		-2.52018		165.972
		125		1.24721		3.51024		168.491		-2.51965		165.972
		126		1.25718		3.51021		168.49		-2.51911		165.971
		127		1.26716		3.51018		168.489		-2.51858		165.97
		128		1.27714		3.51015		168.487		-2.51805		165.969
		129		1.28712		3.51012		168.486		-2.51752		165.968
		130		1.29709		3.51009		168.485		-2.51698		165.968
		131		1.30707		3.51007		168.483		-2.51645		165.967
		132		1.31705		3.51004		168.482		-2.51592		165.966
		133		1.32703		3.51001		168.48		-2.51539		165.965
		134		1.33701		3.50998		168.479		-2.51485		165.964
		135		1.34698		3.50995		168.478		-2.51432		165.963
		136		1.35696		3.50993		168.476		-2.51379		165.963
		137		1.36694		3.5099		168.475		-2.51326		165.962
		138		1.37692		3.50987		168.474		-2.51273		165.961
		139		1.38689		3.50984		168.472		-2.51219		165.96
		140		1.39687		3.50981		168.471		-2.51166		165.959
		141		1.40685		3.50979		168.47		-2.51113		165.959
		142		1.41683		3.50976		168.468		-2.5106		165.958
		143		1.4268		3.50973		168.467		-2.51007		165.957
		144		1.43678		3.5097		168.466		-2.50954		165.956
		145		1.44676		3.50967		168.464		-2.50901		165.955
		146		1.45674		3.50965		168.463		-2.50847		165.955
		147		1.46672		3.50962		168.462		-2.50794		165.954
		148		1.47669		3.50959		168.46		-2.50741		165.953
		149		1.48667		3.50956		168.459		-2.50688		165.952
		150		1.49665		3.50954		168.458		-2.50635		165.951
		151		1.50663		3.50951		168.456		-2.50582		165.951
		151		1.50663		3.50951		168.456		-2.50582		165.951
		152		1.5166		3.50948		168.455		-2.50529		165.95
		153		1.52658		3.50945		168.454		-2.50476		165.949
		154		1.53656		3.50943		168.452		-2.50423		165.948
		155		1.54654		3.5094		168.451		-2.5037		165.947
		156		1.55651		3.50937		168.45		-2.50317		165.947
		157		1.56649		3.50934		168.449		-2.50264		165.946
		158		1.57647		3.50932		168.447		-2.50211		165.945
		159		1.58645		3.50929		168.446		-2.50158		165.944
		160		1.59642		3.50926		168.445		-2.50106		165.944
		161		1.6064		3.50923		168.443		-2.50053		165.943
		162		1.61638		3.50921		168.442		-2.5		165.942
		163		1.62636		3.50918		168.441		-2.49947		165.941
		164		1.63634		3.50915		168.439		-2.49894		165.94
		165		1.64631		3.50913		168.438		-2.49841		165.94
		166		1.65629		3.5091		168.437		-2.49788		165.939
		167		1.66627		3.50907		168.435		-2.49735		165.938
		168		1.67625		3.50904		168.434		-2.49683		165.937
		169		1.68622		3.50902		168.433		-2.4963		165.937
		170		1.6962		3.50899		168.432		-2.49577		165.936
		171		1.70618		3.50896		168.43		-2.49524		165.935
		172		1.71616		3.50894		168.429		-2.49471		165.934
		173		1.72613		3.50891		168.428		-2.49419		165.933
		174		1.73611		3.50888		168.426		-2.49366		165.933
		175		1.74609		3.50886		168.425		-2.49313		165.932
		176		1.75607		3.50883		168.424		-2.49261		165.931
		177		1.76604		3.5088		168.422		-2.49208		165.93
		178		1.77602		3.50878		168.421		-2.49155		165.93
		179		1.786		3.50875		168.42		-2.49103		165.929
		180		1.79598		3.50872		168.419		-2.4905		165.928
		181		1.80596		3.50869		168.417		-2.48997		165.927
		182		1.81593		3.50867		168.416		-2.48945		165.927
		183		1.82591		3.50864		168.415		-2.48892		165.926
		184		1.83589		3.50862		168.414		-2.48839		165.925
		185		1.84587		3.50859		168.412		-2.48787		165.924
		186		1.85584		3.50856		168.411		-2.48734		165.924
		187		1.86582		3.50854		168.41		-2.48682		165.923
		188		1.8758		3.50851		168.408		-2.48629		165.922
		189		1.88578		3.50848		168.407		-2.48577		165.921
		190		1.89575		3.50846		168.406		-2.48524		165.921
		191		1.90573		3.50843		168.405		-2.48472		165.92
		192		1.91571		3.5084		168.403		-2.48419		165.919
		193		1.92569		3.50838		168.402		-2.48367		165.918
		194		1.93566		3.50835		168.401		-2.48314		165.918
		195		1.94564		3.50832		168.4		-2.48262		165.917
		196		1.95562		3.5083		168.398		-2.48209		165.916
		197		1.9656		3.50827		168.397		-2.48157		165.915
		198		1.97558		3.50825		168.396		-2.48104		165.915
		199		1.98555		3.50822		168.395		-2.48052		165.914
		200		1.99553		3.50819		168.393		-2.48		165.913
		201		2.00551		3.50817		168.392		-2.47947		165.913
		201		2.00551		3.50817		168.392		-2.47947		165.913
		202		2.01549		3.50814		168.391		-2.47895		165.912
		203		2.02546		3.50812		168.39		-2.47842		165.911
		204		2.03544		3.50809		168.388		-2.4779		165.91
		205		2.04542		3.50806		168.387		-2.47738		165.91
		206		2.0554		3.50804		168.386		-2.47686		165.909
		207		2.06537		3.50801		168.385		-2.47633		165.908
		208		2.07535		3.50799		168.383		-2.47581		165.908
		209		2.08533		3.50796		168.382		-2.47529		165.907
		210		2.09531		3.50793		168.381		-2.47477		165.906
		211		2.10528		3.50791		168.38		-2.47424		165.905
		212		2.11526		3.50788		168.378		-2.47372		165.905
		213		2.12524		3.50786		168.377		-2.4732		165.904
		214		2.13522		3.50783		168.376		-2.47268		165.903
		215		2.1452		3.50781		168.375		-2.47216		165.903
		216		2.15517		3.50778		168.373		-2.47163		165.902
		217		2.16515		3.50775		168.372		-2.47111		165.901
		218		2.17513		3.50773		168.371		-2.47059		165.9
		219		2.18511		3.5077		168.37		-2.47007		165.9
		220		2.19508		3.50768		168.369		-2.46955		165.899
		221		2.20506		3.50765		168.367		-2.46903		165.898
		222		2.21504		3.50763		168.366		-2.46851		165.898
		223		2.22502		3.5076		168.365		-2.46799		165.897
		224		2.23499		3.50758		168.364		-2.46747		165.896
		225		2.24497		3.50755		168.362		-2.46695		165.896
		226		2.25495		3.50753		168.361		-2.46643		165.895
		227		2.26493		3.5075		168.36		-2.46591		165.894
		228		2.27491		3.50748		168.359		-2.46539		165.893
		229		2.28488		3.50745		168.358		-2.46487		165.893
		230		2.29486		3.50743		168.356		-2.46435		165.892
		231		2.30484		3.5074		168.355		-2.46383		165.891
		232		2.31482		3.50738		168.354		-2.46331		165.891
		233		2.32479		3.50735		168.353		-2.46279		165.89
		234		2.33477		3.50733		168.352		-2.46227		165.889
		235		2.34475		3.5073		168.35		-2.46175		165.889
		236		2.35473		3.50728		168.349		-2.46123		165.888
		237		2.3647		3.50725		168.348		-2.46072		165.887
		238		2.37468		3.50723		168.347		-2.4602		165.887
		239		2.38466		3.5072		168.346		-2.45968		165.886
		240		2.39464		3.50718		168.344		-2.45916		165.885
		241		2.40461		3.50715		168.343		-2.45864		165.885
		242		2.41459		3.50713		168.342		-2.45813		165.884
		243		2.42457		3.5071		168.341		-2.45761		165.883
		244		2.43455		3.50708		168.34		-2.45709		165.883
		245		2.44453		3.50705		168.339		-2.45657		165.882
		246		2.4545		3.50703		168.337		-2.45606		165.881
		247		2.46448		3.507		168.336		-2.45554		165.881
		248		2.47446		3.50698		168.335		-2.45502		165.88
		249		2.48444		3.50695		168.334		-2.45451		165.879
		250		2.49441		3.50693		168.333		-2.45399		165.879
		251		2.50439		3.50691		168.331		-2.45347		165.878
		251		2.50439		3.50691		168.331		-2.45347		165.878
		252		2.51437		3.50688		168.33		-2.45296		165.877
		253		2.52435		3.50686		168.329		-2.45244		165.877
		254		2.53432		3.50683		168.328		-2.45193		165.876
		255		2.5443		3.50681		168.327		-2.45141		165.875
		256		2.55428		3.50678		168.326		-2.45089		165.875
		257		2.56426		3.50676		168.324		-2.45038		165.874
		258		2.57423		3.50674		168.323		-2.44986		165.873
		259		2.58421		3.50671		168.322		-2.44935		165.873
		260		2.59419		3.50669		168.321		-2.44883		165.872
		261		2.60417		3.50666		168.32		-2.44832		165.872
		262		2.61415		3.50664		168.319		-2.44781		165.871
		263		2.62412		3.50662		168.318		-2.44729		165.87
		264		2.6341		3.50659		168.316		-2.44678		165.87
		265		2.64408		3.50657		168.315		-2.44626		165.869
		266		2.65406		3.50654		168.314		-2.44575		165.868
		267		2.66403		3.50652		168.313		-2.44524		165.868
		268		2.67401		3.5065		168.312		-2.44472		165.867
		269		2.68399		3.50647		168.311		-2.44421		165.866
		270		2.69397		3.50645		168.31		-2.4437		165.866
		271		2.70394		3.50643		168.308		-2.44318		165.865
		272		2.71392		3.5064		168.307		-2.44267		165.865
		273		2.7239		3.50638		168.306		-2.44216		165.864
		274		2.73388		3.50635		168.305		-2.44164		165.863
		275		2.74385		3.50633		168.304		-2.44113		165.863
		276		2.75383		3.50631		168.303		-2.44062		165.862
		277		2.76381		3.50628		168.302		-2.44011		165.862
		278		2.77379		3.50626		168.3		-2.4396		165.861
		279		2.78377		3.50624		168.299		-2.43908		165.86
		280		2.79374		3.50621		168.298		-2.43857		165.86
		281		2.80372		3.50619		168.297		-2.43806		165.859
		282		2.8137		3.50617		168.296		-2.43755		165.858
		283		2.82368		3.50614		168.295		-2.43704		165.858
		284		2.83365		3.50612		168.294		-2.43653		165.857
		285		2.84363		3.5061		168.293		-2.43602		165.857
		286		2.85361		3.50607		168.292		-2.43551		165.856
		287		2.86359		3.50605		168.29		-2.435		165.855
		288		2.87356		3.50603		168.289		-2.43449		165.855
		289		2.88354		3.506		168.288		-2.43397		165.854
		290		2.89352		3.50598		168.287		-2.43347		165.854
		291		2.9035		3.50596		168.286		-2.43296		165.853
		292		2.91347		3.50594		168.285		-2.43245		165.852
		293		2.92345		3.50591		168.284		-2.43194		165.852
		294		2.93343		3.50589		168.283		-2.43143		165.851
		295		2.94341		3.50587		168.282		-2.43092		165.851
		296		2.95339		3.50584		168.281		-2.43041		165.85
		297		2.96336		3.50582		168.279		-2.4299		165.85
		298		2.97334		3.5058		168.278		-2.42939		165.849
		299		2.98332		3.50578		168.277		-2.42888		165.848
		300		2.9933		3.50575		168.276		-2.42838		165.848
		301		3.00327		3.50573		168.275		-2.42787		165.847
		301		3.00327		3.50573		168.275		-2.42787		165.847
		302		3.01325		3.50571		168.274		-2.42736		165.847
		303		3.02323		3.50569		168.273		-2.42685		165.846
		304		3.03321		3.50566		168.272		-2.42634		165.845
		305		3.04318		3.50564		168.271		-2.42584		165.845
		306		3.05316		3.50562		168.27		-2.42533		165.844
		307		3.06314		3.5056		168.269		-2.42482		165.844
		308		3.07312		3.50557		168.268		-2.42432		165.843
		309		3.08309		3.50555		168.266		-2.42381		165.843
		310		3.09307		3.50553		168.265		-2.4233		165.842
		311		3.10305		3.50551		168.264		-2.4228		165.842
		312		3.11303		3.50548		168.263		-2.42229		165.841
		313		3.12301		3.50546		168.262		-2.42178		165.84
		314		3.13298		3.50544		168.261		-2.42128		165.84
		315		3.14296		3.50542		168.26		-2.42077		165.839
		316		3.15294		3.5054		168.259		-2.42027		165.839
		317		3.16292		3.50537		168.258		-2.41976		165.838
		318		3.17289		3.50535		168.257		-2.41926		165.838
		319		3.18287		3.50533		168.256		-2.41875		165.837
		320		3.19285		3.50531		168.255		-2.41825		165.837
		321		3.20283		3.50529		168.254		-2.41774		165.836
		322		3.2128		3.50526		168.253		-2.41724		165.835
		323		3.22278		3.50524		168.252		-2.41673		165.835
		324		3.23276		3.50522		168.251		-2.41623		165.834
		325		3.24274		3.5052		168.25		-2.41572		165.834
		326		3.25272		3.50518		168.249		-2.41522		165.833
		327		3.26269		3.50516		168.247		-2.41472		165.833
		328		3.27267		3.50513		168.246		-2.41421		165.832
		329		3.28265		3.50511		168.245		-2.41371		165.832
		330		3.29263		3.50509		168.244		-2.41321		165.831
		331		3.3026		3.50507		168.243		-2.4127		165.831
		332		3.31258		3.50505		168.242		-2.4122		165.83
		333		3.32256		3.50503		168.241		-2.4117		165.83
		334		3.33254		3.50501		168.24		-2.4112		165.829
		335		3.34251		3.50498		168.239		-2.4107		165.829
		336		3.35249		3.50496		168.238		-2.41019		165.828
		337		3.36247		3.50494		168.237		-2.40969		165.828
		338		3.37245		3.50492		168.236		-2.40919		165.827
		339		3.38242		3.5049		168.235		-2.40869		165.826
		340		3.3924		3.50488		168.234		-2.40819		165.826
		341		3.40238		3.50486		168.233		-2.40769		165.825
		342		3.41236		3.50484		168.232		-2.40719		165.825
		343		3.42234		3.50482		168.231		-2.40668		165.824
		344		3.43231		3.50479		168.23		-2.40618		165.824
		345		3.44229		3.50477		168.229		-2.40568		165.823
		346		3.45227		3.50475		168.228		-2.40518		165.823
		347		3.46225		3.50473		168.227		-2.40468		165.822
		348		3.47222		3.50471		168.226		-2.40418		165.822
		349		3.4822		3.50469		168.225		-2.40368		165.821
		350		3.49218		3.50467		168.224		-2.40318		165.821
		351		3.50216		3.50465		168.223		-2.40269		165.82
		351		3.50216		3.50465		168.223		-2.40269		165.82
		352		3.51213		3.50463		168.222		-2.40219		165.82
		353		3.52211		3.50461		168.221		-2.40169		165.819
		354		3.53209		3.50459		168.22		-2.40119		165.819
		355		3.54207		3.50457		168.219		-2.40069		165.818
		356		3.55204		3.50455		168.218		-2.40019		165.818
		357		3.56202		3.50452		168.217		-2.39969		165.817
		358		3.572		3.5045		168.216		-2.3992		165.817
		359		3.58198		3.50448		168.215		-2.3987		165.817
		360		3.59196		3.50446		168.214		-2.3982		165.816
		361		3.60193		3.50444		168.213		-2.3977		165.816
		362		3.61191		3.50442		168.212		-2.39721		165.815
		363		3.62189		3.5044		168.211		-2.39671		165.815
		364		3.63187		3.50438		168.21		-2.39621		165.814
		365		3.64184		3.50436		168.209		-2.39571		165.814
		366		3.65182		3.50434		168.208		-2.39522		165.813
		367		3.6618		3.50432		168.207		-2.39472		165.813
		368		3.67178		3.5043		168.207		-2.39423		165.812
		369		3.68175		3.50428		168.206		-2.39373		165.812
		370		3.69173		3.50426		168.205		-2.39323		165.811
		371		3.70171		3.50424		168.204		-2.39274		165.811
		372		3.71169		3.50422		168.203		-2.39224		165.81
		373		3.72166		3.5042		168.202		-2.39175		165.81
		374		3.73164		3.50418		168.201		-2.39125		165.81
		375		3.74162		3.50416		168.2		-2.39076		165.809
		376		3.7516		3.50414		168.199		-2.39026		165.809
		377		3.76158		3.50412		168.198		-2.38977		165.808
		378		3.77155		3.5041		168.197		-2.38927		165.808
		379		3.78153		3.50408		168.196		-2.38878		165.807
		380		3.79151		3.50406		168.195		-2.38829		165.807
		381		3.80149		3.50405		168.194		-2.38779		165.806
		382		3.81146		3.50403		168.193		-2.3873		165.806
		383		3.82144		3.50401		168.192		-2.38681		165.806
		384		3.83142		3.50399		168.191		-2.38631		165.805
		385		3.8414		3.50397		168.19		-2.38582		165.805
		386		3.85137		3.50395		168.19		-2.38533		165.804
		387		3.86135		3.50393		168.189		-2.38483		165.804
		388		3.87133		3.50391		168.188		-2.38434		165.803
		389		3.88131		3.50389		168.187		-2.38385		165.803
		390		3.89128		3.50387		168.186		-2.38336		165.802
		391		3.90126		3.50385		168.185		-2.38286		165.802
		392		3.91124		3.50383		168.184		-2.38237		165.802
		393		3.92122		3.50381		168.183		-2.38188		165.801
		394		3.9312		3.5038		168.182		-2.38139		165.801
		395		3.94117		3.50378		168.181		-2.3809		165.8
		396		3.95115		3.50376		168.18		-2.38041		165.8
		397		3.96113		3.50374		168.179		-2.37992		165.8
		398		3.97111		3.50372		168.179		-2.37943		165.799
		399		3.98108		3.5037		168.178		-2.37894		165.799
		400		3.99106		3.50368		168.177		-2.37845		165.798
		401		4.00104		3.50366		168.176		-2.37796		165.798
		401		4.00104		3.50366		168.176		-2.37796		165.798
		402		4.01102		3.50364		168.175		-2.37747		165.797
		403		4.02099		3.50363		168.174		-2.37698		165.797
		404		4.03097		3.50361		168.173		-2.37649		165.797
		405		4.04095		3.50359		168.172		-2.376		165.796
		406		4.05093		3.50357		168.171		-2.37551		165.796
		407		4.0609		3.50355		168.171		-2.37502		165.795
		408		4.07088		3.50353		168.17		-2.37453		165.795
		409		4.08086		3.50352		168.169		-2.37404		165.795
		410		4.09084		3.5035		168.168		-2.37356		165.794
		411		4.10082		3.50348		168.167		-2.37307		165.794
		412		4.11079		3.50346		168.166		-2.37258		165.794
		413		4.12077		3.50344		168.165		-2.37209		165.793
		414		4.13075		3.50342		168.164		-2.3716		165.793
		415		4.14073		3.50341		168.163		-2.37112		165.792
		416		4.1507		3.50339		168.163		-2.37063		165.792
		417		4.16068		3.50337		168.162		-2.37014		165.792
		418		4.17066		3.50335		168.161		-2.36966		165.791
		419		4.18064		3.50333		168.16		-2.36917		165.791
		420		4.19061		3.50332		168.159		-2.36868		165.79
		421		4.20059		3.5033		168.158		-2.3682		165.79
		422		4.21057		3.50328		168.157		-2.36771		165.79
		423		4.22055		3.50326		168.157		-2.36723		165.789
		424		4.23053		3.50324		168.156		-2.36674		165.789
		425		4.2405		3.50323		168.155		-2.36626		165.789
		426		4.25048		3.50321		168.154		-2.36577		165.788
		427		4.26046		3.50319		168.153		-2.36528		165.788
		428		4.27044		3.50317		168.152		-2.3648		165.788
		429		4.28041		3.50316		168.152		-2.36432		165.787
		430		4.29039		3.50314		168.151		-2.36383		165.787
		431		4.30037		3.50312		168.15		-2.36335		165.786
		432		4.31035		3.5031		168.149		-2.36286		165.786
		433		4.32032		3.50309		168.148		-2.36238		165.786
		434		4.3303		3.50307		168.147		-2.3619		165.785
		435		4.34028		3.50305		168.147		-2.36141		165.785
		436		4.35026		3.50304		168.146		-2.36093		165.785
		437		4.36023		3.50302		168.145		-2.36045		165.784
		438		4.37021		3.503		168.144		-2.35996		165.784
		439		4.38019		3.50298		168.143		-2.35948		165.784
		440		4.39017		3.50297		168.142		-2.359		165.783
		441		4.40015		3.50295		168.142		-2.35852		165.783
		442		4.41012		3.50293		168.141		-2.35803		165.783
		443		4.4201		3.50292		168.14		-2.35755		165.782
		444		4.43008		3.5029		168.139		-2.35707		165.782
		445		4.44006		3.50288		168.138		-2.35659		165.782
		446		4.45003		3.50287		168.138		-2.35611		165.781
		447		4.46001		3.50285		168.137		-2.35563		165.781
		448		4.46999		3.50283		168.136		-2.35515		165.781
		449		4.47997		3.50281		168.135		-2.35467		165.78
		450		4.48994		3.5028		168.134		-2.35418		165.78
		451		4.49992		3.50278		168.134		-2.3537		165.78
		451		4.49992		3.50278		168.134		-2.3537		165.78
		452		4.5099		3.50277		168.133		-2.35322		165.779
		453		4.51988		3.50275		168.132		-2.35274		165.779
		454		4.52985		3.50273		168.131		-2.35227		165.779
		455		4.53983		3.50272		168.13		-2.35179		165.779
		456		4.54981		3.5027		168.13		-2.35131		165.778
		457		4.55979		3.50268		168.129		-2.35083		165.778
		458		4.56977		3.50267		168.128		-2.35035		165.778
		459		4.57974		3.50265		168.127		-2.34987		165.777
		460		4.58972		3.50263		168.126		-2.34939		165.777
		461		4.5997		3.50262		168.126		-2.34891		165.777
		462		4.60968		3.5026		168.125		-2.34844		165.776
		463		4.61965		3.50259		168.124		-2.34796		165.776
		464		4.62963		3.50257		168.123		-2.34748		165.776
		465		4.63961		3.50255		168.123		-2.347		165.776
		466		4.64959		3.50254		168.122		-2.34653		165.775
		467		4.65956		3.50252		168.121		-2.34605		165.775
		468		4.66954		3.50251		168.12		-2.34557		165.775
		469		4.67952		3.50249		168.12		-2.34509		165.774
		470		4.6895		3.50247		168.119		-2.34462		165.774
		471		4.69947		3.50246		168.118		-2.34414		165.774
		472		4.70945		3.50244		168.117		-2.34367		165.774
		473		4.71943		3.50243		168.117		-2.34319		165.773
		474		4.72941		3.50241		168.116		-2.34271		165.773
		475		4.73939		3.5024		168.115		-2.34224		165.773
		476		4.74936		3.50238		168.114		-2.34176		165.773
		477		4.75934		3.50237		168.114		-2.34129		165.772
		478		4.76932		3.50235		168.113		-2.34081		165.772
		479		4.7793		3.50233		168.112		-2.34034		165.772
		480		4.78927		3.50232		168.111		-2.33986		165.771
		481		4.79925		3.5023		168.111		-2.33939		165.771
		482		4.80923		3.50229		168.11		-2.33892		165.771
		483		4.81921		3.50227		168.109		-2.33844		165.771
		484		4.82918		3.50226		168.108		-2.33797		165.77
		485		4.83916		3.50224		168.108		-2.3375		165.77
		486		4.84914		3.50223		168.107		-2.33702		165.77
		487		4.85912		3.50221		168.106		-2.33655		165.77
		488		4.86909		3.5022		168.105		-2.33608		165.769
		489		4.87907		3.50218		168.105		-2.3356		165.769
		490		4.88905		3.50217		168.104		-2.33513		165.769
		491		4.89903		3.50215		168.103		-2.33466		165.769
		492		4.90901		3.50214		168.103		-2.33419		165.768
		493		4.91898		3.50212		168.102		-2.33372		165.768
		494		4.92896		3.50211		168.101		-2.33324		165.768
		495		4.93894		3.50209		168.101		-2.33277		165.768
		496		4.94892		3.50208		168.1		-2.3323		165.768
		497		4.95889		3.50206		168.099		-2.33183		165.767
		498		4.96887		3.50205		168.098		-2.33136		165.767
		499		4.97885		3.50204		168.098		-2.33089		165.767
		500		4.98883		3.50202		168.097		-2.33042		165.767
		501		4.9988		3.50201		168.096		-2.32995		165.766
		501		4.9988		3.50201		168.096		-2.32995		165.766
		502		5.00878		3.50199		168.096		-2.32948		165.766
		503		5.01876		3.50198		168.095		-2.32901		165.766
		504		5.02874		3.50196		168.094		-2.32854		165.766
		505		5.03872		3.50195		168.094		-2.32807		165.766
		506		5.04869		3.50194		168.093		-2.3276		165.765
		507		5.05867		3.50192		168.092		-2.32713		165.765
		508		5.06865		3.50191		168.092		-2.32666		165.765
		509		5.07863		3.50189		168.091		-2.32619		165.765
		510		5.0886		3.50188		168.09		-2.32573		165.764
		511		5.09858		3.50187		168.09		-2.32526		165.764
		512		5.10856		3.50185		168.089		-2.32479		165.764
		513		5.11854		3.50184		168.088		-2.32432		165.764
		514		5.12851		3.50182		168.088		-2.32385		165.764
		515		5.13849		3.50181		168.087		-2.32339		165.763
		516		5.14847		3.5018		168.086		-2.32292		165.763
		517		5.15845		3.50178		168.086		-2.32245		165.763
		518		5.16842		3.50177		168.085		-2.32199		165.763
		519		5.1784		3.50176		168.084		-2.32152		165.763
		520		5.18838		3.50174		168.084		-2.32105		165.763
		521		5.19836		3.50173		168.083		-2.32059		165.762
		522		5.20834		3.50171		168.082		-2.32012		165.762
		523		5.21831		3.5017		168.082		-2.31966		165.762
		524		5.22829		3.50169		168.081		-2.31919		165.762
		525		5.23827		3.50167		168.08		-2.31873		165.762
		526		5.24825		3.50166		168.08		-2.31826		165.761
		527		5.25822		3.50165		168.079		-2.3178		165.761
		528		5.2682		3.50163		168.078		-2.31733		165.761
		529		5.27818		3.50162		168.078		-2.31687		165.761
		530		5.28816		3.50161		168.077		-2.3164		165.761
		531		5.29813		3.5016		168.077		-2.31594		165.761
		532		5.30811		3.50158		168.076		-2.31548		165.76
		533		5.31809		3.50157		168.075		-2.31501		165.76
		534		5.32807		3.50156		168.075		-2.31455		165.76
		535		5.33804		3.50154		168.074		-2.31409		165.76
		536		5.34802		3.50153		168.073		-2.31362		165.76
		537		5.358		3.50152		168.073		-2.31316		165.76
		538		5.36798		3.50151		168.072		-2.3127		165.76
		539		5.37796		3.50149		168.072		-2.31223		165.759
		540		5.38793		3.50148		168.071		-2.31177		165.759
		541		5.39791		3.50147		168.07		-2.31131		165.759
		542		5.40789		3.50145		168.07		-2.31085		165.759
		543		5.41787		3.50144		168.069		-2.31039		165.759
		544		5.42784		3.50143		168.069		-2.30993		165.759
		545		5.43782		3.50142		168.068		-2.30947		165.759
		546		5.4478		3.5014		168.067		-2.309		165.758
		547		5.45778		3.50139		168.067		-2.30854		165.758
		548		5.46775		3.50138		168.066		-2.30808		165.758
		549		5.47773		3.50137		168.066		-2.30762		165.758
		550		5.48771		3.50136		168.065		-2.30716		165.758
		551		5.49769		3.50134		168.064		-2.3067		165.758
		551		5.49769		3.50134		168.064		-2.3067		165.758
		552		5.50766		3.50133		168.064		-2.30624		165.758
		553		5.51764		3.50132		168.063		-2.30578		165.758
		554		5.52762		3.50131		168.063		-2.30532		165.757
		555		5.5376		3.5013		168.062		-2.30487		165.757
		556		5.54758		3.50128		168.062		-2.30441		165.757
		557		5.55755		3.50127		168.061		-2.30395		165.757
		558		5.56753		3.50126		168.06		-2.30349		165.757
		559		5.57751		3.50125		168.06		-2.30303		165.757
		560		5.58749		3.50124		168.059		-2.30257		165.757
		561		5.59746		3.50122		168.059		-2.30212		165.757
		562		5.60744		3.50121		168.058		-2.30166		165.757
		563		5.61742		3.5012		168.058		-2.3012		165.756
		564		5.6274		3.50119		168.057		-2.30074		165.756
		565		5.63737		3.50118		168.057		-2.30029		165.756
		566		5.64735		3.50117		168.056		-2.29983		165.756
		567		5.65733		3.50116		168.055		-2.29937		165.756
		568		5.66731		3.50114		168.055		-2.29892		165.756
		569		5.67728		3.50113		168.054		-2.29846		165.756
		570		5.68726		3.50112		168.054		-2.29801		165.756
		571		5.69724		3.50111		168.053		-2.29755		165.756
		572		5.70722		3.5011		168.053		-2.2971		165.756
		573		5.7172		3.50109		168.052		-2.29664		165.756
		574		5.72717		3.50108		168.052		-2.29619		165.755
		575		5.73715		3.50107		168.051		-2.29573		165.755
		576		5.74713		3.50105		168.051		-2.29528		165.755
		577		5.75711		3.50104		168.05		-2.29482		165.755
		578		5.76708		3.50103		168.05		-2.29437		165.755
		579		5.77706		3.50102		168.049		-2.29391		165.755
		580		5.78704		3.50101		168.049		-2.29346		165.755
		581		5.79702		3.501		168.048		-2.29301		165.755
		582		5.80699		3.50099		168.048		-2.29255		165.755
		583		5.81697		3.50098		168.047		-2.2921		165.755
		584		5.82695		3.50097		168.046		-2.29165		165.755
		585		5.83693		3.50096		168.046		-2.29119		165.755
		586		5.8469		3.50095		168.045		-2.29074		165.755
		587		5.85688		3.50094		168.045		-2.29029		165.755
		588		5.86686		3.50093		168.044		-2.28984		165.755
		589		5.87684		3.50092		168.044		-2.28939		165.755
		590		5.88682		3.50091		168.043		-2.28893		165.755
		591		5.89679		3.5009		168.043		-2.28848		165.754
		592		5.90677		3.50089		168.042		-2.28803		165.754
		593		5.91675		3.50087		168.042		-2.28758		165.754
		594		5.92673		3.50086		168.042		-2.28713		165.754
		595		5.9367		3.50085		168.041		-2.28668		165.754
		596		5.94668		3.50084		168.041		-2.28623		165.754
		597		5.95666		3.50083		168.04		-2.28578		165.754
		598		5.96664		3.50082		168.04		-2.28533		165.754
		599		5.97661		3.50081		168.039		-2.28488		165.754
		600		5.98659		3.5008		168.039		-2.28443		165.754
		601		5.99657		3.50079		168.038		-2.28398		165.754
		601		5.99657		3.50079		168.038		-2.28398		165.754
		602		6.00655		3.50079		168.038		-2.28353		165.754
		603		6.01653		3.50078		168.037		-2.28308		165.754
		604		6.0265		3.50077		168.037		-2.28263		165.754
		605		6.03648		3.50076		168.036		-2.28219		165.754
		606		6.04646		3.50075		168.036		-2.28174		165.754
		607		6.05644		3.50074		168.035		-2.28129		165.754
		608		6.06641		3.50073		168.035		-2.28084		165.754
		609		6.07639		3.50072		168.034		-2.28039		165.754
		610		6.08637		3.50071		168.034		-2.27995		165.754
		611		6.09635		3.5007		168.034		-2.2795		165.754
		612		6.10632		3.50069		168.033		-2.27905		165.754
		613		6.1163		3.50068		168.033		-2.27861		165.754
		614		6.12628		3.50067		168.032		-2.27816		165.754
		615		6.13626		3.50066		168.032		-2.27771		165.754
		616		6.14623		3.50065		168.031		-2.27727		165.754
		617		6.15621		3.50064		168.031		-2.27682		165.754
		618		6.16619		3.50064		168.03		-2.27638		165.754
		619		6.17617		3.50063		168.03		-2.27593		165.754
		620		6.18615		3.50062		168.03		-2.27549		165.754
		621		6.19612		3.50061		168.029		-2.27504		165.754
		622		6.2061		3.5006		168.029		-2.2746		165.754
		623		6.21608		3.50059		168.028		-2.27415		165.754
		624		6.22606		3.50058		168.028		-2.27371		165.754
		625		6.23603		3.50057		168.028		-2.27326		165.754
		626		6.24601		3.50056		168.027		-2.27282		165.754
		627		6.25599		3.50056		168.027		-2.27238		165.754
		628		6.26597		3.50055		168.026		-2.27193		165.754
		629		6.27594		3.50054		168.026		-2.27149		165.754
		630		6.28592		3.50053		168.025		-2.27105		165.754
		631		6.2959		3.50052		168.025		-2.2706		165.754
		632		6.30588		3.50051		168.025		-2.27016		165.755
		633		6.31585		3.50051		168.024		-2.26972		165.755
		634		6.32583		3.5005		168.024		-2.26928		165.755
		635		6.33581		3.50049		168.023		-2.26883		165.755
		636		6.34579		3.50048		168.023		-2.26839		165.755
		637		6.35577		3.50047		168.023		-2.26795		165.755
		638		6.36574		3.50046		168.022		-2.26751		165.755
		639		6.37572		3.50046		168.022		-2.26707		165.755
		640		6.3857		3.50045		168.022		-2.26663		165.755
		641		6.39568		3.50044		168.021		-2.26619		165.755
		642		6.40565		3.50043		168.021		-2.26575		165.755
		643		6.41563		3.50043		168.02		-2.26531		165.755
		644		6.42561		3.50042		168.02		-2.26487		165.755
		645		6.43559		3.50041		168.02		-2.26443		165.755
		646		6.44556		3.5004		168.019		-2.26399		165.755
		647		6.45554		3.50039		168.019		-2.26355		165.755
		648		6.46552		3.50039		168.019		-2.26311		165.755
		649		6.4755		3.50038		168.018		-2.26267		165.756
		650		6.48547		3.50037		168.018		-2.26223		165.756
		651		6.49545		3.50036		168.017		-2.26179		165.756
		651		6.49545		3.50036		168.017		-2.26179		165.756
		652		6.50543		3.50036		168.017		-2.26135		165.756
		653		6.51541		3.50035		168.017		-2.26091		165.756
		654		6.52539		3.50034		168.016		-2.26048		165.756
		655		6.53536		3.50034		168.016		-2.26004		165.756
		656		6.54534		3.50033		168.016		-2.2596		165.756
		657		6.55532		3.50032		168.015		-2.25916		165.756
		658		6.5653		3.50031		168.015		-2.25873		165.756
		659		6.57527		3.50031		168.015		-2.25829		165.756
		660		6.58525		3.5003		168.014		-2.25785		165.757
		661		6.59523		3.50029		168.014		-2.25742		165.757
		662		6.60521		3.50029		168.014		-2.25698		165.757
		663		6.61518		3.50028		168.013		-2.25655		165.757
		664		6.62516		3.50027		168.013		-2.25611		165.757
		665		6.63514		3.50027		168.013		-2.25567		165.757
		666		6.64512		3.50026		168.012		-2.25524		165.757
		667		6.65509		3.50025		168.012		-2.2548		165.757
		668		6.66507		3.50025		168.012		-2.25437		165.757
		669		6.67505		3.50024		168.011		-2.25393		165.758
		670		6.68503		3.50023		168.011		-2.2535		165.758
		671		6.69501		3.50023		168.011		-2.25307		165.758
		672		6.70498		3.50022		168.011		-2.25263		165.758
		673		6.71496		3.50021		168.01		-2.2522		165.758
		674		6.72494		3.50021		168.01		-2.25176		165.758
		675		6.73492		3.5002		168.01		-2.25133		165.758
		676		6.74489		3.50019		168.009		-2.2509		165.758
		677		6.75487		3.50019		168.009		-2.25046		165.759
		678		6.76485		3.50018		168.009		-2.25003		165.759
		679		6.77483		3.50018		168.008		-2.2496		165.759
		680		6.7848		3.50017		168.008		-2.24917		165.759
		681		6.79478		3.50016		168.008		-2.24874		165.759
		682		6.80476		3.50016		168.008		-2.2483		165.759
		683		6.81474		3.50015		168.007		-2.24787		165.759
		684		6.82472		3.50015		168.007		-2.24744		165.76
		685		6.83469		3.50014		168.007		-2.24701		165.76
		686		6.84467		3.50013		168.006		-2.24658		165.76
		687		6.85465		3.50013		168.006		-2.24615		165.76
		688		6.86463		3.50012		168.006		-2.24572		165.76
		689		6.8746		3.50012		168.006		-2.24529		165.76
		690		6.88458		3.50011		168.005		-2.24486		165.761
		691		6.89456		3.50011		168.005		-2.24443		165.761
		692		6.90454		3.5001		168.005		-2.244		165.761
		693		6.91451		3.5001		168.005		-2.24357		165.761
		694		6.92449		3.50009		168.004		-2.24314		165.761
		695		6.93447		3.50009		168.004		-2.24271		165.761
		696		6.94445		3.50008		168.004		-2.24228		165.762
		697		6.95442		3.50008		168.004		-2.24185		165.762
		698		6.9644		3.50007		168.003		-2.24142		165.762
		699		6.97438		3.50006		168.003		-2.241		165.762
		700		6.98436		3.50006		168.003		-2.24057		165.762
		701		6.99434		3.50005		168.003		-2.24014		165.762
		701		6.99434		3.50005		168.003		-2.24014		165.762
		702		7.00431		3.50005		168.002		-2.23971		165.763
		703		7.01429		3.50005		168.002		-2.23928		165.763
		704		7.02427		3.50004		168.002		-2.23886		165.763
		705		7.03425		3.50004		168.002		-2.23843		165.763
		706		7.04422		3.50003		168.001		-2.238		165.763
		707		7.0542		3.50003		168.001		-2.23758		165.764
		708		7.06418		3.50002		168.001		-2.23715		165.764
		709		7.07416		3.50002		168.001		-2.23673		165.764
		710		7.08413		3.50001		168.001		-2.2363		165.764
		711		7.09411		3.50001		168		-2.23587		165.764
		712		7.10409		3.5		168		-2.23545		165.765
		713		7.11407		3.5		168		-2.23502		165.765
		714		7.12404		3.49999		168		-2.2346		165.765
		715		7.13402		3.49999		168		-2.23417		165.765
		716		7.144		3.49999		167.999		-2.23375		165.766
		717		7.15398		3.49998		167.999		-2.23333		165.766
		718		7.16396		3.49998		167.999		-2.2329		165.766
		719		7.17393		3.49997		167.999		-2.23248		165.766
		720		7.18391		3.49997		167.999		-2.23205		165.766
		721		7.19389		3.49997		167.998		-2.23163		165.767
		722		7.20387		3.49996		167.998		-2.23121		165.767
		723		7.21384		3.49996		167.998		-2.23078		165.767
		724		7.22382		3.49995		167.998		-2.23036		165.767
		725		7.2338		3.49995		167.998		-2.22994		165.768
		726		7.24378		3.49995		167.997		-2.22952		165.768
		727		7.25375		3.49994		167.997		-2.2291		165.768
		728		7.26373		3.49994		167.997		-2.22867		165.768
		729		7.27371		3.49994		167.997		-2.22825		165.769
		730		7.28369		3.49993		167.997		-2.22783		165.769
		731		7.29366		3.49993		167.997		-2.22741		165.769
		732		7.30364		3.49993		167.996		-2.22699		165.769
		733		7.31362		3.49992		167.996		-2.22657		165.77
		734		7.3236		3.49992		167.996		-2.22615		165.77
		735		7.33358		3.49992		167.996		-2.22573		165.77
		736		7.34355		3.49991		167.996		-2.22531		165.77
		737		7.35353		3.49991		167.996		-2.22489		165.771
		738		7.36351		3.49991		167.995		-2.22447		165.771
		739		7.37349		3.4999		167.995		-2.22405		165.771
		740		7.38346		3.4999		167.995		-2.22363		165.772
		741		7.39344		3.4999		167.995		-2.22321		165.772
		742		7.40342		3.49989		167.995		-2.22279		165.772
		743		7.4134		3.49989		167.995		-2.22237		165.772
		744		7.42337		3.49989		167.995		-2.22195		165.773
		745		7.43335		3.49988		167.994		-2.22154		165.773
		746		7.44333		3.49988		167.994		-2.22112		165.773
		747		7.45331		3.49988		167.994		-2.2207		165.774
		748		7.46328		3.49988		167.994		-2.22028		165.774
		749		7.47326		3.49987		167.994		-2.21987		165.774
		750		7.48324		3.49987		167.994		-2.21945		165.774
		751		7.49322		3.49987		167.994		-2.21903		165.775
		751		7.49322		3.49987		167.994		-2.21903		165.775
		752		7.5032		3.49987		167.994		-2.21861		165.775
		753		7.51317		3.49986		167.993		-2.2182		165.775
		754		7.52315		3.49986		167.993		-2.21778		165.776
		755		7.53313		3.49986		167.993		-2.21737		165.776
		756		7.54311		3.49986		167.993		-2.21695		165.776
		757		7.55308		3.49986		167.993		-2.21654		165.777
		758		7.56306		3.49985		167.993		-2.21612		165.777
		759		7.57304		3.49985		167.993		-2.2157		165.777
		760		7.58302		3.49985		167.993		-2.21529		165.777
		761		7.59299		3.49985		167.993		-2.21488		165.778
		762		7.60297		3.49985		167.993		-2.21446		165.778
		763		7.61295		3.49984		167.992		-2.21405		165.778
		764		7.62293		3.49984		167.992		-2.21363		165.779
		765		7.6329		3.49984		167.992		-2.21322		165.779
		766		7.64288		3.49984		167.992		-2.21281		165.779
		767		7.65286		3.49984		167.992		-2.21239		165.78
		768		7.66284		3.49983		167.992		-2.21198		165.78
		769		7.67282		3.49983		167.992		-2.21157		165.78
		770		7.68279		3.49983		167.992		-2.21115		165.781
		771		7.69277		3.49983		167.992		-2.21074		165.781
		772		7.70275		3.49983		167.992		-2.21033		165.781
		773		7.71273		3.49983		167.992		-2.20992		165.782
		774		7.7227		3.49983		167.992		-2.2095		165.782
		775		7.73268		3.49982		167.992		-2.20909		165.782
		776		7.74266		3.49982		167.992		-2.20868		165.783
		777		7.75264		3.49982		167.991		-2.20827		165.783
		778		7.76261		3.49982		167.991		-2.20786		165.784
		779		7.77259		3.49982		167.991		-2.20745		165.784
		780		7.78257		3.49982		167.991		-2.20704		165.784
		781		7.79255		3.49982		167.991		-2.20663		165.785
		782		7.80253		3.49982		167.991		-2.20622		165.785
		783		7.8125		3.49982		167.991		-2.20581		165.785
		784		7.82248		3.49982		167.991		-2.2054		165.786
		785		7.83246		3.49981		167.991		-2.20499		165.786
		786		7.84244		3.49981		167.991		-2.20458		165.786
		787		7.85241		3.49981		167.991		-2.20417		165.787
		788		7.86239		3.49981		167.991		-2.20376		165.787
		789		7.87237		3.49981		167.991		-2.20335		165.788
		790		7.88235		3.49981		167.991		-2.20295		165.788
		791		7.89232		3.49981		167.991		-2.20254		165.788
		792		7.9023		3.49981		167.991		-2.20213		165.789
		793		7.91228		3.49981		167.991		-2.20172		165.789
		794		7.92226		3.49981		167.991		-2.20131		165.79
		795		7.93223		3.49981		167.991		-2.20091		165.79
		796		7.94221		3.49981		167.991		-2.2005		165.79
		797		7.95219		3.49981		167.991		-2.20009		165.791
		798		7.96217		3.49981		167.991		-2.19969		165.791
		799		7.97215		3.49981		167.991		-2.19928		165.792
		800		7.98212		3.49981		167.991		-2.19887		165.792
		801		7.9921		3.49981		167.991		-2.19847		165.792
		801		7.9921		3.49981		167.991		-2.19847		165.792
		802		8.00208		3.49981		167.991		-2.19806		165.793
		803		8.01206		3.49981		167.991		-2.19766		165.793
		804		8.02203		3.49981		167.991		-2.19725		165.794
		805		8.03201		3.49981		167.991		-2.19685		165.794
		806		8.04199		3.49981		167.991		-2.19644		165.794
		807		8.05197		3.49981		167.991		-2.19604		165.795
		808		8.06194		3.49981		167.991		-2.19563		165.795
		809		8.07192		3.49981		167.991		-2.19523		165.796
		810		8.0819		3.49981		167.991		-2.19483		165.796
		811		8.09188		3.49981		167.991		-2.19442		165.797
		812		8.10185		3.49981		167.991		-2.19402		165.797
		813		8.11183		3.49981		167.991		-2.19362		165.797
		814		8.12181		3.49982		167.991		-2.19321		165.798
		815		8.13179		3.49982		167.991		-2.19281		165.798
		816		8.14177		3.49982		167.991		-2.19241		165.799
		817		8.15174		3.49982		167.991		-2.192		165.799
		818		8.16172		3.49982		167.991		-2.1916		165.8
		819		8.1717		3.49982		167.991		-2.1912		165.8
		820		8.18168		3.49982		167.991		-2.1908		165.801
		821		8.19165		3.49982		167.991		-2.1904		165.801
		822		8.20163		3.49982		167.991		-2.19		165.801
		823		8.21161		3.49982		167.992		-2.18959		165.802
		824		8.22159		3.49983		167.992		-2.18919		165.802
		825		8.23156		3.49983		167.992		-2.18879		165.803
		826		8.24154		3.49983		167.992		-2.18839		165.803
		827		8.25152		3.49983		167.992		-2.18799		165.804
		828		8.2615		3.49983		167.992		-2.18759		165.804
		829		8.27147		3.49983		167.992		-2.18719		165.805
		830		8.28145		3.49983		167.992		-2.18679		165.805
		831		8.29143		3.49984		167.992		-2.18639		165.806
		832		8.30141		3.49984		167.992		-2.18599		165.806
		833		8.31139		3.49984		167.992		-2.1856		165.807
		834		8.32136		3.49984		167.992		-2.1852		165.807
		835		8.33134		3.49984		167.992		-2.1848		165.808
		836		8.34132		3.49984		167.993		-2.1844		165.808
		837		8.3513		3.49985		167.993		-2.184		165.809
		838		8.36127		3.49985		167.993		-2.1836		165.809
		839		8.37125		3.49985		167.993		-2.18321		165.81
		840		8.38123		3.49985		167.993		-2.18281		165.81
		841		8.39121		3.49985		167.993		-2.18241		165.811
		842		8.40118		3.49986		167.993		-2.18202		165.811
		843		8.41116		3.49986		167.993		-2.18162		165.812
		844		8.42114		3.49986		167.993		-2.18122		165.812
		845		8.43112		3.49986		167.993		-2.18083		165.813
		846		8.44109		3.49987		167.994		-2.18043		165.813
		847		8.45107		3.49987		167.994		-2.18003		165.814
		848		8.46105		3.49987		167.994		-2.17964		165.814
		849		8.47103		3.49987		167.994		-2.17924		165.815
		850		8.48101		3.49988		167.994		-2.17885		165.815
		851		8.49098		3.49988		167.994		-2.17845		165.816
		851		8.49098		3.49988		167.994		-2.17845		165.816
		852		8.50096		3.49988		167.994		-2.17806		165.816
		853		8.51094		3.49988		167.994		-2.17766		165.817
		854		8.52092		3.49989		167.995		-2.17727		165.817
		855		8.53089		3.49989		167.995		-2.17688		165.818
		856		8.54087		3.49989		167.995		-2.17648		165.818
		857		8.55085		3.4999		167.995		-2.17609		165.819
		858		8.56083		3.4999		167.995		-2.17569		165.819
		859		8.5708		3.4999		167.995		-2.1753		165.82
		860		8.58078		3.4999		167.995		-2.17491		165.821
		861		8.59076		3.49991		167.996		-2.17452		165.821
		862		8.60074		3.49991		167.996		-2.17412		165.822
		863		8.61072		3.49991		167.996		-2.17373		165.822
		864		8.62069		3.49992		167.996		-2.17334		165.823
		865		8.63067		3.49992		167.996		-2.17295		165.823
		866		8.64065		3.49992		167.996		-2.17255		165.824
		867		8.65063		3.49993		167.997		-2.17216		165.824
		868		8.6606		3.49993		167.997		-2.17177		165.825
		869		8.67058		3.49994		167.997		-2.17138		165.826
		870		8.68056		3.49994		167.997		-2.17099		165.826
		871		8.69054		3.49994		167.997		-2.1706		165.827
		872		8.70051		3.49995		167.997		-2.17021		165.827
		873		8.71049		3.49995		167.998		-2.16982		165.828
		874		8.72047		3.49995		167.998		-2.16943		165.828
		875		8.73045		3.49996		167.998		-2.16904		165.829
		876		8.74042		3.49996		167.998		-2.16865		165.83
		877		8.7504		3.49997		167.998		-2.16826		165.83
		878		8.76038		3.49997		167.999		-2.16787		165.831
		879		8.77036		3.49997		167.999		-2.16748		165.831
		880		8.78034		3.49998		167.999		-2.16709		165.832
		881		8.79031		3.49998		167.999		-2.16671		165.832
		882		8.80029		3.49999		167.999		-2.16632		165.833
		883		8.81027		3.49999		168		-2.16593		165.834
		884		8.82025		3.5		168		-2.16554		165.834
		885		8.83022		3.5		168		-2.16515		165.835
		886		8.8402		3.5		168		-2.16477		165.835
		887		8.85018		3.50001		168		-2.16438		165.836
		888		8.86016		3.50001		168.001		-2.16399		165.837
		889		8.87013		3.50002		168.001		-2.16361		165.837
		890		8.88011		3.50002		168.001		-2.16322		165.838
		891		8.89009		3.50003		168.001		-2.16283		165.838
		892		8.90007		3.50003		168.002		-2.16245		165.839
		893		8.91004		3.50004		168.002		-2.16206		165.84
		894		8.92002		3.50004		168.002		-2.16168		165.84
		895		8.93		3.50005		168.002		-2.16129		165.841
		896		8.93998		3.50005		168.002		-2.1609		165.842
		897		8.94996		3.50006		168.003		-2.16052		165.842
		898		8.95993		3.50006		168.003		-2.16014		165.843
		899		8.96991		3.50007		168.003		-2.15975		165.843
		900		8.97989		3.50007		168.003		-2.15937		165.844
		901		8.98987		3.50008		168.004		-2.15898		165.845
		901		8.98987		3.50008		168.004		-2.15898		165.845
		902		8.99984		3.50008		168.004		-2.1586		165.845
		903		9.00982		3.50009		168.004		-2.15821		165.846
		904		9.0198		3.50009		168.005		-2.15783		165.847
		905		9.02978		3.5001		168.005		-2.15745		165.847
		906		9.03975		3.5001		168.005		-2.15707		165.848
		907		9.04973		3.50011		168.005		-2.15668		165.849
		908		9.05971		3.50012		168.006		-2.1563		165.849
		909		9.06969		3.50012		168.006		-2.15592		165.85
		910		9.07966		3.50013		168.006		-2.15554		165.851
		911		9.08964		3.50013		168.006		-2.15515		165.851
		912		9.09962		3.50014		168.007		-2.15477		165.852
		913		9.1096		3.50015		168.007		-2.15439		165.853
		914		9.11958		3.50015		168.007		-2.15401		165.853
		915		9.12955		3.50016		168.008		-2.15363		165.854
		916		9.13953		3.50016		168.008		-2.15325		165.855
		917		9.14951		3.50017		168.008		-2.15287		165.855
		918		9.15949		3.50018		168.008		-2.15249		165.856
		919		9.16946		3.50018		168.009		-2.15211		165.857
		920		9.17944		3.50019		168.009		-2.15173		165.857
		921		9.18942		3.50019		168.009		-2.15135		165.858
		922		9.1994		3.5002		168.01		-2.15097		165.859
		923		9.20937		3.50021		168.01		-2.15059		165.859
		924		9.21935		3.50021		168.01		-2.15021		165.86
		925		9.22933		3.50022		168.011		-2.14983		165.861
		926		9.23931		3.50023		168.011		-2.14945		165.861
		927		9.24928		3.50023		168.011		-2.14907		165.862
		928		9.25926		3.50024		168.012		-2.14869		165.863
		929		9.26924		3.50025		168.012		-2.14832		165.864
		930		9.27922		3.50025		168.012		-2.14794		165.864
		931		9.2892		3.50026		168.013		-2.14756		165.865
		932		9.29917		3.50027		168.013		-2.14718		165.866
		933		9.30915		3.50027		168.013		-2.14681		165.866
		934		9.31913		3.50028		168.014		-2.14643		165.867
		935		9.32911		3.50029		168.014		-2.14605		165.868
		936		9.33908		3.5003		168.014		-2.14568		165.869
		937		9.34906		3.5003		168.015		-2.1453		165.869
		938		9.35904		3.50031		168.015		-2.14492		165.87
		939		9.36902		3.50032		168.015		-2.14455		165.871
		940		9.37899		3.50033		168.016		-2.14417		165.871
		941		9.38897		3.50033		168.016		-2.1438		165.872
		942		9.39895		3.50034		168.016		-2.14342		165.873
		943		9.40893		3.50035		168.017		-2.14305		165.874
		944		9.4189		3.50035		168.017		-2.14267		165.874
		945		9.42888		3.50036		168.017		-2.1423		165.875
		946		9.43886		3.50037		168.018		-2.14192		165.876
		947		9.44884		3.50038		168.018		-2.14155		165.877
		948		9.45882		3.50039		168.019		-2.14118		165.877
		949		9.46879		3.50039		168.019		-2.1408		165.878
		950		9.47877		3.5004		168.019		-2.14043		165.879
		951		9.48875		3.50041		168.02		-2.14006		165.88
		951		9.48875		3.50041		168.02		-2.14006		165.88
		952		9.49873		3.50042		168.02		-2.13968		165.88
		953		9.5087		3.50043		168.02		-2.13931		165.881
		954		9.51868		3.50043		168.021		-2.13894		165.882
		955		9.52866		3.50044		168.021		-2.13856		165.883
		956		9.53864		3.50045		168.022		-2.13819		165.883
		957		9.54861		3.50046		168.022		-2.13782		165.884
		958		9.55859		3.50047		168.022		-2.13745		165.885
		959		9.56857		3.50047		168.023		-2.13708		165.886
		960		9.57855		3.50048		168.023		-2.13671		165.886
		961		9.58853		3.50049		168.024		-2.13634		165.887
		962		9.5985		3.5005		168.024		-2.13596		165.888
		963		9.60848		3.50051		168.024		-2.13559		165.889
		964		9.61846		3.50052		168.025		-2.13522		165.89
		965		9.62844		3.50053		168.025		-2.13485		165.89
		966		9.63841		3.50053		168.026		-2.13448		165.891
		967		9.64839		3.50054		168.026		-2.13411		165.892
		968		9.65837		3.50055		168.027		-2.13374		165.893
		969		9.66835		3.50056		168.027		-2.13337		165.894
		970		9.67832		3.50057		168.027		-2.13301		165.894
		971		9.6883		3.50058		168.028		-2.13264		165.895
		972		9.69828		3.50059		168.028		-2.13227		165.896
		973		9.70826		3.5006		168.029		-2.1319		165.897
		974		9.71823		3.50061		168.029		-2.13153		165.898
		975		9.72821		3.50062		168.03		-2.13116		165.898
		976		9.73819		3.50063		168.03		-2.1308		165.899
		977		9.74817		3.50063		168.03		-2.13043		165.9
		978		9.75815		3.50064		168.031		-2.13006		165.901
		979		9.76812		3.50065		168.031		-2.12969		165.902
		980		9.7781		3.50066		168.032		-2.12933		165.902
		981		9.78808		3.50067		168.032		-2.12896		165.903
		982		9.79806		3.50068		168.033		-2.12859		165.904
		983		9.80803		3.50069		168.033		-2.12823		165.905
		984		9.81801		3.5007		168.034		-2.12786		165.906
		985		9.82799		3.50071		168.034		-2.12749		165.907
		986		9.83797		3.50072		168.035		-2.12713		165.907
		987		9.84794		3.50073		168.035		-2.12676		165.908
		988		9.85792		3.50074		168.036		-2.1264		165.909
		989		9.8679		3.50075		168.036		-2.12603		165.91
		990		9.87788		3.50076		168.037		-2.12567		165.911
		991		9.88785		3.50077		168.037		-2.1253		165.912
		992		9.89783		3.50078		168.037		-2.12494		165.913
		993		9.90781		3.50079		168.038		-2.12458		165.913
		994		9.91779		3.5008		168.038		-2.12421		165.914
		995		9.92777		3.50081		168.039		-2.12385		165.915
		996		9.93774		3.50082		168.039		-2.12348		165.916
		997		9.94772		3.50083		168.04		-2.12312		165.917
		998		9.9577		3.50084		168.04		-2.12276		165.918
		999		9.96768		3.50085		168.041		-2.12239		165.919
		1000		9.97765		3.50086		168.041		-2.12203		165.919
