		timesteps		t		Temperature		Kin		Pot		TotalE		MSD
		0		0		204.391		13.2098		-43.9281		-30.7183		0.00743876
		60		6e-14		146.337		9.45775		-40.1761		-30.7184		0.0414282
		120		1.2e-13		59.9612		3.87529		-34.5934		-30.7181		0.114292
		180		1.8e-13		82.6309		5.34043		-36.0587		-30.7183		0.148849
		240		2.4e-13		97.1367		6.27795		-36.9963		-30.7183		0.160279
		300		3e-13		91.6724		5.92478		-36.643		-30.7183		0.163403
		360		3.6e-13		100.444		6.49171		-37.21		-30.7183		0.155202
		420		4.2e-13		112.424		7.26598		-37.9843		-30.7183		0.142555
		480		4.8e-13		111.412		7.20055		-37.9188		-30.7183		0.135356
		540		5.4e-13		108.25		6.99617		-37.7144		-30.7183		0.13301
		600		6e-13		103.593		6.6952		-37.4135		-30.7183		0.132381
		660		6.6e-13		105.601		6.82502		-37.5433		-30.7183		0.129591
		720		7.2e-13		110.718		7.15568		-37.874		-30.7183		0.126098
		780		7.8e-13		108.918		7.03935		-37.7576		-30.7183		0.125863
		840		8.4e-13		108.299		6.99939		-37.7177		-30.7183		0.127945
		900		9e-13		104.889		6.77899		-37.4973		-30.7183		0.131477
		960		9.6e-13		103.367		6.68063		-37.3989		-30.7183		0.133604
		1020		1.02e-12		104.591		6.75969		-37.478		-30.7183		0.132803
		1080		1.08e-12		105.803		6.83802		-37.5563		-30.7183		0.129935
		1140		1.14e-12		108.577		7.01731		-37.7356		-30.7183		0.12681
		1200		1.2e-12		108.026		6.98173		-37.7		-30.7183		0.125961
		1260		1.26e-12		103.321		6.67763		-37.3959		-30.7183		0.126727
		1320		1.32e-12		105.154		6.79613		-37.5144		-30.7183		0.12521
		1380		1.38e-12		107.764		6.96479		-37.6831		-30.7183		0.12268
		1440		1.44e-12		107.402		6.94139		-37.6597		-30.7183		0.121255
		1500		1.5e-12		110.15		7.11901		-37.8373		-30.7183		0.120772
		1560		1.56e-12		108.937		7.04058		-37.7589		-30.7183		0.123355
		1620		1.62e-12		104.623		6.76179		-37.4801		-30.7183		0.127861
		1680		1.68e-12		102.637		6.63345		-37.3517		-30.7183		0.130814
		1740		1.74e-12		100.355		6.48592		-37.2042		-30.7183		0.130175
		1800		1.8e-12		108.398		7.00574		-37.724		-30.7183		0.1248
		1860		1.86e-12		109.523		7.07849		-37.7968		-30.7183		0.120914
		1920		1.92e-12		106.979		6.91407		-37.6323		-30.7183		0.11996
		1980		1.98e-12		106.178		6.86227		-37.5805		-30.7183		0.119612
		2040		2.04e-12		108.178		6.99155		-37.7098		-30.7183		0.118864
		2100		2.1e-12		109.773		7.09461		-37.8129		-30.7183		0.119468
		2160		2.16e-12		105.971		6.84893		-37.5672		-30.7183		0.122703
		2220		2.22e-12		104.124		6.72952		-37.4478		-30.7183		0.125692
		2280		2.28e-12		106.668		6.89394		-37.6122		-30.7183		0.127425
		2340		2.34e-12		102.695		6.6372		-37.3555		-30.7183		0.129422
		2400		2.4e-12		104.147		6.73103		-37.4493		-30.7183		0.128658
		2460		2.46e-12		107.204		6.9286		-37.6469		-30.7183		0.126023
		2520		2.52e-12		108.51		7.01298		-37.7313		-30.7183		0.124177
		2580		2.58e-12		108.527		7.01408		-37.7324		-30.7183		0.124173
		2640		2.64e-12		106.482		6.88196		-37.6002		-30.7183		0.125622
		2700		2.7e-12		106.526		6.88476		-37.603		-30.7183		0.126633
		2760		2.76e-12		106.73		6.89794		-37.6162		-30.7183		0.127429
		2820		2.82e-12		106.12		6.85854		-37.5768		-30.7183		0.128355
		2880		2.88e-12		105.694		6.83098		-37.5493		-30.7183		0.128849
		2940		2.94e-12		104.674		6.76505		-37.4833		-30.7183		0.128185
		3000		3e-12		106.45		6.87988		-37.5982		-30.7183		0.12564
		3060		3.06e-12		107.932		6.97563		-37.6939		-30.7183		0.122843
		3120		3.12e-12		108.377		7.00438		-37.7227		-30.7183		0.121007
		3180		3.18e-12		104.666		6.76456		-37.4828		-30.7183		0.120285
		3240		3.24e-12		106.248		6.86681		-37.5851		-30.7183		0.117833
		3300		3.3e-12		109.812		7.09713		-37.8154		-30.7183		0.11482
		3360		3.36e-12		108.812		7.03251		-37.7508		-30.7183		0.113948
		3420		3.42e-12		108.154		6.98999		-37.7083		-30.7183		0.114576
		3480		3.48e-12		105.192		6.79856		-37.5168		-30.7183		0.116044
		3540		3.54e-12		106.964		6.9131		-37.6314		-30.7183		0.116353
		3600		3.6e-12		108.093		6.98603		-37.7043		-30.7183		0.116786
		3660		3.66e-12		106.469		6.8811		-37.5994		-30.7183		0.118352
		3720		3.72e-12		107.515		6.94866		-37.6669		-30.7183		0.119951
		3780		3.78e-12		107.565		6.95189		-37.6702		-30.7183		0.122213
		3840		3.84e-12		109.824		7.09793		-37.8162		-30.7183		0.12539
		3900		3.9e-12		106.393		6.87616		-37.5944		-30.7183		0.130913
		3960		3.96e-12		100.753		6.51165		-37.2299		-30.7183		0.135959
		4020		4.02e-12		104.051		6.72479		-37.4431		-30.7183		0.13633
		4080		4.08e-12		105.336		6.80784		-37.5261		-30.7183		0.134332
		4140		4.14e-12		107.582		6.953		-37.6713		-30.7183		0.131509
		4200		4.2e-12		109.22		7.05889		-37.7772		-30.7183		0.129783
		4260		4.26e-12		109.795		7.09607		-37.8144		-30.7183		0.130851
		4320		4.32e-12		104.263		6.73849		-37.4568		-30.7183		0.134929
		4380		4.38e-12		103.24		6.67242		-37.3907		-30.7183		0.137392
		4440		4.44e-12		103.391		6.68215		-37.4004		-30.7183		0.137019
		4500		4.5e-12		107.403		6.94143		-37.6597		-30.7183		0.134995
		4560		4.56e-12		105.838		6.84032		-37.5586		-30.7183		0.134432
		4620		4.62e-12		104.366		6.74519		-37.4635		-30.7183		0.133808
		4680		4.68e-12		105.379		6.81061		-37.5289		-30.7183		0.131497
		4740		4.74e-12		106.66		6.89344		-37.6117		-30.7183		0.128414
		4800		4.8e-12		106.729		6.8979		-37.6162		-30.7183		0.125657
		4860		4.86e-12		107.759		6.96444		-37.6827		-30.7183		0.123782
		4920		4.92e-12		105.845		6.84075		-37.559		-30.7183		0.123028
		4980		4.98e-12		108.219		6.99421		-37.7125		-30.7183		0.121723
		5040		5.04e-12		107.867		6.97143		-37.6897		-30.7183		0.121702
		5100		5.1e-12		105.19		6.79844		-37.5167		-30.7183		0.12274
		5160		5.16e-12		105.891		6.84373		-37.562		-30.7183		0.122808
		5220		5.22e-12		108.524		7.01392		-37.7322		-30.7183		0.122604
		5280		5.28e-12		110.57		7.14614		-37.8644		-30.7183		0.1243
		5340		5.34e-12		102.476		6.62301		-37.3413		-30.7183		0.128968
		5400		5.4e-12		101.44		6.5561		-37.2744		-30.7183		0.130066
		5460		5.46e-12		107.942		6.97632		-37.6946		-30.7183		0.126467
		5520		5.52e-12		111.204		7.18711		-37.9054		-30.7183		0.123496
		5580		5.58e-12		109.725		7.09151		-37.8098		-30.7183		0.124223
		5640		5.64e-12		106.696		6.89578		-37.6141		-30.7183		0.127718
		5700		5.7e-12		105.182		6.79793		-37.5162		-30.7183		0.131047
		5760		5.76e-12		106.829		6.90436		-37.6226		-30.7183		0.133123
		5820		5.82e-12		103.063		6.66098		-37.3793		-30.7183		0.135199
		5880		5.88e-12		103.138		6.66584		-37.3841		-30.7183		0.134521
		5940		5.94e-12		105.919		6.84553		-37.5638		-30.7183		0.130927
		6000		6e-12		110.097		7.11555		-37.8338		-30.7183		0.12697
		6060		6.06e-12		108.802		7.03188		-37.7502		-30.7183		0.126137
		6120		6.12e-12		106.361		6.87411		-37.5924		-30.7183		0.12755
		6180		6.18e-12		106.797		6.90231		-37.6206		-30.7183		0.129087
		6240		6.24e-12		107.321		6.93616		-37.6544		-30.7183		0.131188
		6300		6.3e-12		104.87		6.77778		-37.4961		-30.7183		0.134322
		6360		6.36e-12		101.007		6.52805		-37.2463		-30.7183		0.136271
		6420		6.42e-12		105.106		6.79297		-37.5112		-30.7183		0.134046
		6480		6.48e-12		110.491		7.14105		-37.8593		-30.7183		0.130909
		6540		6.54e-12		109.103		7.05131		-37.7696		-30.7183		0.13109
		6600		6.6e-12		105.21		6.79974		-37.518		-30.7183		0.133489
		6660		6.66e-12		102.929		6.65233		-37.3706		-30.7183		0.134805
		6720		6.72e-12		105.903		6.84452		-37.5628		-30.7183		0.133595
		6780		6.78e-12		105.886		6.8434		-37.5617		-30.7183		0.13208
		6840		6.84e-12		105.043		6.7889		-37.5072		-30.7183		0.130262
		6900		6.9e-12		103.727		6.70385		-37.4221		-30.7183		0.127226
		6960		6.96e-12		105.226		6.80076		-37.519		-30.7183		0.121644
		7020		7.02e-12		113.682		7.34728		-38.0656		-30.7183		0.11458
		7080		7.08e-12		117.775		7.61177		-38.3301		-30.7183		0.113178
		7140		7.14e-12		109.215		7.05854		-37.7768		-30.7183		0.121112
		7200		7.2e-12		101.189		6.53983		-37.2581		-30.7183		0.131007
		7260		7.26e-12		102.298		6.61155		-37.3298		-30.7183		0.136185
		7320		7.32e-12		102.523		6.62608		-37.3444		-30.7183		0.13742
		7380		7.38e-12		103.475		6.68758		-37.4059		-30.7183		0.135187
		7440		7.44e-12		108.132		6.98855		-37.7068		-30.7183		0.13067
		7500		7.5e-12		110.694		7.15417		-37.8724		-30.7183		0.127659
		7560		7.56e-12		106.813		6.90333		-37.6216		-30.7183		0.128049
		7620		7.62e-12		104.397		6.74717		-37.4654		-30.7183		0.128697
		7680		7.68e-12		107.851		6.97038		-37.6887		-30.7183		0.128048
		7740		7.74e-12		105.267		6.80342		-37.5217		-30.7183		0.128929
		7800		7.8e-12		101.574		6.56473		-37.283		-30.7183		0.12869
		7860		7.86e-12		107.93		6.9755		-37.6938		-30.7183		0.123893
		7920		7.92e-12		110.081		7.11452		-37.8328		-30.7183		0.119001
		7980		7.98e-12		113.115		7.31063		-38.0289		-30.7183		0.116641
		8040		8.04e-12		110.419		7.13635		-37.8546		-30.7183		0.119477
		8100		8.1e-12		103.038		6.65932		-37.3776		-30.7183		0.125316
		8160		8.16e-12		101.411		6.55419		-37.2725		-30.7183		0.127787
		8220		8.22e-12		106.117		6.85831		-37.5766		-30.7183		0.125526
		8280		8.28e-12		108.153		6.98992		-37.7082		-30.7183		0.122779
		8340		8.34e-12		107.918		6.97473		-37.693		-30.7183		0.121563
		8400		8.4e-12		107.926		6.97528		-37.6936		-30.7183		0.121618
		8460		8.46e-12		106.374		6.87494		-37.5932		-30.7183		0.122826
		8520		8.52e-12		104.045		6.72443		-37.4427		-30.7183		0.123744
		8580		8.58e-12		106.137		6.85961		-37.5779		-30.7183		0.122479
		8640		8.64e-12		106.598		6.88942		-37.6077		-30.7183		0.120652
		8700		8.7e-12		106.938		6.91142		-37.6297		-30.7183		0.11909
		8760		8.76e-12		109.398		7.07041		-37.7887		-30.7183		0.118145
		8820		8.82e-12		110.69		7.15388		-37.8722		-30.7183		0.119797
		8880		8.88e-12		106.327		6.87193		-37.5902		-30.7183		0.124909
		8940		8.94e-12		107.09		6.9212		-37.6395		-30.7183		0.12999
		9000		9e-12		107.334		6.937		-37.6553		-30.7183		0.135315
		9060		9.06e-12		102.659		6.63482		-37.3531		-30.7183		0.141384
		9120		9.12e-12		101.124		6.53565		-37.2539		-30.7183		0.144384
		9180		9.18e-12		106.757		6.89968		-37.618		-30.7183		0.142976
		9240		9.24e-12		108.381		7.00468		-37.723		-30.7183		0.141409
		9300		9.3e-12		104.833		6.77536		-37.4936		-30.7183		0.140999
		9360		9.36e-12		109.244		7.06044		-37.7787		-30.7183		0.139645
		9420		9.42e-12		108.935		7.04045		-37.7587		-30.7183		0.140958
		9480		9.48e-12		104.593		6.75983		-37.4781		-30.7183		0.144662
		9540		9.54e-12		102.908		6.65095		-37.3692		-30.7183		0.146619
		9600		9.6e-12		101.059		6.53144		-37.2497		-30.7183		0.145069
		9660		9.66e-12		106.195		6.86339		-37.5817		-30.7183		0.139098
		9720		9.72e-12		109.587		7.08262		-37.8009		-30.7183		0.133009
		9780		9.78e-12		109.876		7.1013		-37.8196		-30.7183		0.129977
		9840		9.84e-12		110.454		7.13865		-37.8569		-30.7183		0.130398
		9900		9.9e-12		107.394		6.94088		-37.6591		-30.7183		0.13439
		9960		9.96e-12		102.437		6.62049		-37.3388		-30.7183		0.139137
		10020		1.002e-11		103.832		6.71067		-37.4289		-30.7183		0.140341
		10080		1.008e-11		107.693		6.96018		-37.6785		-30.7183		0.138881
		10140		1.014e-11		107.947		6.97661		-37.6949		-30.7183		0.138137
		10200		1.02e-11		108.64		7.02143		-37.7397		-30.7183		0.138594
		10260		1.026e-11		103.1		6.66336		-37.3816		-30.7183		0.140715
		10320		1.032e-11		100.232		6.478		-37.1963		-30.7183		0.139908
		10380		1.038e-11		109.003		7.04488		-37.7632		-30.7183		0.133996
		10440		1.044e-11		111.158		7.18412		-37.9024		-30.7183		0.130125
		10500		1.05e-11		106.853		6.9059		-37.6242		-30.7183		0.130039
		10560		1.056e-11		106.461		6.88057		-37.5988		-30.7183		0.130185
		10620		1.062e-11		106.181		6.86249		-37.5808		-30.7183		0.130125
		10680		1.068e-11		107.868		6.97151		-37.6898		-30.7183		0.129713
		10740		1.074e-11		106.305		6.87047		-37.5887		-30.7183		0.129987
		10800		1.08e-11		107.166		6.92611		-37.6444		-30.7183		0.129967
		10860		1.086e-11		110.024		7.11084		-37.8291		-30.7183		0.130303
		10920		1.092e-11		106.118		6.85843		-37.5767		-30.7183		0.132867
		10980		1.098e-11		104.285		6.73995		-37.4582		-30.7183		0.134534
		11040		1.104e-11		106.028		6.85259		-37.5709		-30.7183		0.133647
		11100		1.11e-11		110.954		7.17098		-37.8893		-30.7183		0.132359
		11160		1.116e-11		106.207		6.86419		-37.5825		-30.7183		0.134656
		11220		1.122e-11		103.99		6.72085		-37.4391		-30.7183		0.137027
		11280		1.128e-11		106.326		6.87182		-37.5901		-30.7183		0.137522
		11340		1.134e-11		103.362		6.68025		-37.3985		-30.7183		0.137718
		11400		1.14e-11		103.479		6.68783		-37.4061		-30.7183		0.134851
		11460		1.146e-11		107.965		6.97779		-37.6961		-30.7183		0.12922
		11520		1.152e-11		108.109		6.98708		-37.7053		-30.7183		0.124791
		11580		1.158e-11		107.475		6.9461		-37.6644		-30.7183		0.121984
		11640		1.164e-11		106.393		6.87618		-37.5945		-30.7183		0.119813
		11700		1.17e-11		108.576		7.01729		-37.7356		-30.7183		0.117338
		11760		1.176e-11		109.584		7.08244		-37.8007		-30.7183		0.116457
		11820		1.182e-11		108.336		7.00176		-37.72		-30.7183		0.117771
		11880		1.188e-11		106.02		6.8521		-37.5704		-30.7183		0.119799
		11940		1.194e-11		106.108		6.85776		-37.576		-30.7183		0.120951
		12000		1.2e-11		106.734		6.89825		-37.6165		-30.7183		0.121473
		12060		1.206e-11		107.762		6.96465		-37.6829		-30.7183		0.122032
		12120		1.212e-11		111.156		7.18401		-37.9023		-30.7183		0.123609
		12180		1.218e-11		106.994		6.91499		-37.6333		-30.7183		0.128753
		12240		1.224e-11		102.442		6.62085		-37.3391		-30.7183		0.1343
		12300		1.23e-11		105.123		6.79412		-37.5124		-30.7183		0.136475
		12360		1.236e-11		106.801		6.90253		-37.6208		-30.7183		0.137396
		12420		1.242e-11		103.333		6.67841		-37.3967		-30.7183		0.138416
		12480		1.248e-11		105.56		6.82234		-37.5406		-30.7183		0.136872
		12540		1.254e-11		105.613		6.82577		-37.544		-30.7183		0.133798
		12600		1.26e-11		106.93		6.91088		-37.6292		-30.7183		0.129613
		12660		1.266e-11		110.543		7.14438		-37.8627		-30.7183		0.125898
		12720		1.272e-11		109.175		7.05598		-37.7742		-30.7183		0.125676
		12780		1.278e-11		107.154		6.92537		-37.6436		-30.7183		0.128065
		12840		1.284e-11		104.828		6.775		-37.4933		-30.7183		0.131219
		12900		1.29e-11		104.386		6.74646		-37.4647		-30.7183		0.13345
		12960		1.296e-11		103.888		6.71431		-37.4326		-30.7183		0.134047
		13020		1.302e-11		106.946		6.91195		-37.6302		-30.7183		0.132875
		13080		1.308e-11		105.538		6.82092		-37.5392		-30.7183		0.13229
		13140		1.314e-11		105.346		6.80852		-37.5268		-30.7183		0.131187
		13200		1.32e-11		108.234		6.99516		-37.7134		-30.7183		0.128939
		13260		1.326e-11		108.779		7.0304		-37.7487		-30.7183		0.127716
		13320		1.332e-11		106.26		6.86756		-37.5858		-30.7183		0.127922
		13380		1.338e-11		107.189		6.9276		-37.6459		-30.7183		0.127981
		13440		1.344e-11		106.542		6.88579		-37.6041		-30.7183		0.128721
		13500		1.35e-11		107.627		6.95594		-37.6742		-30.7183		0.129891
		13560		1.356e-11		106.785		6.90154		-37.6198		-30.7183		0.131828
		13620		1.362e-11		108.136		6.98886		-37.7071		-30.7183		0.134239
		13680		1.368e-11		106.009		6.85133		-37.5696		-30.7183		0.137882
		13740		1.374e-11		105.199		6.79903		-37.5173		-30.7183		0.141306
		13800		1.38e-11		104.915		6.78066		-37.4989		-30.7183		0.143805
		13860		1.386e-11		105.636		6.82729		-37.5456		-30.7183		0.145357
		13920		1.392e-11		101.938		6.58823		-37.3065		-30.7183		0.146295
		13980		1.398e-11		101.274		6.54531		-37.2636		-30.7183		0.143591
		14040		1.404e-11		109.695		7.08959		-37.8079		-30.7183		0.136973
		14100		1.41e-11		111.045		7.17687		-37.8951		-30.7183		0.132808
		14160		1.416e-11		106.66		6.89344		-37.6117		-30.7183		0.132295
		14220		1.422e-11		103.746		6.70509		-37.4233		-30.7183		0.131971
		14280		1.428e-11		106.165		6.86147		-37.5797		-30.7183		0.129613
		14340		1.434e-11		108.062		6.98405		-37.7023		-30.7183		0.126893
		14400		1.44e-11		109.384		7.06949		-37.7878		-30.7183		0.125793
		14460		1.446e-11		105.836		6.84016		-37.5584		-30.7183		0.127504
		14520		1.452e-11		104.206		6.73485		-37.4531		-30.7183		0.128913
		14580		1.458e-11		105.119		6.79381		-37.5121		-30.7183		0.12801
		14640		1.464e-11		107.219		6.92953		-37.6478		-30.7183		0.125407
		14700		1.47e-11		111.9		7.23211		-37.9504		-30.7183		0.123486
		14760		1.476e-11		106.701		6.89607		-37.6143		-30.7183		0.125758
		14820		1.482e-11		107.137		6.92428		-37.6426		-30.7183		0.128669
		14880		1.488e-11		104.685		6.76576		-37.484		-30.7183		0.132009
		14940		1.494e-11		105.057		6.78981		-37.5081		-30.7183		0.134009
		15000		1.5e-11		108.273		6.99771		-37.716		-30.7183		0.135028
		15060		1.506e-11		105.565		6.82269		-37.541		-30.7183		0.137464
		15120		1.512e-11		102		6.59227		-37.3105		-30.7183		0.139307
		15180		1.518e-11		104.447		6.75042		-37.4687		-30.7183		0.138015
		15240		1.524e-11		108.466		7.01013		-37.7284		-30.7183		0.135481
		15300		1.53e-11		107.115		6.92284		-37.6411		-30.7183		0.134675
		15360		1.536e-11		104.62		6.76156		-37.4798		-30.7183		0.134077
		15420		1.542e-11		106.684		6.89501		-37.6133		-30.7183		0.131473
		15480		1.548e-11		106.972		6.91359		-37.6319		-30.7183		0.128246
		15540		1.554e-11		107.993		6.97961		-37.6979		-30.7183		0.124852
		15600		1.56e-11		110.499		7.14157		-37.8598		-30.7183		0.122505
		15660		1.566e-11		109.924		7.1044		-37.8227		-30.7183		0.123753
		15720		1.572e-11		105.484		6.81741		-37.5357		-30.7183		0.128155
		15780		1.578e-11		105.63		6.82685		-37.5451		-30.7183		0.13207
		15840		1.584e-11		104.621		6.76165		-37.4799		-30.7183		0.13544
		15900		1.59e-11		102.848		6.64705		-37.3653		-30.7183		0.137307
		15960		1.596e-11		106.121		6.85863		-37.5769		-30.7183		0.136101
		16020		1.602e-11		106.993		6.91493		-37.6332		-30.7183		0.134426
		16080		1.608e-11		105.206		6.79949		-37.5178		-30.7183		0.133102
		16140		1.614e-11		107.034		6.9176		-37.6359		-30.7183		0.130717
		16200		1.62e-11		109.238		7.06002		-37.7783		-30.7183		0.128554
		16260		1.626e-11		106.287		6.86933		-37.5876		-30.7183		0.127831
		16320		1.632e-11		107.064		6.91955		-37.6378		-30.7183		0.126439
		16380		1.638e-11		108.887		7.03736		-37.7556		-30.7183		0.125133
		16440		1.644e-11		107.704		6.96089		-37.6791		-30.7183		0.125395
		16500		1.65e-11		109.49		7.07635		-37.7946		-30.7183		0.12669
		16560		1.656e-11		106.9		6.90892		-37.6272		-30.7183		0.130186
		16620		1.662e-11		104.831		6.77523		-37.4935		-30.7183		0.134277
		16680		1.668e-11		101.982		6.5911		-37.3094		-30.7183		0.136845
		16740		1.674e-11		101.829		6.58119		-37.2995		-30.7183		0.135254
		16800		1.68e-11		106.638		6.89204		-37.6103		-30.7183		0.129754
		16860		1.686e-11		107.284		6.93377		-37.652		-30.7183		0.124115
		16920		1.692e-11		110.123		7.11725		-37.8355		-30.7183		0.119375
		16980		1.698e-11		111.938		7.23457		-37.9528		-30.7183		0.117766
		17040		1.704e-11		108.379		7.00457		-37.7228		-30.7183		0.120677
		17100		1.71e-11		105.479		6.81709		-37.5354		-30.7183		0.125631
		17160		1.716e-11		103.761		6.70604		-37.4243		-30.7183		0.129759
		17220		1.722e-11		106.672		6.89422		-37.6125		-30.7183		0.13178
		17280		1.728e-11		103.45		6.686		-37.4043		-30.7183		0.133703
		17340		1.734e-11		102.777		6.64248		-37.3607		-30.7183		0.133015
		17400		1.74e-11		106.38		6.87536		-37.5936		-30.7183		0.129057
		17460		1.746e-11		110.19		7.12155		-37.8398		-30.7183		0.12475
		17520		1.752e-11		109.244		7.06046		-37.7787		-30.7183		0.123518
		17580		1.758e-11		106.495		6.88276		-37.601		-30.7183		0.124629
		17640		1.764e-11		105.671		6.82954		-37.5478		-30.7183		0.125409
		17700		1.77e-11		107.745		6.96356		-37.6818		-30.7183		0.125329
		17760		1.776e-11		105.619		6.82613		-37.5444		-30.7183		0.125663
		17820		1.782e-11		106.791		6.90187		-37.6201		-30.7183		0.125129
		17880		1.788e-11		108.214		6.99385		-37.7121		-30.7183		0.124923
		17940		1.794e-11		107.968		6.97798		-37.6963		-30.7183		0.126565
		18000		1.8e-11		103.66		6.69953		-37.4178		-30.7183		0.129317
		18060		1.806e-11		105.642		6.82766		-37.5459		-30.7183		0.129859
		18120		1.812e-11		109.393		7.07008		-37.7884		-30.7183		0.129655
		18180		1.818e-11		103.855		6.71217		-37.4304		-30.7183		0.131437
		18240		1.824e-11		104.053		6.72494		-37.4432		-30.7183		0.130926
		18300		1.83e-11		109.847		7.09941		-37.8177		-30.7183		0.128387
		18360		1.836e-11		107.837		6.9695		-37.6878		-30.7183		0.128593
		18420		1.842e-11		103.485		6.68825		-37.4065		-30.7183		0.129719
		18480		1.848e-11		104.224		6.73597		-37.4542		-30.7183		0.127808
		18540		1.854e-11		110.115		7.11676		-37.835		-30.7183		0.124027
		18600		1.86e-11		105.998		6.85064		-37.5689		-30.7183		0.123052
		18660		1.866e-11		103.375		6.68115		-37.3994		-30.7183		0.121722
		18720		1.872e-11		108.878		7.03676		-37.755		-30.7183		0.117588
		18780		1.878e-11		113.504		7.33575		-38.054		-30.7183		0.115384
		18840		1.884e-11		110.154		7.11927		-37.8375		-30.7183		0.119096
		18900		1.89e-11		104.519		6.75503		-37.4733		-30.7183		0.126001
		18960		1.896e-11		102.184		6.60415		-37.3224		-30.7183		0.131202
		19020		1.902e-11		105.239		6.8016		-37.5199		-30.7183		0.132893
		19080		1.908e-11		105.803		6.83803		-37.5563		-30.7183		0.133668
		19140		1.914e-11		103.894		6.71466		-37.4329		-30.7183		0.134141
		19200		1.92e-11		102.129		6.60062		-37.3189		-30.7183		0.132658
		19260		1.926e-11		106.405		6.87698		-37.5952		-30.7183		0.127815
		19320		1.932e-11		109.46		7.07438		-37.7927		-30.7183		0.123146
		19380		1.938e-11		106.889		6.90823		-37.6265		-30.7183		0.120722
		19440		1.944e-11		109.965		7.10703		-37.8253		-30.7183		0.118852
		19500		1.95e-11		108.581		7.01759		-37.7359		-30.7183		0.119791
		19560		1.956e-11		108.07		6.98455		-37.7028		-30.7183		0.122459
		19620		1.962e-11		105.55		6.8217		-37.54		-30.7183		0.125874
		19680		1.968e-11		103.314		6.67721		-37.3955		-30.7183		0.127647
		19740		1.974e-11		107.89		6.97294		-37.6912		-30.7183		0.126268
		19800		1.98e-11		108.003		6.9802		-37.6985		-30.7183		0.125177
		19860		1.986e-11		107.717		6.96173		-37.68		-30.7183		0.124919
		19920		1.992e-11		107.771		6.96526		-37.6835		-30.7183		0.125678
		19980		1.998e-11		106.048		6.85389		-37.5722		-30.7183		0.127304
		20040		2.004e-11		105.825		6.83945		-37.5577		-30.7183		0.128391
		20100		2.01e-11		107.347		6.93781		-37.6561		-30.7183		0.128872
		20160		2.016e-11		103.862		6.7126		-37.4309		-30.7183		0.129519
		20220		2.022e-11		106.667		6.89388		-37.6122		-30.7183		0.127986
		20280		2.028e-11		106.652		6.8929		-37.6112		-30.7183		0.126224
		20340		2.034e-11		107.292		6.9343		-37.6526		-30.7183		0.124813
		20400		2.04e-11		109.076		7.04958		-37.7679		-30.7183		0.124494
		20460		2.046e-11		105.653		6.82837		-37.5466		-30.7183		0.126223
		20520		2.052e-11		108.199		6.99288		-37.7112		-30.7183		0.127295
		20580		2.058e-11		106.665		6.89377		-37.612		-30.7183		0.129028
		20640		2.064e-11		102.276		6.61009		-37.3284		-30.7183		0.130173
		20700		2.07e-11		107.194		6.92796		-37.6462		-30.7183		0.127586
		20760		2.076e-11		110.658		7.15182		-37.8701		-30.7183		0.125323
		20820		2.082e-11		107.861		6.97103		-37.6893		-30.7183		0.126484
		20880		2.088e-11		103.751		6.7054		-37.4237		-30.7183		0.1286
		20940		2.094e-11		108.031		6.98201		-37.7003		-30.7183		0.128645
		21000		2.1e-11		108.693		7.02486		-37.7431		-30.7183		0.129772
		21060		2.106e-11		102.24		6.60779		-37.3261		-30.7183		0.132627
		21120		2.112e-11		100.913		6.52198		-37.2402		-30.7183		0.131528
		21180		2.118e-11		110.758		7.15827		-37.8765		-30.7183		0.12565
		21240		2.124e-11		110.896		7.16724		-37.8855		-30.7183		0.12319
		21300		2.13e-11		106.316		6.87119		-37.5895		-30.7183		0.124667
		21360		2.136e-11		106.271		6.86829		-37.5866		-30.7183		0.126513
		21420		2.142e-11		103.228		6.67165		-37.3899		-30.7183		0.128086
		21480		2.148e-11		106.799		6.90242		-37.6207		-30.7183		0.127266
		21540		2.154e-11		108.361		7.00338		-37.7216		-30.7183		0.126407
		21600		2.16e-11		110.41		7.13579		-37.8541		-30.7183		0.127098
		21660		2.166e-11		110.323		7.13014		-37.8484		-30.7183		0.131081
		21720		2.172e-11		105.903		6.84451		-37.5628		-30.7183		0.138458
		21780		2.178e-11		102.358		6.61541		-37.3337		-30.7183		0.145604
		21840		2.184e-11		101.93		6.58777		-37.306		-30.7183		0.149737
		21900		2.19e-11		101.581		6.5652		-37.2835		-30.7183		0.150436
		21960		2.196e-11		104.224		6.73597		-37.4543		-30.7183		0.147302
		22020		2.202e-11		102.927		6.65215		-37.3704		-30.7183		0.142121
		22080		2.208e-11		105.974		6.84909		-37.5674		-30.7183		0.134242
		22140		2.214e-11		110.607		7.14854		-37.8668		-30.7183		0.126024
		22200		2.22e-11		111.973		7.2368		-37.9551		-30.7183		0.121217
		22260		2.226e-11		109.383		7.06944		-37.7877		-30.7183		0.120873
		22320		2.232e-11		104.727		6.76851		-37.4868		-30.7183		0.122949
		22380		2.238e-11		105.629		6.82682		-37.5451		-30.7183		0.123923
		22440		2.244e-11		108.302		6.99955		-37.7178		-30.7183		0.124185
		22500		2.25e-11		104.98		6.78487		-37.5031		-30.7183		0.125854
		22560		2.256e-11		105.137		6.79502		-37.5133		-30.7183		0.126627
		22620		2.262e-11		104.783		6.77211		-37.4904		-30.7183		0.125848
		22680		2.268e-11		109.458		7.07425		-37.7925		-30.7183		0.123468
		22740		2.274e-11		112.123		7.24649		-37.9648		-30.7183		0.123241
		22800		2.28e-11		107.844		6.96993		-37.6882		-30.7183		0.127857
		22860		2.286e-11		103.139		6.66589		-37.3842		-30.7183		0.133264
		22920		2.292e-11		105.997		6.85057		-37.5689		-30.7183		0.135719
		22980		2.298e-11		103.386		6.68182		-37.4001		-30.7183		0.137176
		23040		2.304e-11		104.236		6.73675		-37.455		-30.7183		0.135748
		23100		2.31e-11		107.1		6.92187		-37.6401		-30.7183		0.132122
		23160		2.316e-11		108.813		7.03259		-37.7509		-30.7183		0.129058
		23220		2.322e-11		108.553		7.0158		-37.7341		-30.7183		0.128094
		23280		2.328e-11		107.542		6.95044		-37.6687		-30.7183		0.128987
		23340		2.334e-11		106.134		6.85941		-37.5777		-30.7183		0.130894
		23400		2.34e-11		103.956		6.71868		-37.437		-30.7183		0.132395
		23460		2.346e-11		104.702		6.76687		-37.4851		-30.7183		0.131515
		23520		2.352e-11		108.885		7.03724		-37.7555		-30.7183		0.12898
		23580		2.358e-11		108.42		7.0072		-37.7255		-30.7183		0.128383
		23640		2.364e-11		102.955		6.65399		-37.3723		-30.7183		0.129167
		23700		2.37e-11		106.181		6.86245		-37.5807		-30.7183		0.127064
		23760		2.376e-11		107.322		6.93623		-37.6545		-30.7183		0.124399
		23820		2.382e-11		107.003		6.91558		-37.6338		-30.7183		0.122405
		23880		2.388e-11		109.133		7.05324		-37.7715		-30.7183		0.120953
		23940		2.394e-11		108.296		6.99915		-37.7174		-30.7183		0.12181
		24000		2.4e-11		107.761		6.96461		-37.6829		-30.7183		0.12479
		24060		2.406e-11		104.809		6.77379		-37.4921		-30.7183		0.12905
		24120		2.412e-11		101.966		6.59009		-37.3084		-30.7183		0.131529
		24180		2.418e-11		106.673		6.89427		-37.6125		-30.7183		0.130247
		24240		2.424e-11		108.421		7.00725		-37.7255		-30.7183		0.129467
		24300		2.43e-11		104.688		6.76598		-37.4842		-30.7183		0.130983
		24360		2.436e-11		104.201		6.73451		-37.4528		-30.7183		0.131423
		24420		2.442e-11		106.044		6.85359		-37.5719		-30.7183		0.129909
		24480		2.448e-11		105.759		6.83518		-37.5534		-30.7183		0.127929
		24540		2.454e-11		105.315		6.80649		-37.5248		-30.7183		0.125548
		24600		2.46e-11		106.344		6.87302		-37.5913		-30.7183		0.122197
		24660		2.466e-11		110.942		7.17018		-37.8885		-30.7183		0.118635
		24720		2.472e-11		112.226		7.25314		-37.9714		-30.7183		0.118353
		24780		2.478e-11		109.07		7.04922		-37.7675		-30.7183		0.122692
		24840		2.484e-11		104.49		6.7532		-37.4715		-30.7183		0.128888
		24900		2.49e-11		103.68		6.70082		-37.4191		-30.7183		0.133204
		24960		2.496e-11		103.952		6.71839		-37.4367		-30.7183		0.134969
		25020		2.502e-11		105.179		6.79769		-37.516		-30.7183		0.13431
		25080		2.508e-11		107.847		6.97016		-37.6884		-30.7183		0.132497
		25140		2.514e-11		109.908		7.10334		-37.8216		-30.7183		0.132328
		25200		2.52e-11		102.752		6.64089		-37.3591		-30.7183		0.13541
		25260		2.526e-11		102.339		6.61416		-37.3324		-30.7183		0.136031
		25320		2.532e-11		109.409		7.0711		-37.7894		-30.7183		0.133964
		25380		2.538e-11		107.181		6.92708		-37.6454		-30.7183		0.134963
		25440		2.544e-11		103.626		6.69733		-37.4156		-30.7183		0.136954
		25500		2.55e-11		107.719		6.96187		-37.6802		-30.7183		0.136955
		25560		2.556e-11		105.295		6.80521		-37.5235		-30.7183		0.138004
		25620		2.562e-11		104.259		6.73823		-37.4565		-30.7183		0.138276
		25680		2.568e-11		107.38		6.93999		-37.6583		-30.7183		0.137255
		25740		2.574e-11		104.997		6.78593		-37.5042		-30.7183		0.137216
		25800		2.58e-11		107.852		6.97046		-37.6887		-30.7183		0.136304
		25860		2.586e-11		107.606		6.95459		-37.6729		-30.7183		0.136465
		25920		2.592e-11		105.231		6.80111		-37.5194		-30.7183		0.137459
		25980		2.598e-11		104.024		6.72306		-37.4413		-30.7183		0.137149
		26040		2.604e-11		102.324		6.61321		-37.3315		-30.7183		0.133986
		26100		2.61e-11		107.804		6.96737		-37.6856		-30.7183		0.126957
		26160		2.616e-11		112.092		7.24448		-37.9628		-30.7183		0.120823
		26220		2.622e-11		113.89		7.36069		-38.079		-30.7183		0.119745
		26280		2.628e-11		109.506		7.07735		-37.7956		-30.7183		0.125217
		26340		2.634e-11		103.518		6.69036		-37.4086		-30.7183		0.13364
		26400		2.64e-11		100.132		6.47156		-37.1898		-30.7183		0.13943
		26460		2.646e-11		103.067		6.66123		-37.3795		-30.7183		0.139757
		26520		2.652e-11		103.872		6.71322		-37.4315		-30.7183		0.137095
		26580		2.658e-11		106.549		6.88626		-37.6045		-30.7183		0.132943
		26640		2.664e-11		108.944		7.04104		-37.7593		-30.7183		0.129258
		26700		2.67e-11		108.934		7.0404		-37.7587		-30.7183		0.12807
		26760		2.676e-11		105.735		6.83366		-37.5519		-30.7183		0.129102
		26820		2.682e-11		107.064		6.91956		-37.6378		-30.7183		0.129911
		26880		2.688e-11		103.617		6.69674		-37.415		-30.7183		0.130917
		26940		2.694e-11		106.936		6.91129		-37.6296		-30.7183		0.130152
		27000		2.7e-11		108.452		7.00922		-37.7275		-30.7183		0.130069
		27060		2.706e-11		106.426		6.87832		-37.5966		-30.7183		0.131927
		27120		2.712e-11		104.023		6.72299		-37.4413		-30.7183		0.133523
		27180		2.718e-11		105.987		6.84995		-37.5682		-30.7183		0.132886
		27240		2.724e-11		105.915		6.84531		-37.5636		-30.7183		0.131608
		27300		2.73e-11		107.568		6.95212		-37.6704		-30.7183		0.130236
		27360		2.736e-11		107.784		6.96606		-37.6843		-30.7183		0.130094
		27420		2.742e-11		105.881		6.84306		-37.5613		-30.7183		0.130893
		27480		2.748e-11		104.176		6.73287		-37.4511		-30.7183		0.130577
		27540		2.754e-11		106.708		6.89654		-37.6148		-30.7183		0.127823
		27600		2.76e-11		108.601		7.01887		-37.7371		-30.7183		0.124963
		27660		2.766e-11		109.013		7.04551		-37.7638		-30.7183		0.123627
		27720		2.772e-11		106.307		6.87065		-37.5889		-30.7183		0.123845
		27780		2.778e-11		104.903		6.77986		-37.4981		-30.7183		0.123489
		27840		2.784e-11		109.61		7.08407		-37.8024		-30.7183		0.121742
		27900		2.79e-11		109.152		7.05451		-37.7728		-30.7183		0.122273
		27960		2.796e-11		107.103		6.92209		-37.6404		-30.7183		0.12496
		28020		2.802e-11		107.118		6.92307		-37.6413		-30.7183		0.128297
		28080		2.808e-11		107.922		6.97501		-37.6933		-30.7183		0.132117
		28140		2.814e-11		109.178		7.05618		-37.7745		-30.7183		0.13734
		28200		2.82e-11		102.714		6.63839		-37.3567		-30.7183		0.144313
		28260		2.826e-11		101.537		6.56233		-37.2806		-30.7183		0.14807
		28320		2.832e-11		102.837		6.64632		-37.3646		-30.7183		0.147516
		28380		2.838e-11		105.287		6.80472		-37.523		-30.7183		0.14397
		28440		2.844e-11		108.189		6.99228		-37.7106		-30.7183		0.139529
		28500		2.85e-11		107.071		6.92		-37.6383		-30.7183		0.136377
		28560		2.856e-11		106.714		6.89692		-37.6152		-30.7183		0.133779
		28620		2.862e-11		109.78		7.09507		-37.8134		-30.7183		0.131428
		28680		2.868e-11		107.395		6.94096		-37.6592		-30.7183		0.131481
		28740		2.874e-11		105.948		6.8474		-37.5657		-30.7183		0.132243
		28800		2.88e-11		105.353		6.80895		-37.5272		-30.7183		0.13238
		28860		2.886e-11		107.269		6.9328		-37.6511		-30.7183		0.131775
		28920		2.892e-11		105.998		6.85066		-37.5689		-30.7183		0.132001
		28980		2.898e-11		106.077		6.85578		-37.5741		-30.7183		0.132448
		29040		2.904e-11		105.806		6.83823		-37.5565		-30.7183		0.132996
		29100		2.91e-11		103.958		6.71881		-37.4371		-30.7183		0.133425
		29160		2.916e-11		104.598		6.76017		-37.4784		-30.7183		0.132242
		29220		2.922e-11		108.303		6.99961		-37.7179		-30.7183		0.129767
		29280		2.928e-11		109.6		7.08342		-37.8017		-30.7183		0.128947
		29340		2.934e-11		107.224		6.92986		-37.6481		-30.7183		0.13078
		29400		2.94e-11		107.859		6.97091		-37.6892		-30.7183		0.133651
		29460		2.946e-11		101.905		6.5861		-37.3044		-30.7183		0.137642
		29520		2.952e-11		103.732		6.70419		-37.4225		-30.7183		0.138216
		29580		2.958e-11		108.362		7.00342		-37.7217		-30.7183		0.136511
		29640		2.964e-11		106.221		6.86504		-37.5833		-30.7183		0.136201
		29700		2.97e-11		104.456		6.75098		-37.4693		-30.7183		0.135487
		29760		2.976e-11		107.258		6.93208		-37.6504		-30.7183		0.133241
		29820		2.982e-11		106.802		6.9026		-37.6209		-30.7183		0.131703
		29880		2.988e-11		108.051		6.98334		-37.7016		-30.7183		0.130609
		29940		2.994e-11		108.622		7.02023		-37.7385		-30.7183		0.130967
		30000		3e-11		106.858		6.90622		-37.6245		-30.7183		0.133333
		30060		3.006e-11		107.307		6.93527		-37.6536		-30.7183		0.136406
		30120		3.012e-11		104.795		6.77291		-37.4912		-30.7183		0.140233
		30180		3.018e-11		104.533		6.75595		-37.4742		-30.7183		0.142481
		30240		3.024e-11		104.43		6.74928		-37.4676		-30.7183		0.143183
		30300		3.03e-11		101.071		6.5322		-37.2505		-30.7183		0.142241
		30360		3.036e-11		106.512		6.88385		-37.6021		-30.7183		0.137366
		30420		3.042e-11		108.156		6.99012		-37.7084		-30.7183		0.132492
		30480		3.048e-11		106.652		6.89289		-37.6112		-30.7183		0.12893
		30540		3.054e-11		107.738		6.9631		-37.6814		-30.7183		0.125412
		30600		3.06e-11		108.185		6.99197		-37.7102		-30.7183		0.122361
		30660		3.066e-11		111.619		7.21393		-37.9322		-30.7183		0.120433
		30720		3.072e-11		109.386		7.06965		-37.7879		-30.7183		0.122456
		30780		3.078e-11		107.31		6.93546		-37.6537		-30.7183		0.127192
		30840		3.084e-11		104.435		6.74961		-37.4679		-30.7183		0.132684
		30900		3.09e-11		102.702		6.63762		-37.3559		-30.7183		0.136324
		30960		3.096e-11		103.843		6.71138		-37.4297		-30.7183		0.136614
		31020		3.102e-11		107.948		6.9767		-37.695		-30.7183		0.134709
		31080		3.108e-11		110.045		7.11223		-37.8305		-30.7183		0.133995
		31140		3.114e-11		106.727		6.89779		-37.6161		-30.7183		0.13618
		31200		3.12e-11		103.891		6.7145		-37.4328		-30.7183		0.138269
		31260		3.126e-11		107.423		6.94273		-37.661		-30.7183		0.13823
		31320		3.132e-11		104.569		6.75831		-37.4766		-30.7183		0.138494
		31380		3.138e-11		105.963		6.84839		-37.5667		-30.7183		0.137214
		31440		3.144e-11		107.203		6.92855		-37.6468		-30.7183		0.135385
		31500		3.15e-11		104.895		6.77936		-37.4976		-30.7183		0.133905
		31560		3.156e-11		105.642		6.82763		-37.5459		-30.7183		0.130851
		31620		3.162e-11		110.849		7.16419		-37.8825		-30.7183		0.127055
		31680		3.168e-11		111.788		7.22486		-37.9431		-30.7183		0.127016
		31740		3.174e-11		106.653		6.89296		-37.6112		-30.7183		0.131634
		31800		3.18e-11		103.049		6.66006		-37.3783		-30.7183		0.136626
		31860		3.186e-11		104.56		6.75774		-37.476		-30.7183		0.138658
		31920		3.192e-11		107.916		6.97462		-37.6929		-30.7183		0.13898
		31980		3.198e-11		106.167		6.86159		-37.5799		-30.7183		0.140682
		32040		3.204e-11		105.314		6.80645		-37.5247		-30.7183		0.142653
		32100		3.21e-11		108.427		7.00763		-37.7259		-30.7183		0.144314
		32160		3.216e-11		104.277		6.73942		-37.4577		-30.7183		0.147508
		32220		3.222e-11		105.856		6.8415		-37.5598		-30.7183		0.149357
		32280		3.228e-11		104.285		6.73993		-37.4582		-30.7183		0.150575
		32340		3.234e-11		106.253		6.86714		-37.5854		-30.7183		0.150582
		32400		3.24e-11		104.107		6.72842		-37.4467		-30.7183		0.150486
		32460		3.246e-11		101.558		6.56371		-37.282		-30.7183		0.148446
		32520		3.252e-11		104.58		6.75899		-37.4773		-30.7183		0.1423
		32580		3.258e-11		107.666		6.95844		-37.6767		-30.7183		0.134499
		32640		3.264e-11		107.528		6.9495		-37.6678		-30.7183		0.127288
		32700		3.27e-11		107.615		6.95518		-37.6735		-30.7183		0.120748
		32760		3.276e-11		109.728		7.09169		-37.81		-30.7183		0.115088
		32820		3.282e-11		113.994		7.36746		-38.0858		-30.7183		0.112123
		32880		3.288e-11		108.794		7.03136		-37.7496		-30.7183		0.114941
		32940		3.294e-11		103.579		6.69433		-37.4126		-30.7183		0.119026
		33000		3.3e-11		107.382		6.94013		-37.6584		-30.7183		0.119914
		33060		3.306e-11		111.055		7.17746		-37.8957		-30.7183		0.121074
		33120		3.312e-11		107.048		6.91849		-37.6368		-30.7183		0.125829
		33180		3.318e-11		101.088		6.53331		-37.2516		-30.7183		0.130823
		33240		3.324e-11		107.52		6.949		-37.6673		-30.7183		0.131229
		33300		3.33e-11		109.379		7.06915		-37.7874		-30.7183		0.131652
		33360		3.336e-11		105.586		6.82405		-37.5423		-30.7183		0.134035
		33420		3.342e-11		105.682		6.83025		-37.5485		-30.7183		0.135591
		33480		3.348e-11		107.589		6.9535		-37.6718		-30.7183		0.136625
		33540		3.354e-11		108.143		6.98928		-37.7076		-30.7183		0.138838
		33600		3.36e-11		104.595		6.75999		-37.4783		-30.7183		0.14245
		33660		3.366e-11		102.998		6.65676		-37.375		-30.7183		0.144428
		33720		3.372e-11		106.296		6.86993		-37.5882		-30.7183		0.143873
		33780		3.378e-11		104.636		6.76264		-37.4809		-30.7183		0.143599
		33840		3.384e-11		106.187		6.86288		-37.5812		-30.7183		0.142897
		33900		3.39e-11		104.278		6.73946		-37.4577		-30.7183		0.142655
		33960		3.396e-11		103.42		6.68401		-37.4023		-30.7183		0.141092
		34020		3.402e-11		104.667		6.76463		-37.4829		-30.7183		0.136954
		34080		3.408e-11		107.314		6.93571		-37.654		-30.7183		0.131234
		34140		3.414e-11		110.273		7.12694		-37.8452		-30.7183		0.125971
		34200		3.42e-11		110.006		7.10967		-37.828		-30.7183		0.123851
		34260		3.426e-11		106.004		6.85101		-37.5693		-30.7183		0.124274
		34320		3.432e-11		109.579		7.08207		-37.8004		-30.7183		0.124442
		34380		3.438e-11		109.238		7.06008		-37.7783		-30.7183		0.126991
		34440		3.444e-11		108.193		6.9925		-37.7108		-30.7183		0.132011
		34500		3.45e-11		104.643		6.76305		-37.4813		-30.7183		0.138468
		34560		3.456e-11		98.5549		6.3696		-37.0879		-30.7183		0.143317
		34620		3.462e-11		103.801		6.70865		-37.4269		-30.7183		0.141916
		34680		3.468e-11		106.815		6.90348		-37.6218		-30.7183		0.138119
		34740		3.474e-11		105.011		6.78687		-37.5051		-30.7183		0.134493
		34800		3.48e-11		108.216		6.99402		-37.7123		-30.7183		0.12959
		34860		3.486e-11		109.39		7.06985		-37.7881		-30.7183		0.126121
		34920		3.492e-11		108.242		6.99571		-37.714		-30.7183		0.124884
		34980		3.498e-11		108.569		7.01681		-37.7351		-30.7183		0.124935
		35040		3.504e-11		106.664		6.89369		-37.612		-30.7183		0.126718
		35100		3.51e-11		105.261		6.80304		-37.5213		-30.7183		0.128957
		35160		3.516e-11		107.514		6.94865		-37.6669		-30.7183		0.130547
		35220		3.522e-11		107.81		6.96777		-37.6861		-30.7183		0.133389
		35280		3.528e-11		102.586		6.6301		-37.3484		-30.7183		0.137348
		35340		3.534e-11		103.448		6.68585		-37.4041		-30.7183		0.13823
		35400		3.54e-11		105.53		6.8204		-37.5387		-30.7183		0.136632
		35460		3.546e-11		105.012		6.78695		-37.5052		-30.7183		0.134501
		35520		3.552e-11		103.837		6.71096		-37.4292		-30.7183		0.13139
		35580		3.558e-11		111.046		7.17688		-37.8952		-30.7183		0.126275
		35640		3.564e-11		111.497		7.20604		-37.9243		-30.7183		0.124704
		35700		3.57e-11		105.174		6.79739		-37.5157		-30.7183		0.127334
		35760		3.576e-11		106.935		6.91121		-37.6295		-30.7183		0.129074
		35820		3.582e-11		106.318		6.87133		-37.5896		-30.7183		0.130607
		35880		3.588e-11		106.684		6.895		-37.6133		-30.7183		0.131749
		35940		3.594e-11		105.918		6.84549		-37.5638		-30.7183		0.133038
		36000		3.6e-11		105.414		6.8129		-37.5312		-30.7183		0.134078
		36060		3.606e-11		103.353		6.6797		-37.398		-30.7183		0.134627
		36120		3.612e-11		103.708		6.70263		-37.4209		-30.7183		0.133005
		36180		3.618e-11		105.516		6.81949		-37.5378		-30.7183		0.128928
		36240		3.624e-11		108.953		7.0416		-37.7599		-30.7183		0.123965
		36300		3.63e-11		112.843		7.29302		-38.0113		-30.7183		0.121186
		36360		3.636e-11		106.217		6.86483		-37.5831		-30.7183		0.123401
		36420		3.642e-11		105.484		6.81742		-37.5357		-30.7183		0.125433
		36480		3.648e-11		108.37		7.00393		-37.7222		-30.7183		0.126659
		36540		3.654e-11		106.069		6.85526		-37.5735		-30.7183		0.129509
		36600		3.66e-11		105.571		6.82308		-37.5414		-30.7183		0.132218
		36660		3.666e-11		105.772		6.83604		-37.5543		-30.7183		0.134028
		36720		3.672e-11		103.362		6.68026		-37.3985		-30.7183		0.134671
		36780		3.678e-11		107.996		6.97977		-37.6981		-30.7183		0.132621
		36840		3.684e-11		110.83		7.16295		-37.8812		-30.7183		0.131502
		36900		3.69e-11		107.884		6.97254		-37.6908		-30.7183		0.133879
		36960		3.696e-11		101.773		6.57756		-37.2958		-30.7183		0.137121
		37020		3.702e-11		104.952		6.78306		-37.5013		-30.7183		0.136766
		37080		3.708e-11		104.603		6.76049		-37.4788		-30.7183		0.134853
		37140		3.714e-11		104.418		6.74851		-37.4668		-30.7183		0.131241
		37200		3.72e-11		107.022		6.91685		-37.6351		-30.7183		0.125713
		37260		3.726e-11		107.139		6.92441		-37.6427		-30.7183		0.120184
		37320		3.732e-11		110.912		7.16827		-37.8866		-30.7183		0.115124
		37380		3.738e-11		110.879		7.1661		-37.8844		-30.7183		0.113523
		37440		3.744e-11		106.911		6.90965		-37.6279		-30.7183		0.115313
		37500		3.75e-11		107.212		6.92911		-37.6474		-30.7183		0.117164
		37560		3.756e-11		105.179		6.7977		-37.516		-30.7183		0.118736
		37620		3.762e-11		108.58		7.01752		-37.7358		-30.7183		0.118955
		37680		3.768e-11		107.776		6.96555		-37.6838		-30.7183		0.120293
		37740		3.774e-11		109.064		7.04881		-37.7671		-30.7183		0.122481
		37800		3.78e-11		109.896		7.10261		-37.8209		-30.7183		0.126599
		37860		3.786e-11		105.786		6.83694		-37.5552		-30.7183		0.133163
		37920		3.792e-11		103.962		6.71903		-37.4373		-30.7183		0.138784
		37980		3.798e-11		105.146		6.79558		-37.5139		-30.7183		0.141996
		38040		3.804e-11		104.847		6.77628		-37.4946		-30.7183		0.143892
		38100		3.81e-11		105.833		6.83996		-37.5582		-30.7183		0.144715
		38160		3.816e-11		105.615		6.8259		-37.5442		-30.7183		0.145189
		38220		3.822e-11		104.835		6.77549		-37.4938		-30.7183		0.145653
		38280		3.828e-11		103.124		6.6649		-37.3832		-30.7183		0.145393
		38340		3.834e-11		105.808		6.83838		-37.5567		-30.7183		0.142947
		38400		3.84e-11		105.523		6.81997		-37.5383		-30.7183		0.140177
		38460		3.846e-11		102.558		6.62834		-37.3466		-30.7183		0.136591
		38520		3.852e-11		109.922		7.10424		-37.8225		-30.7183		0.130162
		38580		3.858e-11		109.533		7.07912		-37.7974		-30.7183		0.126597
		38640		3.864e-11		107.459		6.94505		-37.6633		-30.7183		0.126087
		38700		3.87e-11		107.379		6.93987		-37.6582		-30.7183		0.126807
		38760		3.876e-11		103.205		6.67017		-37.3884		-30.7183		0.127883
		38820		3.882e-11		105.545		6.82134		-37.5396		-30.7183		0.12589
		38880		3.888e-11		107.987		6.97918		-37.6975		-30.7183		0.122459
		38940		3.894e-11		110.149		7.11891		-37.8372		-30.7183		0.119689
		39000		3.9e-11		109.995		7.10899		-37.8273		-30.7183		0.119679
		39060		3.906e-11		107.816		6.96814		-37.6864		-30.7183		0.122395
		39120		3.912e-11		104.748		6.76987		-37.4881		-30.7183		0.125859
		39180		3.918e-11		106.385		6.87568		-37.594		-30.7183		0.127957
		39240		3.924e-11		106.734		6.89825		-37.6165		-30.7183		0.129991
		39300		3.93e-11		105.183		6.79798		-37.5163		-30.7183		0.132534
		39360		3.936e-11		105.202		6.79918		-37.5175		-30.7183		0.134594
		39420		3.942e-11		103.746		6.70509		-37.4234		-30.7183		0.135824
		39480		3.948e-11		105.64		6.82753		-37.5458		-30.7183		0.134656
		39540		3.954e-11		106.933		6.91109		-37.6294		-30.7183		0.132255
		39600		3.96e-11		107.516		6.94876		-37.667		-30.7183		0.130153
		39660		3.966e-11		107.52		6.94899		-37.6673		-30.7183		0.129064
		39720		3.972e-11		104.897		6.77946		-37.4977		-30.7183		0.128823
		39780		3.978e-11		105.636		6.82723		-37.5455		-30.7183		0.127255
		39840		3.984e-11		107.233		6.93045		-37.6487		-30.7183		0.124868
		39900		3.99e-11		106.078		6.85582		-37.5741		-30.7183		0.123133
		39960		3.996e-11		106.217		6.8648		-37.5831		-30.7183		0.120894
		40020		4.002e-11		106.788		6.9017		-37.62		-30.7183		0.11773
		40080		4.008e-11		109.597		7.08325		-37.8015		-30.7183		0.114637
		40140		4.014e-11		106.6		6.88958		-37.6079		-30.7183		0.113636
		40200		4.02e-11		109.738		7.09236		-37.8106		-30.7183		0.11245
		40260		4.026e-11		111.824		7.22715		-37.9454		-30.7183		0.113434
		40320		4.032e-11		106.527		6.88482		-37.6031		-30.7183		0.11835
		40380		4.038e-11		106.705		6.89633		-37.6146		-30.7183		0.123328
		40440		4.044e-11		103.633		6.69781		-37.4161		-30.7183		0.127957
		40500		4.05e-11		103.162		6.66734		-37.3856		-30.7183		0.130334
		40560		4.056e-11		104.26		6.73831		-37.4566		-30.7183		0.129949
		40620		4.062e-11		106.39		6.87596		-37.5942		-30.7183		0.127531
		40680		4.068e-11		111.958		7.23584		-37.9541		-30.7183		0.125402
		40740		4.074e-11		105.748		6.8345		-37.5528		-30.7183		0.127797
		40800		4.08e-11		102.114		6.59963		-37.3179		-30.7183		0.129427
		40860		4.086e-11		111.696		7.21892		-37.9372		-30.7183		0.127307
		40920		4.092e-11		110.368		7.13309		-37.8514		-30.7183		0.12898
		40980		4.098e-11		104.476		6.75226		-37.4705		-30.7183		0.133673
		41040		4.104e-11		104.554		6.75733		-37.4756		-30.7183		0.136474
		41100		4.11e-11		105.738		6.83383		-37.5521		-30.7183		0.137239
		41160		4.116e-11		106.388		6.87584		-37.5941		-30.7183		0.136711
		41220		4.122e-11		109.056		7.04832		-37.7666		-30.7183		0.136316
		41280		4.128e-11		107.105		6.92219		-37.6405		-30.7183		0.138461
		41340		4.134e-11		104.678		6.76534		-37.4836		-30.7183		0.141658
		41400		4.14e-11		104.909		6.78028		-37.4986		-30.7183		0.143801
		41460		4.146e-11		102.69		6.63688		-37.3552		-30.7183		0.144644
		41520		4.152e-11		102.894		6.65004		-37.3683		-30.7183		0.142301
		41580		4.158e-11		107.207		6.9288		-37.6471		-30.7183		0.136957
		41640		4.164e-11		110.995		7.1736		-37.8919		-30.7183		0.132728
		41700		4.17e-11		108.518		7.01353		-37.7318		-30.7183		0.13263
		41760		4.176e-11		106.664		6.8937		-37.612		-30.7183		0.13497
		41820		4.182e-11		104.083		6.72687		-37.4451		-30.7183		0.137743
		41880		4.188e-11		103.994		6.72113		-37.4394		-30.7183		0.138507
		41940		4.194e-11		107.377		6.93977		-37.6581		-30.7183		0.13699
		42000		4.2e-11		106.591		6.889		-37.6073		-30.7183		0.135807
		42060		4.206e-11		104.698		6.76664		-37.4849		-30.7183		0.1345
		42120		4.212e-11		110.198		7.12209		-37.8404		-30.7183		0.131972
		42180		4.218e-11		106.726		6.89768		-37.616		-30.7183		0.13211
		42240		4.224e-11		101.319		6.54822		-37.2665		-30.7183		0.13222
		42300		4.23e-11		108.589		7.01812		-37.7364		-30.7183		0.128092
		42360		4.236e-11		112.519		7.27211		-37.9904		-30.7183		0.125377
		42420		4.242e-11		107.489		6.947		-37.6653		-30.7183		0.127481
		42480		4.248e-11		106.452		6.88001		-37.5983		-30.7183		0.130355
		42540		4.254e-11		104.688		6.76599		-37.4843		-30.7183		0.132785
		42600		4.26e-11		106.402		6.87674		-37.595		-30.7183		0.133702
		42660		4.266e-11		107.746		6.96363		-37.6819		-30.7183		0.134717
		42720		4.272e-11		104.903		6.77985		-37.4981		-30.7183		0.13714
		42780		4.278e-11		106.626		6.89122		-37.6095		-30.7183		0.138707
		42840		4.284e-11		107.297		6.9346		-37.6529		-30.7183		0.140439
		42900		4.29e-11		101.696		6.57261		-37.2909		-30.7183		0.142695
		42960		4.296e-11		102.581		6.62982		-37.3481		-30.7183		0.141343
		43020		4.302e-11		110.019		7.11055		-37.8288		-30.7183		0.137445
		43080		4.308e-11		111.421		7.20115		-37.9194		-30.7183		0.137334
		43140		4.314e-11		103.167		6.66771		-37.386		-30.7183		0.141864
		43200		4.32e-11		103.253		6.67324		-37.3915		-30.7183		0.14427
		43260		4.326e-11		107.626		6.95587		-37.6742		-30.7183		0.144105
		43320		4.332e-11		106.919		6.91016		-37.6284		-30.7183		0.145
		43380		4.338e-11		103.627		6.69738		-37.4157		-30.7183		0.146454
		43440		4.344e-11		101.956		6.58943		-37.3077		-30.7183		0.145444
		43500		4.35e-11		104.301		6.74098		-37.4593		-30.7183		0.140838
		43560		4.356e-11		106.467		6.88097		-37.5992		-30.7183		0.134393
		43620		4.362e-11		109.542		7.07968		-37.798		-30.7183		0.128235
		43680		4.368e-11		109.837		7.09875		-37.817		-30.7183		0.124859
		43740		4.374e-11		109.928		7.10468		-37.823		-30.7183		0.124446
		43800		4.38e-11		108.545		7.01524		-37.7335		-30.7183		0.126907
		43860		4.386e-11		107.594		6.95382		-37.6721		-30.7183		0.131281
		43920		4.392e-11		105.089		6.79191		-37.5102		-30.7183		0.136669
		43980		4.398e-11		105.077		6.7911		-37.5094		-30.7183		0.141372
		44040		4.404e-11		104.895		6.77935		-37.4976		-30.7183		0.145427
		44100		4.41e-11		105.941		6.84696		-37.5652		-30.7183		0.148787
		44160		4.416e-11		107.667		6.9585		-37.6768		-30.7183		0.152136
		44220		4.422e-11		105.129		6.79446		-37.5127		-30.7183		0.156633
		44280		4.428e-11		100.494		6.49495		-37.2132		-30.7183		0.159585
		44340		4.434e-11		101.99		6.59162		-37.3099		-30.7183		0.156931
		44400		4.44e-11		108.171		6.99112		-37.7094		-30.7183		0.150217
		44460		4.446e-11		109.617		7.08457		-37.8029		-30.7183		0.144799
		44520		4.452e-11		106.133		6.85939		-37.5777		-30.7183		0.141874
		44580		4.458e-11		104.309		6.74151		-37.4598		-30.7183		0.138465
		44640		4.464e-11		107.48		6.94643		-37.6647		-30.7183		0.13322
		44700		4.47e-11		110.965		7.17165		-37.8899		-30.7183		0.129011
		44760		4.476e-11		110.519		7.14287		-37.8612		-30.7183