		timesteps		t		Temperature		Kin		Pot		TotalE		MSD
		0		0		96.9808		6.26787		-43.9281		-37.6603		0.00743876
		60		6e-14		71.503		4.62124		-42.2815		-37.6603		0.0197913
		120		1.2e-13		27.7707		1.79482		-39.455		-37.6602		0.0575723
		180		1.8e-13		30.012		1.93968		-39.5999		-37.6602		0.0778961
		240		2.4e-13		45.4811		2.93944		-40.5997		-37.6603		0.0810735
		300		3e-13		46.1875		2.9851		-40.6454		-37.6603		0.0803786
		360		3.6e-13		44.4781		2.87462		-40.5349		-37.6602		0.0771587
		420		4.2e-13		49.9785		3.23011		-40.8904		-37.6603		0.0701926
		480		4.8e-13		54.6215		3.53019		-41.1904		-37.6603		0.0637224
		540		5.4e-13		52.5491		3.39625		-41.0565		-37.6603		0.0613489
		600		6e-13		48.7876		3.15314		-40.8134		-37.6602		0.0613504
		660		6.6e-13		49.2734		3.18454		-40.8448		-37.6603		0.060705
		720		7.2e-13		51.0931		3.30215		-40.9624		-37.6603		0.0596613
		780		7.8e-13		50.7204		3.27806		-40.9383		-37.6603		0.0596103
		840		8.4e-13		49.6882		3.21135		-40.8716		-37.6603		0.0604355
		900		9e-13		47.6122		3.07718		-40.7374		-37.6602		0.0612201
		960		9.6e-13		48.5356		3.13685		-40.7971		-37.6603		0.0601879
		1020		1.02e-12		50.5003		3.26383		-40.9241		-37.6603		0.0579224
		1080		1.08e-12		51.1734		3.30734		-40.9676		-37.6603		0.0561666
		1140		1.14e-12		51.1746		3.30741		-40.9677		-37.6603		0.0556664
		1200		1.2e-12		50.4909		3.26323		-40.9235		-37.6603		0.0563821
		1260		1.26e-12		49.4538		3.1962		-40.8565		-37.6603		0.0576429
		1320		1.32e-12		48.6827		3.14636		-40.8066		-37.6602		0.0585128
		1380		1.38e-12		50.6556		3.27387		-40.9341		-37.6603		0.0584886
		1440		1.44e-12		50.9071		3.29012		-40.9504		-37.6603		0.0591805
		1500		1.5e-12		48.9289		3.16227		-40.8225		-37.6602		0.0608568
		1560		1.56e-12		50.0515		3.23483		-40.8951		-37.6603		0.0621206
		1620		1.62e-12		49.7227		3.21358		-40.8738		-37.6603		0.0638139
		1680		1.68e-12		46.5814		3.01055		-40.6708		-37.6602		0.0656172
		1740		1.74e-12		47.831		3.09132		-40.7516		-37.6603		0.0650781
		1800		1.8e-12		50.3057		3.25126		-40.9115		-37.6603		0.0630617
		1860		1.86e-12		49.055		3.17042		-40.8307		-37.6603		0.0614071
		1920		1.92e-12		49.6654		3.20988		-40.8701		-37.6603		0.0592166
		1980		1.98e-12		51.6448		3.3378		-40.9981		-37.6603		0.0569574
		2040		2.04e-12		52.011		3.36147		-41.0217		-37.6603		0.0562979
		2100		2.1e-12		50.1481		3.24107		-40.9013		-37.6603		0.0574764
		2160		2.16e-12		48.848		3.15705		-40.8173		-37.6603		0.0589421
		2220		2.22e-12		49.2938		3.18585		-40.8461		-37.6603		0.0596737
		2280		2.28e-12		49.5657		3.20343		-40.8637		-37.6603		0.0599934
		2340		2.34e-12		49.0757		3.17177		-40.832		-37.6603		0.0600848
		2400		2.4e-12		48.732		3.14955		-40.8098		-37.6603		0.0595802
		2460		2.46e-12		50.005		3.23182		-40.8921		-37.6603		0.058343
		2520		2.52e-12		51.5616		3.33243		-40.9927		-37.6603		0.0573623
		2580		2.58e-12		51.2534		3.31251		-40.9728		-37.6603		0.0578758
		2640		2.64e-12		48.207		3.11562		-40.7759		-37.6603		0.0595836
		2700		2.7e-12		48.2902		3.12099		-40.7812		-37.6603		0.0601189
		2760		2.76e-12		50.5681		3.26822		-40.9285		-37.6603		0.0595384
		2820		2.82e-12		49.294		3.18587		-40.8461		-37.6603		0.059512
		2880		2.88e-12		49.4367		3.19509		-40.8553		-37.6603		0.0591573
		2940		2.94e-12		50.5653		3.26803		-40.9283		-37.6603		0.0585898
		3000		3e-12		51.3467		3.31854		-40.9788		-37.6603		0.0587933
		3060		3.06e-12		50.5786		3.2689		-40.9292		-37.6603		0.0602644
		3120		3.12e-12		48.0461		3.10522		-40.7655		-37.6603		0.0621166
		3180		3.18e-12		48.8364		3.1563		-40.8166		-37.6603		0.0624254
		3240		3.24e-12		50.099		3.2379		-40.8982		-37.6603		0.0618975
		3300		3.3e-12		48.9371		3.1628		-40.8231		-37.6603		0.0615422
		3360		3.36e-12		49.3647		3.19044		-40.8507		-37.6603		0.0605309
		3420		3.42e-12		50.6698		3.27479		-40.935		-37.6603		0.0593789
		3480		3.48e-12		50.1464		3.24096		-40.9012		-37.6603		0.0592177
		3540		3.54e-12		50.2961		3.25064		-40.9109		-37.6603		0.0596698
		3600		3.6e-12		50.1364		3.24031		-40.9006		-37.6603		0.060617
		3660		3.66e-12		49.4737		3.19748		-40.8577		-37.6603		0.0618335
		3720		3.72e-12		48.3376		3.12406		-40.7843		-37.6603		0.0627546
		3780		3.78e-12		48.2078		3.11567		-40.7759		-37.6603		0.0625428
		3840		3.84e-12		49.3021		3.1864		-40.8466		-37.6603		0.061089
		3900		3.9e-12		51.2326		3.31116		-40.9714		-37.6603		0.0593191
		3960		3.96e-12		52.7448		3.40889		-41.0692		-37.6603		0.0589745
		4020		4.02e-12		50.957		3.29335		-40.9536		-37.6603		0.0613484
		4080		4.08e-12		48.9719		3.16505		-40.8253		-37.6603		0.065081
		4140		4.14e-12		48.6338		3.1432		-40.8035		-37.6603		0.068528
		4200		4.2e-12		47.0695		3.0421		-40.7024		-37.6603		0.0712148
		4260		4.26e-12		44.8885		2.90115		-40.5614		-37.6602		0.0717143
		4320		4.32e-12		47.0102		3.03827		-40.6985		-37.6603		0.0683102
		4380		4.38e-12		52.0646		3.36494		-41.0252		-37.6603		0.0628683
		4440		4.44e-12		52.5215		3.39446		-41.0547		-37.6603		0.0595587
		4500		4.5e-12		49.3553		3.18983		-40.8501		-37.6602		0.0587289
		4560		4.56e-12		49.865		3.22278		-40.883		-37.6603		0.0578612
		4620		4.62e-12		51.174		3.30738		-40.9676		-37.6603		0.0573526
		4680		4.68e-12		49.8871		3.2242		-40.8845		-37.6603		0.0582094
		4740		4.74e-12		49.9375		3.22746		-40.8877		-37.6603		0.0593408
		4800		4.8e-12		49.9562		3.22867		-40.8889		-37.6603		0.060587
		4860		4.86e-12		49.7313		3.21413		-40.8744		-37.6603		0.0620712
		4920		4.92e-12		50.1978		3.24428		-40.9045		-37.6603		0.0637026
		4980		4.98e-12		49.4428		3.19549		-40.8557		-37.6603		0.0658191
		5040		5.04e-12		48.5796		3.1397		-40.8		-37.6603		0.0677408
		5100		5.1e-12		48.6823		3.14633		-40.8066		-37.6603		0.068647
		5160		5.16e-12		47.515		3.0709		-40.7311		-37.6603		0.0685108
		5220		5.22e-12		47.7533		3.0863		-40.7465		-37.6602		0.0665719
		5280		5.28e-12		51.0179		3.29729		-40.9575		-37.6603		0.0632815
		5340		5.34e-12		51.1993		3.30901		-40.9693		-37.6603		0.0612623
		5400		5.4e-12		49.0305		3.16884		-40.8291		-37.6603		0.0606393
		5460		5.46e-12		49.5852		3.20469		-40.8649		-37.6603		0.0595019
		5520		5.52e-12		50.8679		3.28759		-40.9478		-37.6603		0.058164
		5580		5.58e-12		50.469		3.26181		-40.9221		-37.6603		0.057717
		5640		5.64e-12		51.3703		3.32007		-40.9803		-37.6603		0.0579686
		5700		5.7e-12		52.013		3.3616		-41.0219		-37.6603		0.0595787
		5760		5.76e-12		49.6567		3.20931		-40.8696		-37.6603		0.063111
		5820		5.82e-12		45.6787		2.95221		-40.6125		-37.6602		0.0665877
		5880		5.88e-12		47.5177		3.07107		-40.7313		-37.6603		0.0668612
		5940		5.94e-12		51.0647		3.30031		-40.9606		-37.6603		0.065374
		6000		6e-12		50.4459		3.26032		-40.9206		-37.6603		0.0650127
		6060		6.06e-12		48.974		3.16519		-40.8254		-37.6603		0.0652915
		6120		6.12e-12		49.9932		3.23106		-40.8913		-37.6603		0.0650707
		6180		6.18e-12		50.2278		3.24622		-40.9065		-37.6603		0.0651014
		6240		6.24e-12		50.071		3.23609		-40.8963		-37.6603		0.0656582
		6300		6.3e-12		50.0704		3.23605		-40.8963		-37.6603		0.066707
		6360		6.36e-12		47.9593		3.09961		-40.7599		-37.6603		0.0681263
		6420		6.42e-12		47.6963		3.08261		-40.7429		-37.6603		0.0682301
		6480		6.48e-12		49.3647		3.19044		-40.8507		-37.6603		0.0667525
		6540		6.54e-12		51.1127		3.30341		-40.9637		-37.6603		0.0650993
		6600		6.6e-12		50.6648		3.27447		-40.9347		-37.6603		0.0646654
		6660		6.66e-12		48.5046		3.13485		-40.7951		-37.6603		0.0650812
		6720		6.72e-12		48.8056		3.1543		-40.8146		-37.6603		0.0646835
		6780		6.78e-12		49.8913		3.22447		-40.8847		-37.6603		0.0636487
		6840		6.84e-12		49.9178		3.22619		-40.8864		-37.6603		0.0628929
		6900		6.9e-12		49.4094		3.19333		-40.8536		-37.6603		0.0625489
		6960		6.96e-12		49.6392		3.20818		-40.8684		-37.6603		0.0621833
		7020		7.02e-12		50.4285		3.25919		-40.9194		-37.6603		0.0618357
		7080		7.08e-12		49.7512		3.21542		-40.8757		-37.6603		0.0620599
		7140		7.14e-12		49.8371		3.22097		-40.8812		-37.6603		0.0623788
		7200		7.2e-12		51.336		3.31785		-40.9781		-37.6603		0.0629304
		7260		7.26e-12		49.7729		3.21682		-40.8771		-37.6603		0.0649084
		7320		7.32e-12		46.6649		3.01595		-40.6762		-37.6602		0.0669847
		7380		7.38e-12		48.0592		3.10606		-40.7663		-37.6603		0.0666225
		7440		7.44e-12		50.1285		3.2398		-40.9001		-37.6603		0.0648468
		7500		7.5e-12		50.0642		3.23565		-40.8959		-37.6603		0.0634282
		7560		7.56e-12		50.2584		3.2482		-40.9085		-37.6603		0.0624504
		7620		7.62e-12		51.3121		3.3163		-40.9766		-37.6603		0.0620755
		7680		7.68e-12		50.9741		3.29446		-40.9547		-37.6603		0.0631263
		7740		7.74e-12		47.6386		3.07888		-40.7391		-37.6603		0.0652147
		7800		7.8e-12		46.5437		3.00812		-40.6684		-37.6602		0.0655486
		7860		7.86e-12		50.1976		3.24427		-40.9045		-37.6603		0.0632727
		7920		7.92e-12		52.0782		3.36582		-41.0261		-37.6603		0.0613905
		7980		7.98e-12		50.6606		3.27419		-40.9345		-37.6603		0.061413
		8040		8.04e-12		49.1417		3.17603		-40.8363		-37.6603		0.061981
		8100		8.1e-12		49.6441		3.2085		-40.8688		-37.6603		0.0618088
		8160		8.16e-12		50.5704		3.26836		-40.9286		-37.6603		0.0614969
		8220		8.22e-12		50.4879		3.26303		-40.9233		-37.6603		0.0620206
		8280		8.28e-12		49.4264		3.19443		-40.8547		-37.6603		0.0633034
		8340		8.34e-12		49.0022		3.16702		-40.8273		-37.6603		0.0645034
		8400		8.4e-12		48.7417		3.15017		-40.8104		-37.6603		0.0652212
		8460		8.46e-12		49.6061		3.20604		-40.8663		-37.6603		0.0652293
		8520		8.52e-12		51.3707		3.32009		-40.9803		-37.6603		0.0652654
		8580		8.58e-12		49.6517		3.20899		-40.8692		-37.6603		0.0667127
		8640		8.64e-12		47.3614		3.06097		-40.7212		-37.6603		0.0681631
		8700		8.7e-12		49.5654		3.20341		-40.8637		-37.6603		0.0677441
		8760		8.76e-12		50.7313		3.27876		-40.939		-37.6603		0.0671357
		8820		8.82e-12		48.7823		3.1528		-40.8131		-37.6603		0.067371
		8880		8.88e-12		48.6463		3.14401		-40.8043		-37.6603		0.0669615
		8940		8.94e-12		50.3104		3.25156		-40.9118		-37.6603		0.0657829
		9000		9e-12		49.0854		3.17239		-40.8326		-37.6603		0.0650124
		9060		9.06e-12		49.5504		3.20244		-40.8627		-37.6603		0.0637882
		9120		9.12e-12		51.6013		3.33499		-40.9953		-37.6603		0.0626437
		9180		9.18e-12		49.9613		3.229		-40.8893		-37.6603		0.0631794
		9240		9.24e-12		48.1239		3.11025		-40.7705		-37.6603		0.064046
		9300		9.3e-12		49.1836		3.17873		-40.839		-37.6603		0.0636481
		9360		9.36e-12		49.9027		3.22521		-40.8855		-37.6603		0.0627038
		9420		9.42e-12		50.7456		3.27969		-40.9399		-37.6603		0.0618285
		9480		9.48e-12		52.1206		3.36856		-41.0288		-37.6603		0.0617583
		9540		9.54e-12		50.0967		3.23775		-40.898		-37.6603		0.0636742
		9600		9.6e-12		47.0959		3.04381		-40.7041		-37.6603		0.0659338
		9660		9.66e-12		47.8486		3.09245		-40.7527		-37.6603		0.0660083
		9720		9.72e-12		50.7969		3.283		-40.9433		-37.6603		0.0644795
		9780		9.78e-12		51.714		3.34227		-41.0025		-37.6603		0.0638675
		9840		9.84e-12		50.1991		3.24437		-40.9046		-37.6603		0.0650336
		9900		9.9e-12		48.4397		3.13066		-40.7909		-37.6603		0.0668075
		9960		9.96e-12		47.124		3.04562		-40.7059		-37.6603		0.067638
		10020		1.002e-11		48.5012		3.13463		-40.7949		-37.6603		0.0663773
		10080		1.008e-11		50.2723		3.2491		-40.9094		-37.6603		0.0641002
		10140		1.014e-11		50.4511		3.26066		-40.9209		-37.6603		0.0622936
		10200		1.02e-11		50.9575		3.29338		-40.9536		-37.6603		0.0612532
		10260		1.026e-11		50.6221		3.2717		-40.932		-37.6603		0.0613738
		10320		1.032e-11		49.5777		3.2042		-40.8645		-37.6603		0.0622791
		10380		1.038e-11		49.8		3.21857		-40.8788		-37.6603		0.0629967
		10440		1.044e-11		50.2559		3.24804		-40.9083		-37.6603		0.0637028
		10500		1.05e-11		49.5972		3.20546		-40.8657		-37.6603		0.0648031
		10560		1.056e-11		49.2245		3.18138		-40.8416		-37.6603		0.0658573
		10620		1.062e-11		49.1167		3.17441		-40.8347		-37.6603		0.0666419
		10680		1.068e-11		48.0903		3.10807		-40.7683		-37.6603		0.0669773
		10740		1.074e-11		48.4368		3.13047		-40.7907		-37.6603		0.0660594
		10800		1.08e-11		49.6925		3.21163		-40.8719		-37.6603		0.0642014
		10860		1.086e-11		50.7044		3.27703		-40.9373		-37.6603		0.0625161
		10920		1.092e-11		51.6344		3.33713		-40.9974		-37.6603		0.0618373
		10980		1.098e-11		50.6556		3.27387		-40.9341		-37.6603		0.0627206
		11040		1.104e-11		48.7342		3.14969		-40.8099		-37.6603		0.0642178
		11100		1.11e-11		48.9554		3.16398		-40.8242		-37.6603		0.0647958
		11160		1.116e-11		49.06		3.17075		-40.831		-37.6603		0.0646237
		11220		1.122e-11		48.5477		3.13764		-40.7979		-37.6603		0.0638112
		11280		1.128e-11		49.7618		3.21611		-40.8764		-37.6603		0.0621217
		11340		1.134e-11		50.5834		3.2692		-40.9295		-37.6603		0.0605771
		11400		1.14e-11		50.0744		3.23631		-40.8966		-37.6603		0.0599067
		11460		1.146e-11		49.1405		3.17595		-40.8362		-37.6603		0.0596789
		11520		1.152e-11		49.5962		3.2054		-40.8657		-37.6603		0.0590632
		11580		1.158e-11		50.7792		3.28186		-40.9421		-37.6603		0.0583287
		11640		1.164e-11		50.9549		3.29322		-40.9535		-37.6603		0.0584155
		11700		1.17e-11		50.0124		3.2323		-40.8926		-37.6603		0.0594655
		11760		1.176e-11		49.0926		3.17285		-40.8331		-37.6603		0.0606443
		11820		1.182e-11		49.2194		3.18105		-40.8413		-37.6603		0.0611978
		11880		1.188e-11		49.6092		3.20624		-40.8665		-37.6603		0.0612499
		11940		1.194e-11		50.6288		3.27214		-40.9324		-37.6603		0.0612212
		12000		1.2e-11		50.5965		3.27005		-40.9303		-37.6603		0.0620001
		12060		1.206e-11		48.6838		3.14643		-40.8067		-37.6603		0.0634432
		12120		1.212e-11		49.2518		3.18315		-40.8434		-37.6603		0.0640495
		12180		1.218e-11		48.9025		3.16057		-40.8208		-37.6603		0.064148
		12240		1.224e-11		48.1768		3.11367		-40.7739		-37.6603		0.063462
		12300		1.23e-11		49.9929		3.23104		-40.8913		-37.6603		0.0614382
		12360		1.236e-11		51.7859		3.34692		-41.0072		-37.6603		0.0597192
		12420		1.242e-11		49.7084		3.21265		-40.8729		-37.6603		0.0599049
		12480		1.248e-11		48.9797		3.16556		-40.8258		-37.6603		0.0604778
		12540		1.254e-11		51.0912		3.30203		-40.9623		-37.6603		0.0607357
		12600		1.26e-11		50.3073		3.25136		-40.9116		-37.6603		0.0622529
		12660		1.266e-11		47.5041		3.07019		-40.7304		-37.6603		0.0644266
		12720		1.272e-11		47.0772		3.0426		-40.7029		-37.6603		0.0648554
		12780		1.278e-11		49.1974		3.17963		-40.8399		-37.6603		0.0631594
		12840		1.284e-11		49.8928		3.22457		-40.8848		-37.6603		0.061082
		12900		1.29e-11		50.1065		3.23838		-40.8986		-37.6603		0.0593496
		12960		1.296e-11		51.5908		3.33432		-40.9946		-37.6603		0.0582389
		13020		1.302e-11		51.5214		3.32983		-40.9901		-37.6603		0.0588819
		13080		1.308e-11		48.1485		3.11184		-40.7721		-37.6603		0.0610638
		13140		1.314e-11		46.3378		2.99481		-40.6551		-37.6602		0.0619686
		13200		1.32e-11		50.3885		3.25661		-40.9169		-37.6603		0.0601289
		13260		1.326e-11		53.9935		3.4896		-41.1499		-37.6603		0.0588315
		13320		1.332e-11		50.7059		3.27712		-40.9374		-37.6603		0.0610983
		13380		1.338e-11		47.1803		3.04926		-40.7095		-37.6602		0.0643915
		13440		1.344e-11		48.0829		3.1076		-40.7679		-37.6603		0.0657198
		13500		1.35e-11		48.532		3.13662		-40.7969		-37.6603		0.0655929
		13560		1.356e-11		48.2862		3.12074		-40.781		-37.6603		0.0643668
		13620		1.362e-11		50.2186		3.24563		-40.9059		-37.6603		0.0619134
		13680		1.368e-11		51.7363		3.34372		-41.004		-37.6603		0.059912
		13740		1.374e-11		49.8482		3.22169		-40.8819		-37.6603		0.0595934
		13800		1.38e-11		49.5938		3.20525		-40.8655		-37.6603		0.0594879
		13860		1.386e-11		49.9723		3.22971		-40.89		-37.6603		0.0592654
		13920		1.392e-11		49.1516		3.17667		-40.8369		-37.6603		0.0591354
		13980		1.398e-11		49.9338		3.22722		-40.8875		-37.6603		0.0585317
		14040		1.404e-11		51.0273		3.2979		-40.9582		-37.6603		0.0581112
		14100		1.41e-11		51.2539		3.31254		-40.9728		-37.6603		0.0588229
		14160		1.416e-11		49.5975		3.20548		-40.8657		-37.6603		0.0607616
		14220		1.422e-11		48.0212		3.10361		-40.7639		-37.6603		0.062522
		14280		1.428e-11		48.6773		3.14601		-40.8063		-37.6603		0.0628821
		14340		1.434e-11		49.869		3.22303		-40.8833		-37.6603		0.0624557
		14400		1.44e-11		49.9711		3.22963		-40.8899		-37.6603		0.0622551
		14460		1.446e-11		49.9523		3.22842		-40.8887		-37.6603		0.0624692
		14520		1.452e-11		49.6109		3.20635		-40.8666		-37.6603		0.0632136
		14580		1.458e-11		49.1838		3.17875		-40.839		-37.6603		0.0641514
		14640		1.464e-11		49.3579		3.19		-40.8503		-37.6603		0.0648065
		14700		1.47e-11		48.1547		3.11224		-40.7725		-37.6603		0.065103
		14760		1.476e-11		48.1218		3.11011		-40.7704		-37.6603		0.0640594
		14820		1.482e-11		50.0387		3.234		-40.8943		-37.6603		0.0617318
		14880		1.488e-11		51.0914		3.30204		-40.9623		-37.6603		0.0596343
		14940		1.494e-11		50.8249		3.28481		-40.9451		-37.6603		0.0586258
		15000		1.5e-11		49.8375		3.22099		-40.8812		-37.6603		0.0584537
		15060		1.506e-11		49.3124		3.18706		-40.8473		-37.6603		0.0583657
		15120		1.512e-11		48.7245		3.14906		-40.8093		-37.6603		0.0578434
		15180		1.518e-11		51.2834		3.31445		-40.9747		-37.6603		0.0565567
		15240		1.524e-11		52.6509		3.40283		-41.0631		-37.6603		0.0564996
		15300		1.53e-11		49.6669		3.20997		-40.8702		-37.6603		0.0587763
		15360		1.536e-11		47.2609		3.05447		-40.7147		-37.6603		0.06106
		15420		1.542e-11		49.3447		3.18914		-40.8494		-37.6603		0.06142
		15480		1.548e-11		50.4563		3.26099		-40.9213		-37.6603		0.0614521
		15540		1.554e-11		48.9976		3.16671		-40.827		-37.6603		0.0621305
		15600		1.56e-11		49.5116		3.19993		-40.8602		-37.6603		0.0623565
		15660		1.566e-11		49.8789		3.22367		-40.8839		-37.6603		0.0624884
		15720		1.572e-11		48.4901		3.13391		-40.7942		-37.6603		0.0628018
		15780		1.578e-11		48.1437		3.11153		-40.7718		-37.6603		0.0621472
		15840		1.584e-11		49.4967		3.19897		-40.8592		-37.6603		0.0603144
		15900		1.59e-11		50.4004		3.25737		-40.9176		-37.6603		0.0585125
		15960		1.596e-11		51.1534		3.30604		-40.9663		-37.6603		0.057574
		16020		1.602e-11		50.5704		3.26836		-40.9286		-37.6603		0.0579657
		16080		1.608e-11		48.9818		3.1657		-40.826		-37.6603		0.0591351
		16140		1.614e-11		49.279		3.1849		-40.8452		-37.6603		0.0598793
		16200		1.62e-11		50.0196		3.23277		-40.893		-37.6603		0.0603682
		16260		1.626e-11		49.874		3.22336		-40.8836		-37.6603		0.0610931
		16320		1.632e-11		48.9467		3.16343		-40.8237		-37.6603		0.0618236
		16380		1.638e-11		48.5064		3.13497		-40.7952		-37.6603		0.0618785
		16440		1.644e-11		49.6849		3.21113		-40.8714		-37.6603		0.0609232
		16500		1.65e-11		51.1485		3.30573		-40.966		-37.6603		0.0599031
		16560		1.656e-11		49.4074		3.1932		-40.8535		-37.6603		0.0598609
		16620		1.662e-11		49.172		3.17799		-40.8382		-37.6603		0.0595083
		16680		1.668e-11		49.9741		3.22983		-40.8901		-37.6603		0.0586484
		16740		1.674e-11		50.1218		3.23937		-40.8996		-37.6603		0.058046
		16800		1.68e-11		50.0004		3.23152		-40.8918		-37.6603		0.0579343
		16860		1.686e-11		49.2832		3.18517		-40.8454		-37.6603		0.0581336
		16920		1.692e-11		49.5919		3.20512		-40.8654		-37.6603		0.058026
		16980		1.698e-11		50.9512		3.29298		-40.9532		-37.6603		0.0579382
		17040		1.704e-11		50.4322		3.25943		-40.9197		-37.6603		0.0589273
		17100		1.71e-11		48.2293		3.11706		-40.7773		-37.6603		0.0604655
		17160		1.716e-11		48.8726		3.15864		-40.8189		-37.6603		0.0607619
		17220		1.722e-11		50.7909		3.28261		-40.9429		-37.6603		0.0603158
		17280		1.728e-11		49.597		3.20545		-40.8657		-37.6603		0.0606706
		17340		1.734e-11		48.6654		3.14525		-40.8055		-37.6603		0.0608455
		17400		1.74e-11		50.9107		3.29036		-40.9506		-37.6603		0.0602006
		17460		1.746e-11		50.3752		3.25575		-40.916		-37.6603		0.0605763
		17520		1.752e-11		48.8305		3.15592		-40.8162		-37.6603		0.0616456
		17580		1.758e-11		49.017		3.16797		-40.8282		-37.6603		0.0620936
		17640		1.764e-11		49.6912		3.21154		-40.8718		-37.6603		0.0619606
		17700		1.77e-11		50.7699		3.28126		-40.9415		-37.6603		0.0617828
		17760		1.776e-11		50.3187		3.2521		-40.9124		-37.6603		0.0624169
		17820		1.782e-11		49.3953		3.19242		-40.8527		-37.6603		0.063572
		17880		1.788e-11		49.3658		3.19051		-40.8508		-37.6603		0.0645641
		17940		1.794e-11		47.3833		3.06238		-40.7226		-37.6603		0.0652143
		18000		1.8e-11		47.2077		3.05103		-40.7113		-37.6603		0.0639339
		18060		1.806e-11		50.1087		3.23853		-40.8988		-37.6603		0.0606852
		18120		1.812e-11		50.9088		3.29023		-40.9505		-37.6603		0.0578658
		18180		1.818e-11		51.1876		3.30825		-40.9685		-37.6603		0.0561237
		18240		1.824e-11		52.4717		3.39124		-41.0515		-37.6603		0.0556045
		18300		1.83e-11		51.0285		3.29797		-40.9582		-37.6603		0.0571753
		18360		1.836e-11		48.8526		3.15735		-40.8176		-37.6603		0.0596943
		18420		1.842e-11		47.7057		3.08322		-40.7435		-37.6603		0.0614051
		18480		1.848e-11		48.6432		3.14381		-40.8041		-37.6603		0.0613801
		18540		1.854e-11		50.2178		3.24557		-40.9058		-37.6603		0.0604231
		18600		1.86e-11		50.0436		3.23432		-40.8946		-37.6603		0.059807
		18660		1.866e-11		50.3794		3.25602		-40.9163		-37.6603		0.0595541
		18720		1.872e-11		49.8841		3.22401		-40.8843		-37.6603		0.0599559
		18780		1.878e-11		49.9458		3.228		-40.8883		-37.6603		0.060664
		18840		1.884e-11		49.5521		3.20255		-40.8628		-37.6603		0.0615019
		18900		1.89e-11		49.0605		3.17078		-40.831		-37.6603		0.0620871
		18960		1.896e-11		49.2345		3.18202		-40.8423		-37.6603		0.0621028
		19020		1.902e-11		49.8402		3.22117		-40.8814		-37.6603		0.0617856
		19080		1.908e-11		49.704		3.21237		-40.8726		-37.6603		0.0615748
		19140		1.914e-11		48.704		3.14774		-40.808		-37.6603		0.0611929
		19200		1.92e-11		49.0077		3.16737		-40.8276		-37.6603		0.0598468
		19260		1.926e-11		50.5862		3.26939		-40.9296		-37.6603		0.0579101
		19320		1.932e-11		50.9857		3.29521		-40.9555		-37.6603		0.0567482
		19380		1.938e-11		50.6961		3.27649		-40.9368		-37.6603		0.0568193
		19440		1.944e-11		49.8222		3.22001		-40.8803		-37.6603		0.0578032
		19500		1.95e-11		49.9981		3.23138		-40.8916		-37.6603		0.0589495
		19560		1.956e-11		48.9204		3.16173		-40.822		-37.6603		0.0601981
		19620		1.962e-11		48.7433		3.15028		-40.8105		-37.6603		0.060765
		19680		1.968e-11		49.5358		3.2015		-40.8618		-37.6603		0.0605818
		19740		1.974e-11		49.563		3.20326		-40.8635		-37.6603		0.0604314
		19800		1.98e-11		49.3969		3.19252		-40.8528		-37.6603		0.0603118
		19860		1.986e-11		50.2816		3.2497		-40.91		-37.6603		0.0599654
		19920		1.992e-11		50.6313		3.2723		-40.9326		-37.6603		0.0600097
		19980		1.998e-11		49.0368		3.16925		-40.8295		-37.6603		0.0606077
		20040		2.004e-11		49.5906		3.20504		-40.8653		-37.6603		0.0605194
		20100		2.01e-11		51.7906		3.34722		-41.0075		-37.6603		0.0602986
		20160		2.016e-11		51.3885		3.32124		-40.9815		-37.6603		0.0618072
		20220		2.022e-11		48.1756		3.11359		-40.7738		-37.6603		0.0647506
		20280		2.028e-11		45.6033		2.94734		-40.6076		-37.6603		0.0664535
		20340		2.034e-11		48.0656		3.10648		-40.7667		-37.6603		0.0649092
		20400		2.04e-11		50.6427		3.27304		-40.9333		-37.6603		0.0621346
		20460		2.046e-11		50.175		3.24281		-40.9031		-37.6603		0.0603044
		20520		2.052e-11		50.1117		3.23872		-40.899		-37.6603		0.0591015
		20580		2.058e-11		50.7748		3.28158		-40.9418		-37.6603		0.0584206
		20640		2.064e-11		50.5432		3.26661		-40.9269		-37.6603		0.0587692
		20700		2.07e-11		49.8729		3.22329		-40.8835		-37.6603		0.0599737
		20760		2.076e-11		48.49		3.13391		-40.7942		-37.6603		0.0613776
		20820		2.082e-11		48.0468		3.10527		-40.7655		-37.6603		0.0616927
		20880		2.088e-11		50.2027		3.2446		-40.9049		-37.6603		0.060586
		20940		2.094e-11		52.0784		3.36583		-41.0261		-37.6603		0.0598758
		21000		2.1e-11		51.9666		3.3586		-41.0189		-37.6603		0.0611655
		21060		2.106e-11		50.0187		3.23271		-40.893		-37.6603		0.0643643
		21120		2.112e-11		47.952		3.09913		-40.7594		-37.6603		0.0678396
		21180		2.118e-11		47.4372		3.06586		-40.7261		-37.6603		0.0698689
		21240		2.124e-11		47.6804		3.08159		-40.7418		-37.6603		0.0699616
		21300		2.13e-11		48.623		3.1425		-40.8028		-37.6603		0.0683145
		21360		2.136e-11		50.043		3.23428		-40.8945		-37.6603		0.0657876
		21420		2.142e-11		50.5777		3.26883		-40.9291		-37.6603		0.063622
		21480		2.148e-11		50.3724		3.25557		-40.9158		-37.6603		0.0622774
		21540		2.154e-11		49.8767		3.22353		-40.8838		-37.6603		0.0615064
		21600		2.16e-11		49.3142		3.18718		-40.8474		-37.6603		0.0607616
		21660		2.166e-11		50.3331		3.25303		-40.9133		-37.6603		0.0595442
		21720		2.172e-11		50.6776		3.27529		-40.9356		-37.6603		0.0585485
		21780		2.178e-11		50.4826		3.26269		-40.9229		-37.6603		0.0581574
		21840		2.184e-11		51.0263		3.29783		-40.9581		-37.6603		0.0583754
		21900		2.19e-11		51.3268		3.31725		-40.9775		-37.6603		0.0596893
		21960		2.196e-11		50.7306		3.27872		-40.939		-37.6603		0.0624031
		22020		2.202e-11		48.661		3.14496		-40.8052		-37.6603		0.0659841
		22080		2.208e-11		46.7984		3.02458		-40.6848		-37.6603		0.0686908
		22140		2.214e-11		47.7751		3.0877		-40.748		-37.6603		0.0689536
		22200		2.22e-11		50.4636		3.26146		-40.9217		-37.6603		0.0675405
		22260		2.226e-11		50.1213		3.23934		-40.8996		-37.6603		0.066629
		22320		2.232e-11		47.9214		3.09716		-40.7574		-37.6603		0.0660313
		22380		2.238e-11		49.3927		3.19225		-40.8525		-37.6603		0.0641577
		22440		2.244e-11		52.4113		3.38734		-41.0476		-37.6603		0.0623494
		22500		2.25e-11		51.3521		3.31888		-40.9791		-37.6603		0.0631589
		22560		2.256e-11		48.1046		3.109		-40.7693		-37.6603		0.0657253
		22620		2.262e-11		47.3635		3.0611		-40.7214		-37.6603		0.0673148
		22680		2.268e-11		48.5084		3.1351		-40.7954		-37.6603		0.0671609
		22740		2.274e-11		49.3862		3.19183		-40.8521		-37.6603		0.0660829
		22800		2.28e-11		49.3347		3.1885		-40.8488		-37.6603		0.0647017
		22860		2.286e-11		50.3973		3.25718		-40.9174		-37.6603		0.0630223
		22920		2.292e-11		50.9049		3.28998		-40.9502		-37.6603		0.061911
		22980		2.298e-11		49.3779		3.1913		-40.8516		-37.6603		0.0618328
		23040		2.304e-11		48.6982		3.14736		-40.8076		-37.6603		0.0616771
		23100		2.31e-11		49.9859		3.23059		-40.8908		-37.6603		0.0609201
		23160		2.316e-11		51.5697		3.33295		-40.9932		-37.6603		0.0605275
		23220		2.322e-11		51.2659		3.31331		-40.9736		-37.6603		0.0617517
		23280		2.328e-11		48.1516		3.11204		-40.7723		-37.6603		0.0641504
		23340		2.334e-11		48.2064		3.11558		-40.7758		-37.6603		0.0652365
		23400		2.34e-11		48.9768		3.16537		-40.8256		-37.6603		0.0650049
		23460		2.346e-11		48.8129		3.15478		-40.815		-37.6603		0.0643078
		23520		2.352e-11		49.0729		3.17158		-40.8318		-37.6603		0.0630085
		23580		2.358e-11		50.8301		3.28515		-40.9454		-37.6603		0.0612562
		23640		2.364e-11		50.5724		3.2685		-40.9288		-37.6603		0.0603231
		23700		2.37e-11		49.6926		3.21163		-40.8719		-37.6603		0.0600306
		23760		2.376e-11		50.5982		3.27016		-40.9304		-37.6603		0.0597821
		23820		2.382e-11		51.0395		3.29868		-40.9589		-37.6603		0.0603513
		23880		2.388e-11		49.8622		3.22259		-40.8829		-37.6603		0.062083
		23940		2.394e-11		49.038		3.16933		-40.8296		-37.6603		0.0640351
		24000		2.4e-11		48.5181		3.13573		-40.796		-37.6603		0.0654729
		24060		2.406e-11		47.5229		3.07141		-40.7317		-37.6603		0.0658925
		24120		2.412e-11		46.8918		3.03061		-40.6909		-37.6603		0.064379
		24180		2.418e-11		50.2365		3.24679		-40.907		-37.6603		0.0606516
		24240		2.424e-11		53.1578		3.43559		-41.0959		-37.6603		0.0576076
		24300		2.43e-11		51.5972		3.33473		-40.995		-37.6603		0.0576575
		24360		2.436e-11		50.438		3.25981		-40.9201		-37.6603		0.0595968
		24420		2.442e-11		50.1689		3.24242		-40.9027		-37.6603		0.0624347
		24480		2.448e-11		47.8517		3.09265		-40.7529		-37.6603		0.0658236
		24540		2.454e-11		45.9709		2.9711		-40.6314		-37.6603		0.0678618
		24600		2.46e-11		47.7444		3.08572		-40.746		-37.6603		0.0669793
		24660		2.466e-11		51.0464		3.29913		-40.9594		-37.6603		0.0646753
		24720		2.472e-11		49.9789		3.23014		-40.8904		-37.6603		0.0635902
		24780		2.478e-11		48.4393		3.13063		-40.7909		-37.6603		0.0628888
		24840		2.484e-11		50.8276		3.28499		-40.9453		-37.6603		0.0612799
		24900		2.49e-11		51.1782		3.30764		-40.9679		-37.6603		0.0605179
		24960		2.496e-11		49.2606		3.18371		-40.844		-37.6603		0.0609331
		25020		2.502e-11		50.0136		3.23238		-40.8926		-37.6603		0.0611346
		25080		2.508e-11		50.505		3.26414		-40.9244		-37.6603		0.0616978
		25140		2.514e-11		49.4399		3.1953		-40.8556		-37.6603		0.062959
		25200		2.52e-11		48.7688		3.15193		-40.8122		-37.6603		0.0639363
		25260		2.526e-11		48.6474		3.14408		-40.8043		-37.6603		0.0640625
		25320		2.532e-11		47.9314		3.09781		-40.7581		-37.6603		0.0631354
		25380		2.538e-11		49.7036		3.21235		-40.8726		-37.6603		0.0606212
		25440		2.544e-11		51.5462		3.33143		-40.9917		-37.6603		0.058009
		25500		2.55e-11		50.5755		3.2687		-40.929		-37.6603		0.0569684
		25560		2.556e-11		50.7803		3.28193		-40.9422		-37.6603		0.0569534
		25620		2.562e-11		51.3307		3.3175		-40.9778		-37.6603		0.0580538
		25680		2.568e-11		49.5517		3.20253		-40.8628		-37.6603		0.0605489
		25740		2.574e-11		48.6372		3.14342		-40.8037		-37.6603		0.0629102
		25800		2.58e-11		49.4074		3.1932		-40.8535		-37.6603		0.0643027
		25860		2.586e-11		48.8567		3.15761		-40.8179		-37.6603		0.0653236
		25920		2.592e-11		48.0099		3.10288		-40.7631		-37.6603		0.0656225
		25980		2.598e-11		49.0018		3.16698		-40.8272		-37.6603		0.0646483
		26040		2.604e-11		49.5603		3.20308		-40.8633		-37.6603		0.0631951
		26100		2.61e-11		50.0295		3.2334		-40.8937		-37.6603		0.0617444
		26160		2.616e-11		50.8792		3.28832		-40.9486		-37.6603		0.0607296
		26220		2.622e-11		49.7743		3.21691		-40.8772		-37.6603		0.0607801
		26280		2.628e-11		49.3671		3.1906		-40.8509		-37.6603		0.0610699
		26340		2.634e-11		50.3234		3.2524		-40.9127		-37.6603		0.0612859
		26400		2.64e-11		48.677		3.146		-40.8063		-37.6603		0.0620317
		26460		2.646e-11		48.0646		3.10641		-40.7667		-37.6603		0.0619366
		26520		2.652e-11		50.6573		3.27398		-40.9342		-37.6603		0.0605157
		26580		2.658e-11		51.4117		3.32274		-40.983		-37.6603		0.0598717
		26640		2.664e-11		50.4471		3.2604		-40.9207		-37.6603		0.0607599
		26700		2.67e-11		49.0214		3.16825		-40.8285		-37.6603		0.062361
		26760		2.676e-11		48.7508		3.15076		-40.811		-37.6603		0.0634783
		26820		2.682e-11		49.0246		3.16846		-40.8287		-37.6603		0.0638699
		26880		2.688e-11		48.9303		3.16237		-40.8226		-37.6603		0.0638058
		26940		2.694e-11		48.6303		3.14297		-40.8032		-37.6603		0.0631466
		27000		2.7e-11		50.0358		3.23381		-40.8941		-37.6603		0.0616388
		27060		2.706e-11		51.0223		3.29757		-40.9578		-37.6603		0.0603672
		27120		2.712e-11		49.6365		3.20801		-40.8683		-37.6603		0.0601373
		27180		2.718e-11		48.8393		3.15648		-40.8167		-37.6603		0.0598492
		27240		2.724e-11		50.8888		3.28894		-40.9492		-37.6603		0.0589166
		27300		2.73e-11		51.4426		3.32473		-40.985		-37.6603		0.05887
		27360		2.736e-11		50.4068		3.25779		-40.918		-37.6603		0.0601978
		27420		2.742e-11		49.3314		3.18829		-40.8485		-37.6603		0.0620822
		27480		2.748e-11		49.0838		3.17229		-40.8325		-37.6603		0.0636937
		27540		2.754e-11		50.0683		3.23591		-40.8962		-37.6603		0.0648409
		27600		2.76e-11		50.4331		3.25949		-40.9198		-37.6603		0.066316
		27660		2.766e-11		48.2997		3.12161		-40.7819		-37.6603		0.0683889
		27720		2.772e-11		47.8548		3.09285		-40.7531		-37.6603		0.0693885
		27780		2.778e-11		50.0765		3.23644		-40.8967		-37.6603		0.0690013
		27840		2.784e-11		48.8304		3.15591		-40.8162		-37.6603		0.0689201
		27900		2.79e-11		47.592		3.07587		-40.7361		-37.6603		0.0682672
		27960		2.796e-11		49.2853		3.18531		-40.8456		-37.6603		0.065992
		28020		2.802e-11		51.2762		3.31398		-40.9742		-37.6603		0.063393
		28080		2.808e-11		51.9551		3.35786		-41.0181		-37.6603		0.0621242
		28140		2.814e-11		49.8373		3.22099		-40.8812		-37.6603		0.0626789
		28200		2.82e-11		47.8561		3.09294		-40.7532		-37.6603		0.0633706
		28260		2.826e-11		48.628		3.14283		-40.8031		-37.6603		0.0626637
		28320		2.832e-11		49.8306		3.22055		-40.8808		-37.6603		0.061154
		28380		2.838e-11		50.7269		3.27848		-40.9387		-37.6603		0.0598479
		28440		2.844e-11		50.9682		3.29407		-40.9543		-37.6603		0.0594616
		28500		2.85e-11		50.4511		3.26065		-40.9209		-37.6603		0.0600547
		28560		2.856e-11		50.1952		3.24411		-40.9044		-37.6603		0.0611813
		28620		2.862e-11		49.0773		3.17187		-40.8321		-37.6603		0.0626589
		28680		2.868e-11		48.7772		3.15247		-40.8127		-37.6603		0.0636556
		28740		2.874e-11		50.2376		3.24685		-40.9071		-37.6603		0.0640436
		28800		2.88e-11		49.6146		3.20659		-40.8668		-37.6603		0.0649327
		28860		2.886e-11		48.9779		3.16544		-40.8257		-37.6603		0.0657912
		28920		2.892e-11		49.8601		3.22246		-40.8827		-37.6603		0.0660155
		28980		2.898e-11		50.3724		3.25557		-40.9158		-37.6603		0.0663089
		29040		2.904e-11		49.193		3.17935		-40.8396		-37.6603		0.0672121
		29100		2.91e-11		48.2395		3.11772		-40.778		-37.6603		0.0678831
		29160		2.916e-11		49.3506		3.18953		-40.8498		-37.6603		0.0676459
		29220		2.922e-11		49.7014		3.2122		-40.8725		-37.6603		0.0672898
		29280		2.928e-11		49.9873		3.23068		-40.8909		-37.6603		0.0670661
		29340		2.934e-11		50.2096		3.24505		-40.9053		-37.6603		0.0671937
		29400		2.94e-11		48.7516		3.15082		-40.8111		-37.6603		0.0678258
		29460		2.946e-11		48.5674		3.13891		-40.7992		-37.6603		0.067831
		29520		2.952e-11		49.8712		3.22318		-40.8834		-37.6603		0.066922
		29580		2.958e-11		49.8982		3.22492		-40.8852		-37.6603		0.0660158
		29640		2.964e-11		49.152		3.1767		-40.837		-37.6603		0.0651884
		29700		2.97e-11		49.5339		3.20137		-40.8616		-37.6603		0.063953
		29760		2.976e-11		50.7481		3.27985		-40.9401		-37.6603		0.0626762
		29820		2.982e-11		50.4542		3.26086		-40.9211		-37.6603		0.0622909
		29880		2.988e-11		49.7669		3.21643		-40.8767		-37.6603		0.0626184
		29940		2.994e-11		50.2285		3.24627		-40.9065		-37.6603		0.0631653
		30000		3e-11		50.1989		3.24436		-40.9046		-37.6603		0.0642237
		30060		3.006e-11		49.5167		3.20027		-40.8605		-37.6603		0.0657767
		30120		3.012e-11		48.6059		3.1414		-40.8017		-37.6603		0.0671992
		30180		3.018e-11		49.9351		3.2273		-40.8876		-37.6603		0.0678683
		30240		3.024e-11		50.4944		3.26345		-40.9237		-37.6603		0.0687217
		30300		3.03e-11		49.2342		3.18201		-40.8423		-37.6603		0.0701902
		30360		3.036e-11		48.1176		3.10984		-40.7701		-37.6603		0.0712759
		30420		3.042e-11		48.9821		3.16571		-40.826		-37.6603		0.0711957
		30480		3.048e-11		48.4376		3.13052		-40.7908		-37.6603		0.0706264
		30540		3.054e-11		48.1992		3.11512		-40.7754		-37.6603		0.0691418
		30600		3.06e-11		51.3871		3.32115		-40.9814		-37.6603		0.0665832
		30660		3.066e-11		51.9969		3.36056		-41.0208		-37.6603		0.065426
		30720		3.072e-11		49.8065		3.21899		-40.8792		-37.6603		0.0661408
		30780		3.078e-11		50.3751		3.25574		-40.916		-37.6603		0.0669924
		30840		3.084e-11		50.2649		3.24862		-40.9089		-37.6603		0.0683614
		30900		3.09e-11		47.9069		3.09622		-40.7565		-37.6603		0.0701606
		30960		3.096e-11		47.4354		3.06575		-40.726		-37.6603		0.0705298
		31020		3.102e-11		47.8142		3.09023		-40.7505		-37.6603		0.0689917
		31080		3.108e-11		49.725		3.21372		-40.874		-37.6603		0.066025
		31140		3.114e-11		52.7426		3.40875		-41.069		-37.6603		0.0633505
		31200		3.12e-11		51.921		3.35565		-41.0159		-37.6603		0.0633861
		31260		3.126e-11		48.1614		3.11267		-40.7729		-37.6603		0.0653548
		31320		3.132e-11		48.2396		3.11773		-40.778		-37.6603		0.0661366
		31380		3.138e-11		50.5082		3.26435		-40.9246		-37.6603		0.065717
		31440		3.144e-11		49.9337		3.22722		-40.8875		-37.6603		0.0659624
		31500		3.15e-11		48.7716		3.15211		-40.8124		-37.6603		0.0664605
		31560		3.156e-11		50.1483		3.24108		-40.9013		-37.6603		0.0663445
		31620		3.162e-11		50.6443		3.27314		-40.9334		-37.6603		0.0666523
		31680		3.168e-11		49.6766		3.2106		-40.8709		-37.6603		0.0677682
		31740		3.174e-11		49.0975		3.17317		-40.8334		-37.6603		0.0689109
		31800		3.18e-11		49.4237		3.19425		-40.8545		-37.6603		0.0696293
		31860		3.186e-11		49.9175		3.22617		-40.8864		-37.6603		0.0701721
		31920		3.192e-11		48.9478		3.1635		-40.8238		-37.6603		0.070729
		31980		3.198e-11		48.8298		3.15587		-40.8161		-37.6603		0.0704736
		32040		3.204e-11		49.5633		3.20328		-40.8635		-37.6603		0.0693745
		32100		3.21e-11		49.0213		3.16825		-40.8285		-37.6603		0.0680342
		32160		3.216e-11		48.9226		3.16186		-40.8221		-37.6603		0.0659545
		32220		3.222e-11		51.1337		3.30477		-40.965		-37.6603		0.063139
		32280		3.228e-11		52.6081		3.40006		-41.0603		-37.6603		0.0616125
		32340		3.234e-11		49.9077		3.22553		-40.8858		-37.6603		0.0626918
		32400		3.24e-11		47.3163		3.05805		-40.7183		-37.6603		0.0641578
		32460		3.246e-11		49.3804		3.19145		-40.8517		-37.6603		0.0637629
		32520		3.252e-11		50.9432		3.29246		-40.9527		-37.6603		0.063043
		32580		3.258e-11		50.0594		3.23534		-40.8956		-37.6603		0.0632966
		32640		3.264e-11		50.6609		3.27421		-40.9345		-37.6603		0.0638818
		32700		3.27e-11		51.5462		3.33143		-40.9917		-37.6603		0.0653305
		32760		3.276e-11		48.8312		3.15596		-40.8162		-37.6603		0.0682246
		32820		3.282e-11		47.2172		3.05165		-40.7119		-37.6603		0.0703514
		32880		3.288e-11		48.6302		3.14297		-40.8032		-37.6603		0.0705001
		32940		3.294e-11		48.5178		3.1357		-40.796		-37.6603		0.0698996
		33000		3.3e-11		48.9151		3.16138		-40.8216		-37.6603		0.0685466
		33060		3.306e-11		50.4341		3.25955		-40.9198		-37.6603		0.0666207
		33120		3.312e-11		50.9579		3.29341		-40.9537		-37.6603		0.0652779
		33180		3.318e-11		49.7369		3.2145		-40.8748		-37.6603		0.0649261
		33240		3.324e-11		48.464		3.13223		-40.7925		-37.6603		0.0646596
		33300		3.33e-11		48.2511		3.11847		-40.7787		-37.6603		0.0635127
		33360		3.336e-11		49.6887		3.21138		-40.8716		-37.6603		0.0613709
		33420		3.342e-11		51.1936		3.30864		-40.9689		-37.6603		0.0593659
		33480		3.348e-11		51.4674		3.32634		-40.9866		-37.6603		0.0586844
		33540		3.354e-11		50.1146		3.23891		-40.8992		-37.6603		0.0594989
		33600		3.36e-11		49.0978		3.17319		-40.8334		-37.6603		0.060608
		33660		3.366e-11		51.5522		3.33182		-40.9921		-37.6603		0.0612572
		33720		3.372e-11		52.0576		3.36448		-41.0248		-37.6603		0.0633975
		33780		3.378e-11		48.0413		3.10491		-40.7652		-37.6603		0.0673748
		33840		3.384e-11		46.149		2.98261		-40.6429		-37.6603		0.0699916
		33900		3.39e-11		48.1365		3.11106		-40.7713		-37.6603		0.0696023
		33960		3.396e-11		49.5867		3.20479		-40.8651		-37.6603		0.0676549
		34020		3.402e-11		49.8102		3.21923		-40.8795		-37.6603		0.0653811
		34080		3.408e-11		50.9579		3.29341		-40.9537		-37.6603		0.0629525
		34140		3.414e-11		51.8591		3.35166		-41.0119		-37.6603		0.061476
		34200		3.42e-11		49.8305		3.22054		-40.8808		-37.6603		0.0617966
		34260		3.426e-11		49.2118		3.18056		-40.8408		-37.6603		0.0622823
		34320		3.432e-11		50.2206		3.24576		-40.906		-37.6603		0.0623601
		34380		3.438e-11		49.2481		3.18291		-40.8432		-37.6603		0.0627621
		34440		3.444e-11		47.8455		3.09225		-40.7525		-37.6603		0.0626971
		34500		3.45e-11		50.4228		3.25882		-40.9191		-37.6603		0.0612732
		34560		3.456e-11		52.1002		3.36723		-41.0275		-37.6603		0.0605739
		34620		3.462e-11		50.786		3.2823		-40.9426		-37.6603		0.0618774
		34680		3.468e-11		49.2063		3.1802		-40.8405		-37.6603		0.0640455
		34740		3.474e-11		49.1373		3.17574		-40.836		-37.6603		0.065822
		34800		3.48e-11		48.668		3.14541		-40.8057		-37.6603		0.0670698
		34860		3.486e-11		49.0094		3.16748		-40.8277		-37.6603		0.0673891
		34920		3.492e-11		50.374		3.25567		-40.9159		-37.6603		0.0670567
		34980		3.498e-11		49.519		3.20041		-40.8607		-37.6603		0.067114
		35040		3.504e-11		49.0814		3.17213		-40.8324		-37.6603		0.0669829
		35100		3.51e-11		48.7235		3.149		-40.8093		-37.6603		0.0663216
		35160		3.516e-11		49.149		3.1765		-40.8368		-37.6603		0.0648736
		35220		3.522e-11		52.1175		3.36835		-41.0286		-37.6603		0.0631022
		35280		3.528e-11		52.1365		3.36958		-41.0298		-37.6603		0.0634896
		35340		3.534e-11		48.3478		3.12472		-40.785		-37.6603		0.0660334
		35400		3.54e-11		47.1771		3.04905		-40.7093		-37.6603		0.0675568
		35460		3.546e-11		49.0178		3.16802		-40.8283		-37.6603		0.0669017
		35520		3.552e-11		51.3418		3.31822		-40.9785		-37.6603		0.0656843
		35580		3.558e-11		50.3454		3.25382		-40.9141		-37.6603		0.0658792
		35640		3.564e-11		48.8191		3.15518		-40.8154		-37.6603		0.0668291
		35700		3.57e-11		48.9279		3.16221		-40.8225		-37.6603		0.0672705
		35760		3.576e-11		49.5353		3.20147		-40.8617		-37.6603		0.0672795
		35820		3.582e-11		47.5201		3.07123		-40.7315		-37.6603		0.0671054
		35880		3.588e-11		47.3641		3.06114		-40.7214		-37.6603		0.0650625
		35940		3.594e-11		50.2777		3.24945		-40.9097		-37.6603		0.0609963
		36000		3.6e-11		53.4484		3.45437		-41.1146		-37.6603		0.0574144
		36060		3.606e-11		53.4701		3.45577		-41.116		-37.6603		0.0570324
		36120		3.612e-11		50.5041		3.26408		-40.9243		-37.6603		0.0597633
		36180		3.618e-11		48.3146		3.12257		-40.7828		-37.6603		0.06312
		36240		3.624e-11		47.7338		3.08504		-40.7453		-37.6603		0.0652548
		36300		3.63e-11		49.0854		3.17239		-40.8327		-37.6603		0.0657915
		36360		3.636e-11		48.8802		3.15913		-40.8194		-37.6603		0.065688
		36420		3.642e-11		49.347		3.1893		-40.8496		-37.6603		0.0648564
		36480		3.648e-11		51.7979		3.3477		-41.008		-37.6603		0.0638505
		36540		3.654e-11		51.09		3.30195		-40.9622		-37.6603		0.0645989
		36600		3.66e-11		48.1938		3.11477		-40.775		-37.6603		0.066554
		36660		3.666e-11		47.8012		3.08939		-40.7497		-37.6603		0.0673587
		36720		3.672e-11		49.9161		3.22608		-40.8863		-37.6603		0.066633
		36780		3.678e-11		51.0358		3.29844		-40.9587		-37.6603		0.0660539
		36840		3.684e-11		51.2121		3.30984		-40.9701		-37.6603		0.0667604
		36900		3.69e-11		49.6224		3.20709		-40.8674		-37.6603		0.0689088
		36960		3.696e-11		48.5145		3.13549		-40.7958		-37.6603		0.0711773
		37020		3.702e-11		49.0975		3.17317		-40.8334		-37.6603		0.0724924
		37080		3.708e-11		48.7097		3.14811		-40.8084		-37.6603		0.0731837
		37140		3.714e-11		47.0573		3.04131		-40.7016		-37.6603		0.0728967
		37200		3.72e-11		48.8827		3.15929		-40.8195		-37.6603		0.0703952
		37260		3.726e-11		52.4786		3.39169		-41.052		-37.6603		0.0673287
		37320		3.732e-11		51.3789		3.32062		-40.9809		-37.6603		0.066694
		37380		3.738e-11		48.4393		3.13063		-40.7909		-37.6603		0.0675944
		37440		3.744e-11		48.6857		3.14656		-40.8068		-37.6603		0.067507
		37500		3.75e-11		49.9365		3.2274		-40.8877		-37.6603		0.0665212
		37560		3.756e-11		49.8822		3.22389		-40.8841		-37.6603		0.0657866
		37620		3.762e-11		49.0065		3.16729		-40.8275		-37.6603		0.065262
		37680		3.768e-11		49.523		3.20067		-40.8609		-37.6603		0.0642621
		37740		3.774e-11		50.0929		3.2375		-40.8978		-37.6603		0.063142
		37800		3.78e-11		49.9936		3.23109		-40.8913		-37.6603		0.0623925
		37860		3.786e-11		49.3396		3.18882		-40.8491		-37.6603		0.0618961
		37920		3.792e-11		50.9093		3.29027		-40.9505		-37.6603		0.0612171
		37980		3.798e-11		52.9792		3.42404		-41.0843		-37.6603		0.061721
		38040		3.804e-11		51.0805		3.30133		-40.9616		-37.6603		0.0650166
		38100		3.81e-11		47.9436		3.0986		-40.7589		-37.6603		0.0694993
		38160		3.816e-11		47.3533		3.06044		-40.7207		-37.6603		0.0725261
		38220		3.822e-11		47.4059		3.06384		-40.7241		-37.6603		0.0734087
		38280		3.828e-11		48.4053		3.12844		-40.7887		-37.6603		0.0721978
		38340		3.834e-11		50.0128		3.23233		-40.8926		-37.6603		0.0698261
		38400		3.84e-11		48.9979		3.16673		-40.827		-37.6603		0.067553
		38460		3.846e-11		50.398		3.25722		-40.9175		-37.6603		0.064703
		38520		3.852e-11		52.398		3.38648		-41.0467		-37.6603		0.0624412
		38580		3.858e-11		50.234		3.24662		-40.9069		-37.6603		0.0624203
		38640		3.864e-11		48.6595		3.14486		-40.8051		-37.6603		0.0629699
		38700		3.87e-11		50.0057		3.23187		-40.8921		-37.6603		0.0627179
		38760		3.876e-11		50.6934		3.27631		-40.9366		-37.6603		0.0626886
		38820		3.882e-11		49.291		3.18568		-40.8459		-37.6603		0.0634697
		38880		3.888e-11		48.8291		3.15583		-40.8161		-37.6603		0.0639197
		38940		3.894e-11		49.8038		3.21882		-40.8791		-37.6603		0.0635781
		39000		3.9e-11		50.2847		3.2499		-40.9102		-37.6603		0.0632206
		39060		3.906e-11		49.7457		3.21506		-40.8753		-37.6603		0.0633098
		39120		3.912e-11		49.4579		3.19646		-40.8567		-37.6603		0.0635551
		39180		3.918e-11		50.5103		3.26448		-40.9247		-37.6603		0.0638845
		39240		3.924e-11		50.9283		3.2915		-40.9518		-37.6603		0.065219
		39300		3.93e-11		48.1827		3.11405		-40.7743		-37.6603		0.0678393
		39360		3.936e-11		47.2287		3.05239		-40.7126		-37.6603		0.0695006
		39420		3.942e-11		49.3216		3.18765		-40.8479		-37.6603		0.0692621
		39480		3.948e-11		49.1611		3.17728		-40.8375		-37.6603		0.06866
		39540		3.954e-11		47.5491		3.07309		-40.7334		-37.6603		0.067557
		39600		3.96e-11		49.7755		3.21699		-40.8773		-37.6603		0.0647579
		39660		3.966e-11		52.9402		3.42153		-41.0818		-37.6603		0.0621747
		39720		3.972e-11		50.6955		3.27645		-40.9367		-37.6603		0.0623481
		39780		3.978e-11		48.414		3.12899		-40.7893		-37.6603		0.0634885
		39840		3.984e-11		49.6001		3.20566		-40.8659		-37.6603		0.0637118
		39900		3.99e-11		50.268		3.24882		-40.9091		-37.6603		0.0640085
		39960		3.996e-11		49.2565		3.18345		-40.8437		-37.6603		0.0649557
		40020		4.002e-11		47.8735		3.09406		-40.7543		-37.6603		0.0656177
		40080		4.008e-11		48.4156		3.1291		-40.7894		-37.6603		0.0648695
		40140		4.014e-11		49.2759		3.1847		-40.845		-37.6603		0.063142
		40200		4.02e-11		50.532		3.26588		-40.9261		-37.6603		0.0612335
		40260		4.026e-11		51.9117		3.35506		-41.0153		-37.6603		0.0602225
		40320		4.032e-11		50.1563		3.2416		-40.9019		-37.6603		0.0610549
		40380		4.038e-11		49.8846		3.22404		-40.8843		-37.6603		0.062367
		40440		4.044e-11		51.0957		3.30232		-40.9626		-37.6603		0.0638521
		40500		4.05e-11		49.9254		3.22668		-40.8869		-37.6603		0.0664501
		40560		4.056e-11		47.3087		3.05756		-40.7178		-37.6603		0.0692387
		40620		4.062e-11		47.2987		3.05692		-40.7172		-37.6603		0.0701081
		40680		4.068e-11		49.0666		3.17117		-40.8314		-37.6603		0.0690252
		40740		4.074e-11		50.4401		3.25994		-40.9202		-37.6603		0.0674868
		40800		4.08e-11		50.3465		3.25389		-40.9142		-37.6603		0.0666397
		40860		4.086e-11		47.9727		3.10048		-40.7607		-37.6603		0.0663471
		40920		4.092e-11		48.3031		3.12183		-40.7821		-37.6603		0.0648044
		40980		4.098e-11		51.0216		3.29752		-40.9578		-37.6603		0.062167
		41040		4.104e-11		52.732		3.40807		-41.0683		-37.6603		0.0606515
		41100		4.11e-11		50.5334		3.26598		-40.9262		-37.6603		0.0615853
		41160		4.116e-11		48.8039		3.15419		-40.8145		-37.6603		0.0632813
		41220		4.122e-11		48.7691		3.15195		-40.8122		-37.6603		0.0643724
		41280		4.128e-11		48.5018		3.13467		-40.7949		-37.6603		0.0647544
		41340		4.134e-11		48.4049		3.12841		-40.7887		-37.6603		0.0641456
		41400		4.14e-11		48.4681		3.13249		-40.7928		-37.6603		0.062492
		41460		4.146e-11		49.7254		3.21375		-40.874		-37.6603		0.0598816
		41520		4.152e-11		52.0314		3.36279		-41.0231		-37.6603		0.0572842
		41580		4.158e-11		51.5479		3.33154		-40.9918		-37.6603		0.0565883
		41640		4.164e-11		50.2854		3.24995		-40.9102		-37.6603		0.0576148
		41700		4.17e-11		50.6289		3.27214		-40.9324		-37.6603		0.0593008
		41760		4.176e-11		50.1193		3.23921		-40.8995		-37.6603		0.0617241
		41820		4.182e-11		48.5692		3.13902		-40.7993		-37.6603		0.0644939
		41880		4.188e-11		47.5098		3.07056		-40.7308		-37.6603		0.0663526
		41940		4.194e-11		48.1141		3.10961		-40.7699		-37.6603		0.0664544
		42000		4.2e-11		49.1926		3.17932		-40.8396		-37.6603		0.065292
		42060		4.206e-11		49.8179		3.21973		-40.88		-37.6603		0.0638203
		42120		4.212e-11		49.972		3.22969		-40.8899		-37.6603		0.0625579
		42180		4.218e-11		51.9382		3.35677		-41.017		-37.6603		0.0616912
		42240		4.224e-11		52.1114		3.36796		-41.0282		-37.6603		0.0628019
		42300		4.23e-11		48.1675		3.11306		-40.7733		-37.6603		0.065887
		42360		4.236e-11		47.6682		3.08079		-40.7411		-37.6603		0.0677632
		42420		4.242e-11		48.3364		3.12398		-40.7842		-37.6603		0.0678905
		42480		4.248e-11		47.8251		3.09094		-40.7512		-37.6603		0.0668553
		42540		4.254e-11		48.9322		3.16249		-40.8228		-37.6603		0.0643082
		42600		4.26e-11		50.5474		3.26688		-40.9271		-37.6603		0.0610515
		42660		4.266e-11		52.2266		3.37541		-41.0357		-37.6603		0.058519
		42720		4.272e-11		51.9285		3.35614		-41.0164		-37.6603		0.0581012
		42780		4.278e-11		49.3819		3.19155		-40.8518		-37.6603		0.0595747
		42840		4.284e-11		48.6904		3.14686		-40.8071		-37.6603		0.0609503
		42900		4.29e-11		49.782		3.21741		-40.8777		-37.6603		0.061587
		42960		4.296e-11		49.1637		3.17745		-40.8377		-37.6603		0.0622496
		43020		4.302e-11		47.763		3.08692		-40.7472		-37.6603		0.0622502
		43080		4.308e-11		49.2229		3.18127		-40.8415		-37.6603		0.0604287
		43140		4.314e-11		50.8071		3.28366		-40.9439		-37.6603		0.0579606
		43200		4.32e-11		50.837		3.28559		-40.9459		-37.6603		0.056298
		43260		4.326e-11		51.622		3.33633		-40.9966		-37.6603		0.055669
		43320		4.332e-11		51.6894		3.34068		-41.0009		-37.6603		0.0566568
		43380		4.338e-11		50.6438		3.27311		-40.9334		-37.6603		0.0593453
		43440		4.344e-11		48.1588		3.1125		-40.7728		-37.6603		0.0628992
		43500		4.35e-11		46.5065		3.00571		-40.666		-37.6603		0.0652721
		43560		4.356e-11		48.7766		3.15243		-40.8127		-37.6603		0.0650296
		43620		4.362e-11		51.8533		3.35128		-41.0115		-37.6603		0.0639888
		43680		4.368e-11		50.8258		3.28487		-40.9451		-37.6603		0.0646788
		43740		4.374e-11		48.327		3.12338		-40.7836		-37.6603		0.0663947
		43800		4.38e-11		48.1898		3.1145		-40.7748		-37.6603		0.0672059
		43860		4.386e-11		48.6833		3.1464		-40.8067		-37.6603		0.066987
		43920		4.392e-11		47.222		3.05196		-40.7122		-37.6603		0.0659747
		43980		4.398e-11		48.5897		3.14035		-40.8006		-37.6603		0.0630905
		44040		4.404e-11		51.8575		3.35155		-41.0118		-37.6603		0.059403
		44100		4.41e-11		51.2949		3.31519		-40.9755		-37.6603		0.0574794
		44160		4.416e-11		49.7485		3.21525		-40.8755		-37.6603		0.0568721
		44220		4.422e-11		50.8578		3.28694		-40.9472		-37.6603		0.0563289
		44280		4.428e-11		52.1225		3.36868		-41.0289		-37.6603		0.0567174
		44340		4.434e-11		50.8333		3.28536		-40.9456		-37.6603		0.0590251
		44400		4.44e-11		47.2928		3.05654		-40.7168		-37.6603		0.0621683
		44460		4.446e-11		46.9063		3.03156		-40.6918		-37.6603		0.0633619
		44520		4.452e-11		49.7082		3.21264		-40.8729		-37.6603		0.062277
		44580		4.458e-11		50.5077		3.26431		-40.9246		-37.6603		0.0609985
		44640		4.464e-11		50.2483		3.24755		-40.9078		-37.6603		0.0602906
		44700		4.47e-11		49.2433		3.18259		-40.8429		-37.6603		0.0600609
		44760		4.476e-11		49.3341		3.18846		-40.8487		-37.6603		0.0596066
		44820		4.482e-11		50.4293		3.25924		-40.9195		-37.6603		0.0589409
		44880		4.488e-11		50.0276		3.23328		-40.8935		-37.6603		0.0588425
		44940		4.494e-11		49.023		3.16836		-40.8286		-37.6603		0.0589299
		45000		4.5e-11		50.3794		3.25602		-40.9163		-37.6603		0.0585301
		45060		4.506e-11		50.1514		3.24129		-40.9015		-37.6603		0.0586285
		45120		4.512e-11		50.588		3.2695		-40.9298		-37.6603		0.0591439
		45180		4.518e-11		51.1492		3.30577		-40.966		-37.6603		0.0604051
		45240		4.524e-11		49.0797		3.17202		-40.8323		-37.6603		0.0626947
		45300		4.53e-11		48.3494		3.12482		-40.7851		-37.6603		0.0644467
		45360		4.536e-11		47.7412		3.08551		-40.7458		-37.6603		0.064934
		45420		4.542e-11		49.1248		3.17494		-40.8352		-37.6603		0.0638647
		45480		4.548e-11		50.0302		3.23345		-40.8937		-37.6603		0.0624227
		45540		4.554e-11		51.0908		3.302		-40.9623		-37.6603		0.0615442
		45600		4.56e-11		51.2987		3.31544		-40.9757		-37.6603		0.0620814
		45660		4.566e-11		49.7361		3.21445		-40.8747		-37.6603		0.0640387
		45720		4.572e-11		47.7925		3.08883		-40.7491		-37.6603		0.0659057
		45780		4.578e-11		47.8259		3.09099		-40.7512		-37.6603		0.0660113
		45840		4.584e-11		49.3843		3.19171		-40.852		-37.6603		0.0645232
		45900		4.59e-11		49.4667		3.19703		-40.8573		-37.6603		0.062794
		45960		4.596e-11		50.275		3.24928		-40.9095		-37.6603		0.0610347
		46020		4.602e-11		51.6234		3.33642		-40.9967		-37.6603		0.0599544
		46080		4.608e-11		49.5186		3.20039		-40.8606		-37.6603		0.0605195
		46140		4.614e-11		47.9179		3.09693		-40.7572		-37.6603		0.0610207
		46200		4.62e-11		49.8753		3.22344		-40.8837		-37.6603		0.0601379
		46260		4.626e-11		51.5922		3.3344		-40.9947		-37.6603		0.059264
		46320		4.632e-11		51.6232		3.33641		-40.9967		-37.6603		0.0598382
		46380		4.638e-11		49.7696		3.21661		-40.8769		-37.6603		0.0620083
		46440		4.644e-11		48.6237		3.14255		-40.8028		-37.6603		0.0643556
		46500		4.65e-11		48.5382		3.13702		-40.7973		-37.6603		0.0657874
		46560		4.656e-11		48.0358		3.10455		-40.7648		-37.6603		0.0660285
		46620		4.662e-11		48.3446		3.12451		-40.7848		-37.6603		0.0647561
		46680		4.668e-11		50.7133		3.2776		-40.9379		-37.6603		0.0624941
		46740		4.674e-11		50.9905		3.29552		-40.9558		-37.6603		0.0611641
		46800		4.68e-11		50.1787		3.24305		-40.9033		-37.6603		0.0610419
		46860		4.686e-11		50.329		3.25276		-40.913		-37.6603		0.0615112
		46920		4.692e-11		49.5585		3.20297		-40.8632		-37.6603		0.0626366
		46980		4.698e-11		48.0112		3.10296		-40.7632		-37.6603		0.0637038
		47040		4.704e-11		48.3249		3.12323		-40.7835		-37.6603		0.0634028
		47100		4.71e-11		49.1252		3.17496		-40.8352		-37.6603		0.061921
		47160		4.716e-11		48.9207		3.16174		-40.822		-37.6603		0.0598431
		47220		4.722e-11		50.8332		3.28535		-40.9456		-37.6603		0.0570907
		47280		4.728e-11		52.9841		3.42436		-41.0846		-37.6603		0.0552075
		47340		4.734e-11		51.6963		3.34113		-41.0014		-37.6603		0.0559318
		47400		4.74e-11		50.1953		3.24412		-40.9044		-37.6603		0.0583325
		47460		4.746e-11		49.2816		3.18507		-40.8453		-37.6603		0.0611043
		47520		4.752e-11		48.0814		3.1075		-40.7678		-37.6603		0.0634143
		47580		4.758e-11		48.1203		3.11001		-40.7703		-37.6603		0.0642473
		47640		4.764e-11		49.8546		3.2221		-40.8824		-37.6603		0.0636996
		47700		4.77e-11		49.9022		3.22518		-40.8854		-37.6603		0.0631533
		47760		4.776e-11		49.7956		3.21829		-40.8785		-37.6603		0.0627885
		47820		4.782e-11		50.2151		3.2454		-40.9057		-37.6603		0.0625558
		47880		4.788e-11		49.9189		3.22626		-40.8865		-37.6603		0.0629032
		47940		4.794e-11		48.9482		3.16352		-40.8238		-37.6603		0.0636425
		48000		4.8e-11		48.8564		3.15759		-40.8178		-37.6603		0.0640217
		48060		4.806e-11		48.7941		3.15356		-40.8138		-37.6603		0.0638457
		48120		4.812e-11		49.7737		3.21687		-40.8771		-37.6603		0.0630181
		48180		4.818e-11		51.0998		3.30258		-40.9628		-37.6603		0.0623242
		48240		4.824e-11		50.9015		3.28976		-40.95		-37.6603		0.0627981
		48300		4.83e-11		49.3797		3.19141		-40.8517		-37.6603		0.0642853
		48360		4.836e-11		47.4288		3.06532		-40.7256		-37.6603		0.065533
		48420		4.842e-11		48.2416		3.11786		-40.7781		-37.6603		0.0650355
		48480		4.848e-11		50.3797		3.25604		-40.9163		-37.6603		0.0635353
		48540		4.854e-11		49.7775		3.21712		-40.8774		-37.6603		0.0627854
		48600		4.86e-11		48.8679		3.15833		-40.8186		-37.6603		0.0623274
		48660		4.866e-11		49.9844		3.23049		-40.8908		-37.6603		0.0614589
		48720		4.872e-11		50.8142		3.28412		-40.9444		-37.6603		0.0611131
		48780		4.878e-11		50.4011		3.25742		-40.9177		-37.6603		0.061901
		48840		4.884e-11		48.9912		3.1663		-40.8266		-37.6603		0.0634004
		48900		4.89e-11		47.7976		3.08916		-40.7494		-37.6603		0.0644254
		48960		4.896e-11		49.2853		3.18531		-40.8456		-37.6603		0.0640633
		49020		4.902e-11		49.8724		3.22325		-40.8835		-37.6603		0.0634065
		49080		4.908e-11		49.4431		3.19551		-40.8558		-37.6603		0.0629407
		49140		4.914e-11		50.4839		3.26277		-40.923		-37.6603		0.0623217
		49200		4.92e-11		50.4598		3.26122		-40.9215		-37.6603		0.0622674
		49260		4.926e-11		49.2698		3.18431		-40.8446		-37.6603		0.062718
		49320		4.932e-11		49.9237		3.22657		-40.8868		-37.6603		0.0628314
		49380		4.938e-11		50.2126		3.24524		-40.9055		-37.6603		0.0632112
		49440		4.944e-11		48.3861		3.12719		-40.7875		-37.6603		0.0640014
		49500		4.95e-11		48.5149		3.13552		-40.7958		-37.6603		0.0636598
		49560		4.956e-11		50.8477		3.28629		-40.9466		-37.6603		0.0623948
		49620		4.962e-11		49.8964		3.2248		-40.8851		-37.6603		0.0621047
		49680		4.968e-11		48.0151		3.10322		-40.7635		-37.6603		0.062068
		49740		4.974e-11		48.9667		3.16472		-40.825		-37.6603		0.0608203
		49800		4.98e-11		50.1783		3.24302		-40.9033		-37.6603		0.0590504
		49860		4.986e-11		51.7595		3.34522		-41.0055		-37.6603		0.0577753
		49920		4.992e-11		50.797		3.28301		-40.9433		-37.6603		0.0579945
		49980		4.998e-11		49.1667		3.17764		-40.8379		-37.6603		0.0588635
		50040		5.004e-11		48.8942		3.16003		-40.8203		-37.6603		0.0590862
		50100		5.01e-11		49.7687		3.21655		-40.8768		-37.6603		0.0585245
		50160		5.016e-11		51.2517		3.3124		-40.9727		-37.6603		0.0579828
		50220		5.022e-11		50.3403		3.25349		-40.9138		-37.6603		0.0586185
		50280		5.028e-11		49.0065		3.16729		-40.8275		-37.6603		0.0597204
		50340		5.034e-11		49.7361		3.21445		-40.8747		-37.6603		0.0602477
		50400		5.04e-11		49.2884		3.18551		-40.8458		-37.6603		0.0607375
		50460		5.046e-11		48.5399		3.13713		-40.7974		-37.6603		0.0608747
		50520		5.052e-11		49.9942		3.23113		-40.8914		-37.6603		0.0601051
		50580		5.058e-11		51.0882		3.30183		-40.9621		-37.6603		0.0595785
		50640		5.064e-11		50.4748		3.26219		-40.9225		-37.6603		0.0602661
		50700		5.07e-11		48.5833		3.13994		-40.8002		-37.6603		0.0617114
		50760		5.076e-11		48.2747		3.11999		-40.7803		-37.6603		0.0623463
		50820		5.082e-11		50.4418		3.26005		-40.9203		-37.6603		0.0618342
		50880		5.088e-11		50.7508		3.28002		-40.9403		-37.6603		0.06181
		50940		5.094e-11		49.0138		3.16776		-40.828		-37.6603		0.0626234
		51000		5.1e-11		48.452		3.13145		-40.7917		-37.6603		0.0628921
		51060		5.106e-11		50.0907		3.23736		-40.8976		-37.6603		0.0621696
		51120		5.112e-11		50.2123		3.24522		-40.9055		-37.6603		0.0616969
		51180		5.118e-11		50.1528		3.24138		-40.9016		-37.6603		0.0616658
		51240		5.124e-11		49.5233		3.20069		-40.861		-37.6603		0.0620017
		51300		5.13e-11		49.3374		3.18867		-40.8489		-37.6603		0.0622374
		51360		5.136e-11		49.032		3.16894		-40.8292		-37.6603		0.0621855
		51420		5.142e-11		47.8098		3.08995		-40.7502		-37.6603		0.0615651
		51480		5.148e-11		50.1302		3.23991		-40.9002		-37.6603		0.0595146
		51540		5.154e-11		52.4377		3.38905		-41.0493		-37.6603		0.0578039
		51600		5.16e-11		50.4394		3.2599		-40.9202		-37.6603		0.0582537
		51660		5.166e-11		48.7656		3.15172		-40.812		-37.6603		0.0594235
		51720		5.172e-11		49.1578		3.17707		-40.8373		-37.6603		0.0599352
		51780		5.178e-11		49.4478		3.19581		-40.8561		-37.6603		0.0599672
		51840		5.184e-11		49.3602		3.19015		-40.8504		-37.6603		0.0597493
		51900		5.19e-11		49.2497		3.18301		-40.8433		-37.6603		0.0592586
		51960		5.196e-11		48.9641		3.16455		-40.8248		-37.6603		0.0583627
		52020		5.202e-11		50.4417		3.26005		-40.9203		-37.6603		0.0568657
		52080		5.208e-11		51.9046		3.35459		-41.0149		-37.6603		0.0560098
		52140		5.214e-11		49.7855		3.21764		-40.8779		-37.6603		0.0569454
		52200		5.22e-11		48.4302		3.13005		-40.7903		-37.6603		0.0580725
		52260		5.226e-11		49.704		3.21237		-40.8726		-37.6603		0.0582079
		52320		5.232e-11		51.6196		3.33617		-40.9964		-37.6603		0.0583641
		52380		5.238e-11		49.4542		3.19622		-40.8565		-37.6603		0.0599093
		52440		5.244e-11		47.4388		3.06597		-40.7262		-37.6603		0.0610625
		52500		5.25e-11		49.8147		3.21952		-40.8798		-37.6603		0.0602326
		52560		5.256e-11		51.1774		3.3076		-40.9679		-37.6603		0.05932
		52620		5.262e-11		49.5676		3.20356		-40.8638		-37.6603		0.0595109
		52680		5.268e-11		49.4745		3.19754		-40.8578		-37.6603		0.0596206
		52740		5.274e-11		50.6405		3.27289		-40.9332		-37.6603		0.0595472
		52800		5.28e-11		49.9093		3.22563		-40.8859		-37.6603		0.0601857
		52860		5.286e-11		47.5849		3.07541		-40.7357		-37.6603		0.0609592
		52920		5.292e-11		48.5461		3.13753		-40.7978		-37.6603		0.0601266
		52980		5.298e-11		51.0388		3.29863		-40.9589		-37.6603		0.0583998
		53040		5.304e-11		50.2169		3.24552		-40.9058		-37.6603		0.057604
		53100		5.31e-11		50.2735		3.24918		-40.9094		-37.6603		0.0571472
		53160		5.316e-11		50.6173		3.2714		-40.9317		-37.6603		0.0571433
		53220		5.322e-11		49.5841		3.20462		-40.8649		-37.6603		0.0579161
		53280		5.328e-11		49.7285		3.21395		-40.8742		-37.6603		0.0587044
		53340		5.334e-11		49.4736		3.19748		-40.8577		-37.6603		0.0595262
		53400		5.34e-11		48.5577		3.13828		-40.7985		-37.6603		0.060201
		53460		5.346e-11		48.7186		3.14868		-40.8089		-37.6603		0.0599722
		53520		5.352e-11		51.9166		3.35537		-41.0156		-37.6603		0.0590495
		53580		5.358e-11		52.3785		3.38522		-41.0455		-37.6603		0.0599694
		53640		5.364e-11		49.5312		3.2012		-40.8615		-37.6603		0.0632615
		53700		5.37e-11		47.259		3.05435		-40.7146		-37.6603		0.0665148
		53760		5.376e-11		47.9655		3.10001		-40.7603		-37.6603		0.0676886
		53820		5.382e-11		48.8288		3.1558		-40.8161		-37.6603		0.0672397
		53880		5.388e-11		48.6123		3.14181		-40.8021		-37.6603		0.0658571
		53940		5.394e-11		50.4238		3.25889		-40.9192		-37.6603		0.0635701
		54000		5.4e-11		51.9878		3.35997		-41.0202		-37.6603		0.0618984
		54060		5.406e-11		50.9409		3.29231		-40.9526		-37.6603		0.0622072
		54120		5.412e-11		47.6878		3.08206		-40.7423		-37.6603		0.0635562
		54180		5.418e-11		48.4581		3.13185		-40.7921		-37.6603		0.0634424
		54240		5.424e-11		50.4336		3.25952		-40.9198		-37.6603		0.0625548
		54300		5.43e-11		48.8543		3.15745		-40.8177		-37.6603		0.0623795
		54360		5.436e-11		48.21		3.11581		-40.7761		-37.6603		0.061517
		54420		5.442e-11		50.9948		3.29579		-40.9561		-37.6603		0.0593849
		54480		5.448e-11		51.8349		3.35009		-41.0104		-37.6603		0.0581534
		54540		5.454e-11		50.7589		3.28055		-40.9408		-37.6603		0.0587318
		54600		5.46e-11		49.5103		3.19985		-40.8601		-37.6603		0.0603891
		54660		5.466e-11		50.4164		3.25841		-40.9187		-37.6603		0.062196
		54720		5.472e-11		49.9932		3.23106		-40.8913		-37.6603		0.0647296
		54780		5.478e-11		47.5162		3.07097		-40.7312		-37.6603		0.0675315
		54840		5.484e-11		47.7667		3.08716		-40.7474		-37.6603		0.0685554
		54900		5.49e-11		49.7852		3.21762		-40.8779		-37.6603		0.067982
		54960		5.496e-11		50.3473		3.25395		-40.9142		-37.6603		0.0674875
		55020		5.502e-11		49.851		3.22187		-40.8821		-37.6603		0.0676367
		55080		5.508e-11		49.8233		3.22008		-40.8803		-37.6603		0.0680994
		55140		5.514e-11		49.0164		3.16793		-40.8282		-37.6603		0.0688153
		55200		5.52e-11		47.9332		3.09792		-40.7582		-37.6603		0.0691188
		55260		5.526e-11		49.4708		3.1973		-40.8576		-37.6603		0.0681611
		55320		5.532e-11		50.3675		3.25525		-40.9155		-37.6603		0.067081
		55380		5.538e-11		48.5202		3.13586		-40.7961		-37.6603		0.0665593
		55440		5.544e-11		47.5508		3.07321		-40.7335		-37.6603		0.0650547
		55500		5.55e-11		49.6806		3.21085		-40.8711		-37.6603		0.061782
		55560		5.556e-11		52.4317		3.38866		-41.0489		-37.6603		0.0585564
		55620		5.562e-11		52.0586		3.36455		-41.0248		-37.6603		0.0577188
		55680		5.568e-11		48.5593		3.13839		-40.7986		-37.6603		0.0590008
		55740		5.574e-11		47.8853		3.09483		-40.7551		-37.6603		0.0594523
		55800		5.58e-11		50.6025		3.27044		-40.9307		-37.6603		0.0583878
		55860		5.586e-11		50.1996		3.2444		-40.9047		-37.6603		0.0579775
		55920		5.592e-11		48.9347		3.16265		-40.8229		-37.6603		0.0580311
		55980		5.598e-11		50.9876		3.29533		-40.9556		-37.6603		0.0575459
		56040		5.604e-11		52.0122		3.36155		-41.0218		-37.6603		0.0581548
		56100		5.61e-11		48.7145		3.14842		-40.8087		-37.6603		0.0605838
		56160		5.616e-11		47.53		3.07186		-40.7321		-37.6603		0.0620987
		56220		5.622e-11		50.1591		3.24178		-40.902		-37.6603		0.0616619
		56280		5.628e-11		52.0811		3.366		-41.0263		-37.6603		0.0614945
		56340		5.634e-11		50.8283		3.28503		-40.9453		-37.6603		0.0632075
		56400		5.64e-11		48.5009		3.13461		-40.7949		-37.6603		0.0658099
		56460		5.646e-11		47.3216		3.0584		-40.7187		-37.6603		0.06732
		56520		5.652e-11		49.0268		3.1686		-40.8289		-37.6603		0.0667883
		56580		5.658e-11		49.5586		3.20298		-40.8632		-37.6603		0.0655659
		56640		5.664e-11		49.6489		3.20881		-40.8691		-37.6603		0.0642646
		56700		5.67e-11		51.071		3.30072		-40.961		-37.6603		0.0630332
		56760		5.676e-11		50.8164		3.28427		-40.9445		-37.6603		0.0630033
		56820		5.682e-11		48.1547		3.11224		-40.7725		-37.6603		0.0639386
		56880		5.688e-11		47.6716		3.08101		-40.7413		-37.6603		0.0637808
		56940		5.694e-11		49.3964		3.19249		-40.8528		-37.6603		0.0621482
		57000		5.7e-11		51.139		3.30511		-40.9654		-37.6603		0.0604211
		57060		5.706e-11		51.045		3.29904		-40.9593		-37.6603		0.0599718
		57120		5.712e-11		49.5067		3.19962		-40.8599		-37.6603		0.0606967
		57180		5.718e-11		49.65		3.20888		-40.8691		-37.6603		0.0613135
		57240		5.724e-11		49.0083		3.1674		-40.8277		-37.6603		0.0618126
		57300		5.73e-11		47.6903		3.08222		-40.7425		-37.6603		0.0617411
		57360		5.736e-11		49.7466		3.21512		-40.8754		-37.6603		0.0602222
		57420		5.742e-11		53.0001		3.42539		-41.0857		-37.6603		0.0591213
		57480		5.748e-11		50.9351		3.29194		-40.9522		-37.6603		0.0610189
		57540		5.754e-11		47.2933		3.05656		-40.7168		-37.6603		0.0641862
		57600		5.76e-11		48.1931		3.11472		-40.775		-37.6603		0.0655927
		57660		5.766e-11		49.4837		3.19813		-40.8584		-37.6603		0.0657783
		57720		5.772e-11		48.9996		3.16685		-40.8271		-37.6603		0.065663
		57780		5.778e-11		48.8301		3.15589		-40.8161		-37.6603		0.064763
		57840		5.784e-11		49.4175		3.19385		-40.8541		-37.6603		0.0629383
		57900		5.79e-11		50.6919		3.27622		-40.9365		-37.6603		0.0608502
		57960		5.796e-11		51.2159		3.31009		-40.9703		-37.6603		0.0595627
		58020		5.802e-11		50.7567		3.2804		-40.9407		-37.6603		0.0595592
		58080		5.808e-11		48.7022		3.14762		-40.8079		-37.6603		0.0603401
		58140		5.814e-11		48.8468		3.15697		-40.8172		-37.6603		0.0602331
		58200		5.82e-11		49.9707		3.2296		-40.8899		-37.6603		0.0593641
		58260		5.826e-11		50.2142		3.24534		-40.9056		-37.6603		0.0588069
		58320		5.832e-11		49.2624		3.18383		-40.8441		-37.6603		0.0588613
		58380		5.838e-11		48.8536		3.15741		-40.8177		-37.6603		0.0587276
		58440		5.844e-11		50.9224		3.29112		-40.9514		-37.6603		0.058028
		58500		5.85e-11		51.2401		3.31165		-40.9719		-37.6603		0.0582598
		58560		5.856e-11		50.0479		3.2346		-40.8949		-37.6603		0.0597151
		58620		5.862e-11		49.2195		3.18106		-40.8413		-37.6603		0.0614108
		58680		5.868e-11		48.8373		3.15636		-40.8166		-37.6603		0.0626048
		58740		5.874e-11		49.1707		3.1779		-40.8382		-37.6603		0.0629803
		58800		5.88e-11		49.3653		3.19048		-40.8507		-37.6603		0.0628575
		58860		5.886e-11		48.345		3.12454		-40.7848		-37.6603		0.0623077
		58920		5.892e-11		50.1715		3.24258		-40.9028		-37.6603		0.0606161
		58980		5.898e-11		52.2879		3.37936		-41.0396		-37.6603		0.0593441
		59040		5.904e-11		50.3671		3.25522		-40.9155		-37.6603		0.0602683
		59100		5.91e-11		48.6734		3.14576		-40.806		-37.6603		0.0618674
		59160		5.916e-11		49.9296		3.22695		-40.8872		-37.6603		0.0627547
		59220		5.922e-11		48.9729		3.16512		-40.8254		-37.6603		0.0638674
		59280		5.928e-11		46.9045		3.03144		-40.6917		-37.6603		0.0644329
		59340		5.934e-11		48.7871		3.15311		-40.8134		-37.6603		0.0627834
		59400		5.94e-11		51.0452		3.29905		-40.9593		-37.6603		0.0603861
		59460		5.946e-11		50.2842		3.24987		-40.9101		-37.6603		0.0591728
		59520		5.952e-11		50.4378		3.25979		-40.9201		-37.6603		0.0587377
		59580		5.958e-11		50.8264		3.28491		-40.9452		-37.6603		0.0591343
		59640		5.964e-11		49.3197		3.18753		-40.8478		-37.6603		0.0604978
		59700		5.97e-11		49.5395		3.20174		-40.862		-37.6603		0.0616181
		59760		5.976e-11		49.0241		3.16843		-40.8287		-37.6603		0.0624987
		59820		5.982e-11		48.4279		3.1299		-40.7902		-37.6603		0.0628311
		59880		5.988e-11		49.6215		3.20704		-40.8673		-37.6603		0.0621603
		59940		5.994e-11		51.3402		3.31812		-40.9784		-37.6603		0.0614978
