		timesteps		t		Temperature		Kin		Pot		TotalE		MSD
		0		0		839.391		54.2498		-43.9281		10.3217		0.00743876
		60		6e-14		540.233		34.9152		-24.5935		10.3217		0.165407
		120		1.2e-13		382.096		24.6949		-14.3733		10.3215		0.403384
		180		1.8e-13		425.051		27.4711		-17.1492		10.3218		0.557907
		240		2.4e-13		431.42		27.8826		-17.561		10.3217		0.691546
		300		3e-13		397.756		25.707		-15.3852		10.3218		0.817297
		360		3.6e-13		411.017		26.564		-16.2423		10.3217		0.911389
		420		4.2e-13		435.53		28.1483		-17.8268		10.3216		0.993055
		480		4.8e-13		417.139		26.9597		-16.6379		10.3218		1.08143
		540		5.4e-13		415.834		26.8754		-16.5536		10.3217		1.1613
		600		6e-13		428.783		27.7122		-17.3906		10.3217		1.23234
		660		6.6e-13		410.618		26.5382		-16.2165		10.3217		1.31806
		720		7.2e-13		409.711		26.4796		-16.1579		10.3217		1.41267
		780		7.8e-13		427.51		27.63		-17.3083		10.3217		1.51319
		840		8.4e-13		410.116		26.5058		-16.1841		10.3217		1.62522
		900		9e-13		396.954		25.6551		-15.3333		10.3218		1.73183
		960		9.6e-13		394.311		25.4843		-15.1626		10.3217		1.82436
		1020		1.02e-12		403.354		26.0688		-15.7472		10.3216		1.9172
		1080		1.08e-12		393.605		25.4387		-15.1169		10.3217		2.0101
		1140		1.14e-12		398.48		25.7538		-15.4319		10.3218		2.08505
		1200		1.2e-12		411.672		26.6064		-16.2846		10.3218		2.16469
		1260		1.26e-12		405.626		26.2156		-15.8939		10.3217		2.24497
		1320		1.32e-12		411.4		26.5888		-16.267		10.3217		2.32497
		1380		1.38e-12		414.966		26.8192		-16.4975		10.3217		2.43549
		1440		1.44e-12		408.396		26.3946		-16.0729		10.3217		2.56831
		1500		1.5e-12		402.857		26.0366		-15.7148		10.3218		2.70355
		1560		1.56e-12		418.577		27.0526		-16.731		10.3216		2.85112
		1620		1.62e-12		404.857		26.1659		-15.8442		10.3217		3.01542
		1680		1.68e-12		407.2		26.3173		-15.9957		10.3216		3.1949
		1740		1.74e-12		407.218		26.3185		-15.9969		10.3216		3.39214
		1800		1.8e-12		397.517		25.6915		-15.3697		10.3218		3.57344
		1860		1.86e-12		413.541		26.7272		-16.4055		10.3217		3.75012
		1920		1.92e-12		398.795		25.7741		-15.4525		10.3217		3.9513
		1980		1.98e-12		391.656		25.3127		-14.9911		10.3217		4.15107
		2040		2.04e-12		396.758		25.6424		-15.3207		10.3217		4.34664
		2100		2.1e-12		396.262		25.6104		-15.2888		10.3216		4.53918
		2160		2.16e-12		381.005		24.6244		-14.3025		10.3218		4.71522
		2220		2.22e-12		407.974		26.3673		-16.0458		10.3216		4.8928
		2280		2.28e-12		377.654		24.4078		-14.086		10.3218		5.08439
		2340		2.34e-12		393.438		25.4279		-15.1062		10.3218		5.27991
		2400		2.4e-12		405.336		26.1969		-15.8752		10.3217		5.44382
		2460		2.46e-12		405.005		26.1754		-15.8538		10.3216		5.59566
		2520		2.52e-12		401.224		25.9311		-15.6094		10.3218		5.75511
		2580		2.58e-12		412.612		26.6671		-16.3454		10.3217		5.93919
		2640		2.64e-12		397.09		25.6639		-15.3422		10.3217		6.12887
		2700		2.7e-12		405.401		26.2011		-15.8793		10.3217		6.31185
		2760		2.76e-12		409.826		26.4871		-16.1653		10.3217		6.50065
		2820		2.82e-12		393.634		25.4406		-15.1188		10.3218		6.71834
		2880		2.88e-12		391.408		25.2967		-14.9751		10.3216		6.94453
		2940		2.94e-12		388.3		25.0958		-14.7741		10.3217		7.1932
		3000		3e-12		389.789		25.1921		-14.8703		10.3218		7.4242
		3060		3.06e-12		406.312		26.2599		-15.9381		10.3219		7.62195
		3120		3.12e-12		402.424		26.0087		-15.6869		10.3218		7.82911
		3180		3.18e-12		389.036		25.1434		-14.8216		10.3218		8.07814
		3240		3.24e-12		396.187		25.6056		-15.2838		10.3218		8.32481
		3300		3.3e-12		403.023		26.0474		-15.7257		10.3217		8.51076
		3360		3.36e-12		383.377		24.7777		-14.4559		10.3218		8.67578
		3420		3.42e-12		387.856		25.0671		-14.7453		10.3218		8.8587
		3480		3.48e-12		411.4		26.5888		-16.2671		10.3217		9.05208
		3540		3.54e-12		381.832		24.6778		-14.3559		10.3218		9.26772
		3600		3.6e-12		413.769		26.7419		-16.4203		10.3216		9.452
		3660		3.66e-12		398.451		25.7519		-15.4301		10.3218		9.63808
		3720		3.72e-12		403.105		26.0527		-15.731		10.3217		9.84349
		3780		3.78e-12		398.915		25.7819		-15.4601		10.3217		10.0596
		3840		3.84e-12		393.514		25.4328		-15.111		10.3218		10.2417
		3900		3.9e-12		399.112		25.7946		-15.4728		10.3218		10.3874
		3960		3.96e-12		388.6		25.1152		-14.7934		10.3218		10.5381
		4020		4.02e-12		401.505		25.9493		-15.6274		10.3219		10.6988
		4080		4.08e-12		406.47		26.2701		-15.9483		10.3218		10.8873
		4140		4.14e-12		407.712		26.3504		-16.0287		10.3217		11.1162
		4200		4.2e-12		405.321		26.1959		-15.8742		10.3217		11.3183
		4260		4.26e-12		382.569		24.7254		-14.4037		10.3218		11.4962
		4320		4.32e-12		396.856		25.6488		-15.327		10.3217		11.697
		4380		4.38e-12		399.052		25.7908		-15.4691		10.3217		11.8952
		4440		4.44e-12		387.274		25.0295		-14.7077		10.3218		12.097
		4500		4.5e-12		396.587		25.6314		-15.3096		10.3218		12.2709
		4560		4.56e-12		403.976		26.109		-15.7872		10.3217		12.411
		4620		4.62e-12		420.388		27.1697		-16.848		10.3217		12.5361
		4680		4.68e-12		412.588		26.6656		-16.3437		10.3219		12.6367
		4740		4.74e-12		401.043		25.9194		-15.5976		10.3218		12.7469
		4800		4.8e-12		401.976		25.9797		-15.658		10.3218		12.9027
		4860		4.86e-12		400.761		25.9012		-15.5794		10.3217		13.078
		4920		4.92e-12		407.004		26.3046		-15.9829		10.3217		13.2199
		4980		4.98e-12		408.554		26.4049		-16.0832		10.3216		13.3782
		5040		5.04e-12		401.262		25.9336		-15.6119		10.3217		13.584
		5100		5.1e-12		400.081		25.8572		-15.5356		10.3216		13.8349
		5160		5.16e-12		392.365		25.3585		-15.0368		10.3217		14.0734
		5220		5.22e-12		396.773		25.6434		-15.3216		10.3218		14.2164
		5280		5.28e-12		402.654		26.0235		-15.7019		10.3217		14.3097
		5340		5.34e-12		397.495		25.6901		-15.3684		10.3217		14.4006
		5400		5.4e-12		391.601		25.3092		-14.9874		10.3218		14.4907
		5460		5.46e-12		410.184		26.5102		-16.1885		10.3217		14.5718
		5520		5.52e-12		386.33		24.9685		-14.6466		10.3219		14.7181
		5580		5.58e-12		411.53		26.5972		-16.2755		10.3217		14.9227
		5640		5.64e-12		394.916		25.5234		-15.2016		10.3218		15.1043
		5700		5.7e-12		382.702		24.734		-14.4121		10.3219		15.2827
		5760		5.76e-12		409.927		26.4936		-16.1719		10.3217		15.4614
		5820		5.82e-12		403.337		26.0677		-15.7459		10.3218		15.5989
		5880		5.88e-12		403.6		26.0847		-15.7629		10.3217		15.7359
		5940		5.94e-12		403.125		26.054		-15.7322		10.3217		15.8659
		6000		6e-12		413.923		26.7518		-16.4302		10.3216		16.0168
		6060		6.06e-12		392.02		25.3363		-15.0144		10.3218		16.2063
		6120		6.12e-12		389.641		25.1825		-14.8607		10.3218		16.344
		6180		6.18e-12		392.065		25.3392		-15.0174		10.3218		16.4503
		6240		6.24e-12		409.289		26.4523		-16.1307		10.3216		16.5944
		6300		6.3e-12		404.176		26.1219		-15.8002		10.3216		16.7568
		6360		6.36e-12		409.899		26.4917		-16.17		10.3218		16.8293
		6420		6.42e-12		404.336		26.1322		-15.8104		10.3218		16.8466
		6480		6.48e-12		400.791		25.9031		-15.5815		10.3217		16.9311
		6540		6.54e-12		382.918		24.748		-14.4262		10.3218		17.0854
		6600		6.6e-12		400.565		25.8885		-15.5669		10.3216		17.2586
		6660		6.66e-12		392.038		25.3374		-15.0157		10.3217		17.5288
		6720		6.72e-12		406.723		26.2865		-15.9648		10.3218		17.7822
		6780		6.78e-12		415.989		26.8854		-16.5636		10.3218		17.9948
		6840		6.84e-12		409.302		26.4532		-16.1315		10.3217		18.1919
		6900		6.9e-12		386.32		24.9678		-14.6461		10.3218		18.3591
		6960		6.96e-12		399.324		25.8083		-15.4867		10.3216		18.5
		7020		7.02e-12		383.221		24.7676		-14.4458		10.3218		18.5813
		7080		7.08e-12		394.391		25.4895		-15.1677		10.3218		18.6549
		7140		7.14e-12		393.048		25.4027		-15.081		10.3217		18.8011
		7200		7.2e-12		422.984		27.3374		-17.0158		10.3216		19.0425
		7260		7.26e-12		405.821		26.2282		-15.9064		10.3218		19.3073
		7320		7.32e-12		402.997		26.0457		-15.724		10.3217		19.5377
		7380		7.38e-12		387.318		25.0324		-14.7105		10.3219		19.8004
		7440		7.44e-12		404.524		26.1444		-15.8226		10.3218		19.9729
		7500		7.5e-12		408.755		26.4178		-16.096		10.3218		20.0831
		7560		7.56e-12		416.936		26.9466		-16.6249		10.3217		20.2407
		7620		7.62e-12		406.146		26.2492		-15.9275		10.3218		20.4443
		7680		7.68e-12		402.119		25.989		-15.6672		10.3217		20.6342
		7740		7.74e-12		388.032		25.0785		-14.7566		10.3219		20.7426
		7800		7.8e-12		414.333		26.7783		-16.4567		10.3216		20.7758
		7860		7.86e-12		396.437		25.6217		-15.3		10.3217		20.8472
		7920		7.92e-12		388.256		25.093		-14.7713		10.3217		20.9854
		7980		7.98e-12		402.374		26.0054		-15.6837		10.3217		21.1937
		8040		8.04e-12		417.41		26.9772		-16.6556		10.3216		21.3223
		8100		8.1e-12		397.604		25.6972		-15.3754		10.3218		21.3718
		8160		8.16e-12		402.073		25.986		-15.6643		10.3217		21.4104
		8220		8.22e-12		392.58		25.3724		-15.0508		10.3216		21.5008
		8280		8.28e-12		413.462		26.722		-16.4004		10.3216		21.6187
		8340		8.34e-12		414.053		26.7602		-16.4385		10.3217		21.8053
		8400		8.4e-12		388.78		25.1269		-14.8051		10.3218		21.9956
		8460		8.46e-12		407.906		26.363		-16.0413		10.3217		22.1209
		8520		8.52e-12		400.856		25.9073		-15.5855		10.3218		22.2444
		8580		8.58e-12		409.786		26.4845		-16.1628		10.3217		22.3057
		8640		8.64e-12		406.192		26.2522		-15.9305		10.3217		22.4007
		8700		8.7e-12		410.918		26.5576		-16.2359		10.3217		22.5467
		8760		8.76e-12		404.099		26.1169		-15.7951		10.3218		22.6978
		8820		8.82e-12		394.096		25.4704		-15.1486		10.3218		22.8505
		8880		8.88e-12		389.772		25.191		-14.8693		10.3217		22.9634
		8940		8.94e-12		399.172		25.7985		-15.4767		10.3218		23.0309
		9000		9e-12		415.439		26.8498		-16.5282		10.3216		23.0843
		9060		9.06e-12		372.205		24.0556		-13.7337		10.3219		23.1385
		9120		9.12e-12		400.031		25.854		-15.5324		10.3216		23.215
		9180		9.18e-12		379.416		24.5217		-14.1998		10.3219		23.316
		9240		9.24e-12		373.501		24.1394		-13.8176		10.3218		23.4327
		9300		9.3e-12		376.38		24.3255		-14.0036		10.3218		23.5379
		9360		9.36e-12		399.472		25.8179		-15.4961		10.3218		23.6265
		9420		9.42e-12		419.045		27.0829		-16.7613		10.3216		23.6808
		9480		9.48e-12		391.89		25.3278		-15.006		10.3218		23.7154
		9540		9.54e-12		389.918		25.2004		-14.8786		10.3218		23.7584
		9600		9.6e-12		407.827		26.3579		-16.0362		10.3217		23.8364
		9660		9.66e-12		402.017		25.9823		-15.6606		10.3218		23.9461
		9720		9.72e-12		395.072		25.5335		-15.2117		10.3218		24.1291
		9780		9.78e-12		412.374		26.6517		-16.3301		10.3216		24.3025
		9840		9.84e-12		404.862		26.1662		-15.8446		10.3217		24.4027
		9900		9.9e-12		402.877		26.0379		-15.7161		10.3218		24.4302
		9960		9.96e-12		401.882		25.9736		-15.6519		10.3217		24.4374
		10020		1.002e-11		397.835		25.712		-15.3904		10.3217		24.507
		10080		1.008e-11		379.294		24.5137		-14.1919		10.3218		24.692
		10140		1.014e-11		395.284		25.5472		-15.2254		10.3218		24.8808
		10200		1.02e-11		398.585		25.7606		-15.4388		10.3218		25.0662
		10260		1.026e-11		399.621		25.8275		-15.5058		10.3217		25.2262
		10320		1.032e-11		418.67		27.0587		-16.737		10.3217		25.3494
		10380		1.038e-11		402.462		26.0111		-15.6894		10.3218		25.4437
		10440		1.044e-11		406.878		26.2965		-15.9749		10.3217		25.5287
		10500		1.05e-11		394.519		25.4978		-15.1759		10.3219		25.6063
		10560		1.056e-11		409.235		26.4488		-16.127		10.3218		25.6762
		10620		1.062e-11		421.693		27.254		-16.9323		10.3217		25.8743
		10680		1.068e-11		403.179		26.0574		-15.7357		10.3217		26.0967
		10740		1.074e-11		412.95		26.689		-16.3674		10.3216		26.2135
		10800		1.08e-11		406.67		26.2831		-15.9613		10.3218		26.3168
		10860		1.086e-11		407.006		26.3048		-15.9831		10.3217		26.4726
		10920		1.092e-11		395.328		25.5501		-15.2285		10.3216		26.6235
		10980		1.098e-11		386.64		24.9886		-14.6668		10.3218		26.6937
		11040		1.104e-11		395.359		25.552		-15.2303		10.3217		26.7322
		11100		1.11e-11		391.874		25.3268		-15.0051		10.3218		26.7649
		11160		1.116e-11		399.201		25.8004		-15.4786		10.3218		26.8026
		11220		1.122e-11		411.926		26.6228		-16.3011		10.3217		26.8939
		11280		1.128e-11		389.682		25.1851		-14.8634		10.3217		27.0151
		11340		1.134e-11		407.344		26.3266		-16.0049		10.3217		27.0912
		11400		1.14e-11		407.854		26.3596		-16.0378		10.3217		27.1449
		11460		1.146e-11		395.64		25.5702		-15.2485		10.3217		27.241
		11520		1.152e-11		404.343		26.1327		-15.811		10.3216		27.3589
		11580		1.158e-11		402.33		26.0026		-15.6808		10.3217		27.4332
		11640		1.164e-11		387.217		25.0258		-14.704		10.3218		27.4919
		11700		1.17e-11		396.407		25.6198		-15.2981		10.3217		27.5296
		11760		1.176e-11		400.411		25.8786		-15.5569		10.3216		27.6088
		11820		1.182e-11		402.763		26.0306		-15.7089		10.3217		27.7306
		11880		1.188e-11		408.044		26.3719		-16.0502		10.3217		27.8841
		11940		1.194e-11		405.537		26.2098		-15.8882		10.3216		28.023
		12000		1.2e-11		405.065		26.1794		-15.8577		10.3216		28.1399
		12060		1.206e-11		393.141		25.4087		-15.0869		10.3218		28.2575
		12120		1.212e-11		399.923		25.847		-15.5253		10.3218		28.4201
		12180		1.218e-11		402.268		25.9986		-15.6768		10.3218		28.6169
		12240		1.224e-11		407.645		26.3461		-16.0244		10.3217		28.778
		12300		1.23e-11		389.993		25.2053		-14.8834		10.3219		28.9441
		12360		1.236e-11		413.953		26.7537		-16.432		10.3217		29.0167
		12420		1.242e-11		424.626		27.4436		-17.122		10.3216		29.0825
		12480		1.248e-11		392.142		25.3441		-15.0224		10.3217		29.2006
		12540		1.254e-11		392.15		25.3447		-15.0229		10.3217		29.3335
		12600		1.26e-11		395.887		25.5862		-15.2644		10.3218		29.4754
		12660		1.266e-11		393.914		25.4586		-15.1369		10.3217		29.6518
		12720		1.272e-11		393.926		25.4594		-15.1378		10.3217		29.8879
		12780		1.278e-11		401.437		25.9449		-15.6231		10.3218		30.1148
		12840		1.284e-11		403.305		26.0656		-15.7438		10.3218		30.3036
		12900		1.29e-11		408.144		26.3784		-16.0567		10.3216		30.5147
		12960		1.296e-11		406.065		26.244		-15.9223		10.3217		30.7003
		13020		1.302e-11		386.414		24.9739		-14.652		10.3219		30.8528
		13080		1.308e-11		390.435		25.2338		-14.9121		10.3216		31.0524
		13140		1.314e-11		396.545		25.6287		-15.307		10.3217		31.3261
		13200		1.32e-11		396.308		25.6134		-15.2917		10.3217		31.6414
		13260		1.326e-11		386.246		24.9631		-14.6412		10.3219		31.8973
		13320		1.332e-11		407.746		26.3526		-16.0309		10.3217		32.0244
		13380		1.338e-11		393.789		25.4506		-15.1287		10.3219		32.1705
		13440		1.344e-11		401.616		25.9565		-15.6348		10.3217		32.3753
		13500		1.35e-11		402.155		25.9913		-15.6696		10.3217		32.5537
		13560		1.356e-11		403.529		26.0801		-15.7583		10.3218		32.6746
		13620		1.362e-11		400.33		25.8733		-15.5516		10.3217		32.7767
		13680		1.368e-11		402.72		26.0278		-15.7061		10.3217		32.9665
		13740		1.374e-11		393.464		25.4296		-15.1079		10.3217		33.1779
		13800		1.38e-11		394.44		25.4927		-15.171		10.3217		33.3241
		13860		1.386e-11		392.58		25.3725		-15.0507		10.3218		33.5101
		13920		1.392e-11		407.165		26.3151		-15.9934		10.3217		33.7115
		13980		1.398e-11		399.223		25.8018		-15.4801		10.3217		33.9551
		14040		1.404e-11		395.137		25.5377		-15.216		10.3216		34.1536
		14100		1.41e-11		392.843		25.3895		-15.0677		10.3218		34.2581
		14160		1.416e-11		402.496		26.0133		-15.6915		10.3218		34.2894
		14220		1.422e-11		409.661		26.4764		-16.1547		10.3217		34.3313
		14280		1.428e-11		380.011		24.5601		-14.2383		10.3218		34.4323
		14340		1.434e-11		399.218		25.8014		-15.4798		10.3216		34.5493
		14400		1.44e-11		374.188		24.1838		-13.8618		10.322		34.6383
		14460		1.446e-11		396.728		25.6405		-15.3188		10.3217		34.7255
		14520		1.452e-11		396.177		25.6049		-15.2831		10.3219		34.8695
		14580		1.458e-11		400.82		25.905		-15.5832		10.3218		34.988
		14640		1.464e-11		391.787		25.3212		-14.9994		10.3218		35.0774
		14700		1.47e-11		391.844		25.3248		-15.0031		10.3218		35.144
		14760		1.476e-11		399.265		25.8045		-15.4829		10.3216		35.2367
		14820		1.482e-11		391.208		25.2838		-14.9622		10.3216		35.3371
		14880		1.488e-11		388.213		25.0902		-14.7684		10.3218		35.4033
		14940		1.494e-11		400.753		25.9007		-15.579		10.3217		35.4332
		15000		1.5e-11		395.597		25.5675		-15.2457		10.3217		35.5024
		15060		1.506e-11		399.66		25.83		-15.5083		10.3217		35.5826
		15120		1.512e-11		376.806		24.353		-14.0312		10.3217		35.6619
		15180		1.518e-11		387.636		25.0529		-14.7312		10.3217		35.6817
		15240		1.524e-11		396.462		25.6233		-15.3015		10.3218		35.67
		15300		1.53e-11		399.601		25.8262		-15.5046		10.3216		35.6901
		15360		1.536e-11		375.375		24.2605		-13.9387		10.3218		35.7257
		15420		1.542e-11		403.672		26.0893		-15.7677		10.3216		35.7862
		15480		1.548e-11		398.198		25.7355		-15.4138		10.3217		35.9616
		15540		1.554e-11		401.505		25.9493		-15.6276		10.3217		36.2405
		15600		1.56e-11		389.533		25.1755		-14.8537		10.3218		36.4597
		15660		1.566e-11		406.918		26.2991		-15.9774		10.3217		36.5515
		15720		1.572e-11		413.322		26.713		-16.3913		10.3217		36.6352
		15780		1.578e-11		399.851		25.8424		-15.5205		10.3218		36.7344
		15840		1.584e-11		395.795		25.5802		-15.2585		10.3217		36.8396
		15900		1.59e-11		399.768		25.837		-15.5153		10.3217		36.968
		15960		1.596e-11		395.605		25.568		-15.2462		10.3218		37.1505
		16020		1.602e-11		396.786		25.6443		-15.3226		10.3217		37.4027
		16080		1.608e-11		389.374		25.1652		-14.8434		10.3218		37.5865
		16140		1.614e-11		403.342		26.068		-15.7463		10.3217		37.7527
		16200		1.62e-11		385.418		24.9095		-14.5877		10.3219		37.9168
		16260		1.626e-11		398.911		25.7816		-15.4598		10.3218		37.9854
		16320		1.632e-11		392.309		25.3549		-15.0332		10.3217		37.9726
		16380		1.638e-11		402.435		26.0094		-15.6877		10.3217		37.9606
		16440		1.644e-11		400.209		25.8655		-15.5437		10.3218		38.0721
		16500		1.65e-11		404.978		26.1737		-15.8521		10.3217		38.169
		16560		1.656e-11		408.941		26.4298		-16.1082		10.3216		38.1795
		16620		1.662e-11		412.538		26.6623		-16.3405		10.3218		38.2195
		16680		1.668e-11		399.74		25.8352		-15.5134		10.3218		38.2078
		16740		1.674e-11		401.009		25.9172		-15.5954		10.3218		38.1931
		16800		1.68e-11		400.488		25.8835		-15.5618		10.3218		38.1963
		16860		1.686e-11		395.833		25.5827		-15.2609		10.3217		38.3694
		16920		1.692e-11		399.853		25.8425		-15.5209		10.3217		38.649
		16980		1.698e-11		388.265		25.0936		-14.7718		10.3218		38.9174
		17040		1.704e-11		393.127		25.4078		-15.086		10.3218		39.1692
		17100		1.71e-11		414.472		26.7873		-16.4656		10.3217		39.4137
		17160		1.716e-11		382.53		24.7229		-14.401		10.3218		39.6073
		17220		1.722e-11		387.55		25.0473		-14.7256		10.3217		39.7495
		17280		1.728e-11		413.817		26.745		-16.4233		10.3217		39.8941
		17340		1.734e-11		402.642		26.0227		-15.7009		10.3218		40.0576
		17400		1.74e-11		400.861		25.9076		-15.5859		10.3218		40.1766
		17460		1.746e-11		393.447		25.4285		-15.1067		10.3217		40.223
		17520		1.752e-11		394.109		25.4713		-15.1496		10.3217		40.2935
		17580		1.758e-11		403.808		26.0981		-15.7764		10.3217		40.4634
		17640		1.764e-11		395.365		25.5524		-15.2306		10.3218		40.5973
		17700		1.77e-11		399.361		25.8107		-15.489		10.3217		40.7092
		17760		1.776e-11		379.79		24.5458		-14.224		10.3219		40.9656
		17820		1.782e-11		399.476		25.8182		-15.4965		10.3217		41.2333
		17880		1.788e-11		393.32		25.4203		-15.0985		10.3218		41.5401
		17940		1.794e-11		403.968		26.1085		-15.7867		10.3217		41.861
		18000		1.8e-11		411.937		26.6235		-16.3019		10.3216		42.1846
		18060		1.806e-11		396.822		25.6466		-15.3248		10.3217		42.4069
		18120		1.812e-11		402.524		26.0152		-15.6935		10.3217		42.462
		18180		1.818e-11		408.869		26.4252		-16.1035		10.3217		42.5439
		18240		1.824e-11		419.803		27.1319		-16.8102		10.3217		42.6736
		18300		1.83e-11		395.14		25.5379		-15.216		10.3219		42.8628
		18360		1.836e-11		411.877		26.6196		-16.2979		10.3217		43.0714
		18420		1.842e-11		400.946		25.9132		-15.5914		10.3218		43.2542
		18480		1.848e-11		392.669		25.3782		-15.0564		10.3218		43.3695
		18540		1.854e-11		403.704		26.0914		-15.7697		10.3216		43.5998
		18600		1.86e-11		396.386		25.6184		-15.2966		10.3218		43.9023
		18660		1.866e-11		411.625		26.6033		-16.2816		10.3217		44.0359
		18720		1.872e-11		389.561		25.1773		-14.8555		10.3218		44.1372
		18780		1.878e-11		400.876		25.9086		-15.587		10.3216		44.3404
		18840		1.884e-11		404.737		26.1581		-15.8365		10.3216		44.6129
		18900		1.89e-11		390.069		25.2102		-14.8884		10.3217		44.8311
		18960		1.896e-11		400.057		25.8557		-15.534		10.3217		44.9103
		19020		1.902e-11		390.23		25.2205		-14.8988		10.3218		44.9069
		19080		1.908e-11		389.469		25.1714		-14.8496		10.3217		44.9313
		19140		1.914e-11		409.2		26.4466		-16.1249		10.3217		45.0104
		19200		1.92e-11		395.133		25.5374		-15.2157		10.3218		45.1044
		19260		1.926e-11		388.895		25.1343		-14.8126		10.3217		45.2218
		19320		1.932e-11		411.678		26.6068		-16.2852		10.3215		45.3837
		19380		1.938e-11		387.823		25.065		-14.7431		10.3219		45.4846
		19440		1.944e-11		429.916		27.7855		-17.4639		10.3216		45.4843
		19500		1.95e-11		396.184		25.6054		-15.2835		10.3219		45.4394
		19560		1.956e-11		414.146		26.7662		-16.4446		10.3216		45.4025
		19620		1.962e-11		397.26		25.6749		-15.3531		10.3218		45.466
		19680		1.968e-11		406.221		26.2541		-15.9324		10.3217		45.6101
		19740		1.974e-11		395.419		25.5559		-15.2342		10.3217		45.7928
		19800		1.98e-11		397.777		25.7084		-15.3866		10.3218		45.9695
		19860		1.986e-11		411.326		26.584		-16.2623		10.3217		46.1657
		19920		1.992e-11		420.159		27.1548		-16.8332		10.3217		46.2713
		19980		1.998e-11		408.618		26.409		-16.0872		10.3218		46.221
		20040		2.004e-11		408.355		26.392		-16.0702		10.3218		46.2406
		20100		2.01e-11		412.172		26.6387		-16.317		10.3217		46.3989
		20160		2.016e-11		393.617		25.4395		-15.1177		10.3218		46.5748
		20220		2.022e-11		395.218		25.5429		-15.2212		10.3218		46.7659
		20280		2.028e-11		396.259		25.6102		-15.2883		10.3218		47.0108
		20340		2.034e-11		400.598		25.8906		-15.5689		10.3218		47.3248
		20400		2.04e-11		404.048		26.1136		-15.7918		10.3218		47.623
		20460		2.046e-11		393.38		25.4242		-15.1023		10.3218		47.8519
		20520		2.052e-11		403.906		26.1045		-15.7828		10.3217		47.9833
		20580		2.058e-11		419.425		27.1074		-16.7857		10.3217		48.1465
		20640		2.064e-11		401.662		25.9594		-15.6377		10.3217		48.4045
		20700		2.07e-11		398.04		25.7253		-15.4036		10.3217		48.6759
		20760		2.076e-11		398.089		25.7285		-15.4069		10.3216		48.7969
		20820		2.082e-11		384.752		24.8665		-14.5447		10.3218		48.8256
		20880		2.088e-11		405.728		26.2222		-15.9006		10.3216		48.9347
		20940		2.094e-11		388.442		25.105		-14.7832		10.3218		49.0287
		21000		2.1e-11		404.091		26.1164		-15.7947		10.3217		49.0343
		21060		2.106e-11		394.563		25.5006		-15.1789		10.3217		49.1864
		21120		2.112e-11		393.759		25.4486		-15.127		10.3216		49.5634
		21180		2.118e-11		397.738		25.7058		-15.3841		10.3217		49.8727
		21240		2.124e-11		403.907		26.1045		-15.7827		10.3217		50.0207
		21300		2.13e-11		384.344		24.8402		-14.5183		10.3219		50.1428
		21360		2.136e-11		389.375		25.1653		-14.8435		10.3218		50.3282
		21420		2.142e-11		389.013		25.1419		-14.8202		10.3217		50.5248
		21480		2.148e-11		402.79		26.0323		-15.7107		10.3216		50.5933
		21540		2.154e-11		406.726		26.2867		-15.9649		10.3218		50.5925
		21600		2.16e-11		406.353		26.2626		-15.941		10.3216		50.6847
		21660		2.166e-11		404.12		26.1183		-15.7965		10.3218		50.9932
		21720		2.172e-11		400.722		25.8987		-15.577		10.3217		51.3396
		21780		2.178e-11		417.762		27		-16.6784		10.3216		51.5859
		21840		2.184e-11		395.876		25.5855		-15.2637		10.3218		51.7509
		21900		2.19e-11		390.868		25.2618		-14.94		10.3218		51.8367
		21960		2.196e-11		399.104		25.7941		-15.4725		10.3216		51.8109
		22020		2.202e-11		390.432		25.2336		-14.912		10.3217		51.6847
		22080		2.208e-11		388.568		25.1131		-14.7914		10.3217		51.5726
		22140		2.214e-11		391.99		25.3343		-15.0126		10.3217		51.5151
		22200		2.22e-11		397.895		25.716		-15.3942		10.3218		51.5594
		22260		2.226e-11		396.411		25.62		-15.2984		10.3216		51.6757
		22320		2.232e-11		385.424		24.91		-14.5882		10.3218		51.6852
		22380		2.238e-11		405.068		26.1796		-15.8578		10.3218		51.5285
		22440		2.244e-11		409.812		26.4862		-16.1646		10.3216		51.278
		22500		2.25e-11		383.999		24.8178		-14.4961		10.3217		51.101
		22560		2.256e-11		417.96		27.0128		-16.6912		10.3216		51.0962
		22620		2.262e-11		413.069		26.6967		-16.375		10.3216		51.1806
		22680		2.268e-11		406.082		26.2451		-15.9233		10.3218		51.2767
		22740		2.274e-11		422.163		27.2844		-16.9628		10.3217		51.4532
		22800		2.28e-11		407.045		26.3073		-15.9855		10.3218		51.6844
		22860		2.286e-11		404.133		26.1191		-15.7973		10.3218		51.8187
		22920		2.292e-11		405.709		26.221		-15.8993		10.3217		51.8988
		22980		2.298e-11		402.847		26.036		-15.7144		10.3216		52.0618
		23040		2.304e-11		395.884		25.586		-15.2642		10.3218		52.3485
		23100		2.31e-11		389.719		25.1876		-14.8658		10.3218		52.5773
		23160		2.316e-11		390.273		25.2233		-14.9015		10.3219		52.6655
		23220		2.322e-11		404.126		26.1186		-15.7968		10.3218		52.7249
		23280		2.328e-11		389.391		25.1663		-14.8446		10.3218		52.8009
		23340		2.334e-11		400.805		25.9041		-15.5824		10.3216		52.9238
		23400		2.34e-11		400.947		25.9132		-15.5915		10.3217		53.0713
		23460		2.346e-11		401.684		25.9608		-15.639		10.3218		53.2589
		23520		2.352e-11		400.766		25.9015		-15.5798		10.3217		53.4644
		23580		2.358e-11		379.532		24.5292		-14.2075		10.3217		53.6943
		23640		2.364e-11		409.395		26.4592		-16.1376		10.3216		53.9176
		23700		2.37e-11		421.339		27.2312		-16.9095		10.3217		54.0824
		23760		2.376e-11		403.276		26.0637		-15.7419		10.3218		54.1604
		23820		2.382e-11		390.768		25.2554		-14.9335		10.3218		54.3762
		23880		2.388e-11		406.86		26.2953		-15.9736		10.3218		54.7032
		23940		2.394e-11		412.929		26.6876		-16.3659		10.3216		55.0201
		24000		2.4e-11		394.558		25.5003		-15.1785		10.3218		55.2774
		24060		2.406e-11		407.089		26.3101		-15.9885		10.3217		55.5267
		24120		2.412e-11		383.061		24.7572		-14.4353		10.3219		55.8126
		24180		2.418e-11		393.544		25.4348		-15.1129		10.3219		56.0711
		24240		2.424e-11		391.256		25.2869		-14.9651		10.3218		56.3108
		24300		2.43e-11		380.836		24.6134		-14.2917		10.3218		56.4503
		24360		2.436e-11		404.444		26.1392		-15.8177		10.3216		56.4942
		24420		2.442e-11		400.562		25.8884		-15.5667		10.3217		56.457
		24480		2.448e-11		398.002		25.7228		-15.4011		10.3217		56.3698
		24540		2.454e-11		402.16		25.9916		-15.6699		10.3217		56.4864
		24600		2.46e-11		402.82		26.0343		-15.7125		10.3218		56.7202
		24660		2.466e-11		392.873		25.3914		-15.0695		10.3218		56.8904
		24720		2.472e-11		396.574		25.6306		-15.3088		10.3217		57.0045
		24780		2.478e-11		402.892		26.0389		-15.7171		10.3218		57.0659
		24840		2.484e-11		401.076		25.9215		-15.5998		10.3217		57.1625
		24900		2.49e-11		386.5		24.9795		-14.6576		10.3219		57.2898
		24960		2.496e-11		401.048		25.9198		-15.598		10.3217		57.4961
		25020		2.502e-11		411.597		26.6015		-16.2799		10.3216		57.8329
		25080		2.508e-11		396.218		25.6075		-15.2858		10.3218		58.2021
		25140		2.514e-11		410.284		26.5166		-16.195		10.3217		58.506
		25200		2.52e-11		408.657		26.4115		-16.0898		10.3216		58.7501
		25260		2.526e-11		397.516		25.6915		-15.3698		10.3217		58.9306
		25320		2.532e-11		388.188		25.0886		-14.7668		10.3218		59.017
		25380		2.538e-11		390.109		25.2127		-14.8909		10.3218		59.0589
		25440		2.544e-11		407.867		26.3604		-16.0387		10.3217		59.2076
		25500		2.55e-11		401.198		25.9294		-15.6077		10.3217		59.4772
		25560		2.556e-11		394.977		25.5274		-15.2056		10.3218		59.63
		25620		2.562e-11		418.806		27.0674		-16.7458		10.3217		59.6643
		25680		2.568e-11		409.729		26.4808		-16.159		10.3218		59.6906
		25740		2.574e-11		392.531		25.3693		-15.0475		10.3218		59.6588
		25800		2.58e-11		396.857		25.6488		-15.3272		10.3217		59.595
		25860		2.586e-11		397.227		25.6728		-15.3511		10.3217		59.7078
		25920		2.592e-11		385.23		24.8974		-14.5757		10.3217		60.0325
		25980		2.598e-11		390.327		25.2268		-14.905		10.3218		60.3436
		26040		2.604e-11		397.81		25.7104		-15.3886		10.3218		60.5302
		26100		2.61e-11		396.714		25.6396		-15.3179		10.3217		60.6637
		26160		2.616e-11		380.908		24.6181		-14.2963		10.3218		60.7702
		26220		2.622e-11		382.585		24.7265		-14.4046		10.3219		60.8979
		26280		2.628e-11		402.36		26.0045		-15.6828		10.3218		61.0783
		26340		2.634e-11		400.898		25.91		-15.5884		10.3216		61.3216
		26400		2.64e-11		390.648		25.2476		-14.9258		10.3217		61.5306
		26460		2.646e-11		417.679		26.9946		-16.673		10.3216		61.6771
		26520		2.652e-11		384.222		24.8323		-14.5104		10.3219		61.8527
		26580		2.658e-11		397.924		25.7178		-15.3961		10.3217		62.0068
		26640		2.664e-11		418.114		27.0227		-16.7012		10.3216		62.1427
		26700		2.67e-11		401.188		25.9288		-15.607		10.3217		62.2457
		26760		2.676e-11		399.334		25.8089		-15.4872		10.3217		62.4109
		26820		2.682e-11		396.258		25.6101		-15.2884		10.3217		62.7174
		26880		2.688e-11		391.311		25.2904		-14.9687		10.3217		63.0454
		26940		2.694e-11		385.926		24.9424		-14.6207		10.3217		63.3522
		27000		2.7e-11		408.585		26.4069		-16.0852		10.3216		63.6853
		27060		2.706e-11		389.891		25.1987		-14.8767		10.3219		64.1109
		27120		2.712e-11		402.587		26.0192		-15.6975		10.3217		64.4602
		27180		2.718e-11		403.051		26.0492		-15.7275		10.3217		64.7839
		27240		2.724e-11		391.3		25.2897		-14.968		10.3218		65.0083
		27300		2.73e-11		413.815		26.7449		-16.4232		10.3217		65.1788
		27360		2.736e-11		405.094		26.1812		-15.8594		10.3218		65.4442
		27420		2.742e-11		416.776		26.9362		-16.6146		10.3216		65.6625
		27480		2.748e-11		391.298		25.2896		-14.9677		10.3218		65.8126
		27540		2.754e-11		409.323		26.4546		-16.1329		10.3217		65.8665
		27600		2.76e-11		389.973		25.204		-14.8823		10.3216		66.015
		27660		2.766e-11		387.621		25.052		-14.7303		10.3217		66.25
		27720		2.772e-11		390.883		25.2628		-14.941		10.3218		66.439
		27780		2.778e-11		390.751		25.2543		-14.9326		10.3217		66.5467
		27840		2.784e-11		388.517		25.1099		-14.7881		10.3218		66.5392
		27900		2.79e-11		422.632		27.3147		-16.993		10.3217		66.4891
		27960		2.796e-11		401.68		25.9606		-15.6387		10.3219		66.4204
		28020		2.802e-11		412.671		26.6709		-16.3492		10.3217		66.4398
		28080		2.808e-11		405.86		26.2307		-15.909		10.3217		66.5939
		28140		2.814e-11		401.594		25.955		-15.6332		10.3218		66.8052
		28200		2.82e-11		413.22		26.7064		-16.3847		10.3217		67.0449
		28260		2.826e-11		400.746		25.9002		-15.5785		10.3217		67.3431
		28320		2.832e-11		390.374		25.2299		-14.9081		10.3217		67.7323
		28380		2.838e-11		410.042		26.501		-16.1793		10.3217		68.0742
		28440		2.844e-11		393.9		25.4578		-15.136		10.3218		68.3345
		28500		2.85e-11		401.872		25.973		-15.6513		10.3217		68.4597
		28560		2.856e-11		399.022		25.7888		-15.4671		10.3217		68.4582
		28620		2.862e-11		396.646		25.6352		-15.3135		10.3217		68.5066
		28680		2.868e-11		398.315		25.7431		-15.4213		10.3218		68.7173
		28740		2.874e-11		405.125		26.1833		-15.8615		10.3218		69.0362
		28800		2.88e-11		397.547		25.6934		-15.3718		10.3217		69.2358
		28860		2.886e-11		389.212		25.1547		-14.833		10.3217		69.3737
		28920		2.892e-11		395.964		25.5912		-15.2695		10.3216		69.5402
		28980		2.898e-11		394.764		25.5136		-15.1919		10.3217		69.6098
		29040		2.904e-11		385.582		24.9202		-14.5984		10.3218		69.6395
		29100		2.91e-11		395.299		25.5482		-15.2264		10.3218		69.8373
		29160		2.916e-11		389.994		25.2053		-14.8835		10.3217		70.1485
		29220		2.922e-11		396.373		25.6176		-15.296		10.3216		70.3577
		29280		2.928e-11		384.593		24.8563		-14.5346		10.3217		70.5241
		29340		2.934e-11		389.506		25.1737		-14.852		10.3218		70.6968
		29400		2.94e-11		392.997		25.3994		-15.0777		10.3217		70.8541
		29460		2.946e-11		383.17		24.7643		-14.4426		10.3217		71.0771
		29520		2.952e-11		392.086		25.3405		-15.0189		10.3216		71.36
		29580		2.958e-11		395.124		25.5369		-15.2152		10.3217		71.7923
		29640		2.964e-11		389.54		25.1759		-14.8542		10.3217		72.2464
		29700		2.97e-11		392.37		25.3589		-15.0372		10.3217		72.479
		29760		2.976e-11		409.294		26.4526		-16.1309		10.3217		72.6499
		29820		2.982e-11		403.155		26.0559		-15.7342		10.3217		72.737
		29880		2.988e-11		391.479		25.3013		-14.9796		10.3217		72.724
		29940		2.994e-11		384.31		24.838		-14.5163		10.3217		72.6766
		30000		3e-11		379.527		24.5288		-14.2071		10.3217		72.7087
		30060		3.006e-11		406.257		26.2564		-15.9348		10.3216		72.7969
		30120		3.012e-11		402.862		26.037		-15.7153		10.3217		72.81
		30180		3.018e-11		388.049		25.0796		-14.7578		10.3217		72.7759
		30240		3.024e-11		392.811		25.3874		-15.0657		10.3217		72.7931
		30300		3.03e-11		385.435		24.9107		-14.5889		10.3218		72.9305
		30360		3.036e-11		399.079		25.7925		-15.4708		10.3217		73.1584
		30420		3.042e-11		386.825		25.0005		-14.6787		10.3218		73.35
		30480		3.048e-11		390.342		25.2278		-14.906		10.3218		73.518
		30540		3.054e-11		393.775		25.4497		-15.1279		10.3217		73.6655
		30600		3.06e-11		401.752		25.9652		-15.6435		10.3217		73.8215
		30660		3.066e-11		403.375		26.0702		-15.7485		10.3217		73.8973
		30720		3.072e-11		397.963		25.7203		-15.3985		10.3218		73.9281
		30780		3.078e-11		429.767		27.7758		-17.4542		10.3216		74.1063
		30840		3.084e-11		407.81		26.3568		-16.035		10.3217		74.4561
		30900		3.09e-11		412.939		26.6882		-16.3666		10.3216		74.8558
		30960		3.096e-11		384.758		24.8669		-14.5451		10.3218		75.2876
		31020		3.102e-11		396.6		25.6322		-15.3105		10.3217		75.6219
		31080		3.108e-11		388.703		25.1219		-14.8		10.3219		75.7795
		31140		3.114e-11		395.586		25.5667		-15.2449		10.3218		75.7547
		31200		3.12e-11		399.603		25.8263		-15.5047		10.3216		75.7429
		31260		3.126e-11		391.022		25.2718		-14.9501		10.3217		75.9751
		31320		3.132e-11		399.222		25.8017		-15.48		10.3217		76.3822
		31380		3.138e-11		410.754		26.547		-16.2253		10.3217		76.715
		31440		3.144e-11		415.369		26.8453		-16.5236		10.3217		76.8967
		31500		3.15e-11		408.945		26.4301		-16.1083		10.3218		76.8756
		31560		3.156e-11		392.109		25.342		-15.0201		10.3218		76.8244
		31620		3.162e-11		411.667		26.606		-16.2843		10.3217		76.937
		31680		3.168e-11		401.045		25.9195		-15.5978		10.3218		76.966
		31740		3.174e-11		418.525		27.0493		-16.7276		10.3217		76.9656
		31800		3.18e-11		422.364		27.2974		-16.9757		10.3217		77.0951
		31860		3.186e-11		413.182		26.704		-16.3822		10.3218		77.2848
		31920		3.192e-11		406.921		26.2993		-15.9776		10.3218		77.5351
		31980		3.198e-11		402.735		26.0288		-15.707		10.3218		77.8504
		32040		3.204e-11		418.299		27.0346		-16.713		10.3216		78.1447
		32100		3.21e-11		389.509		25.174		-14.8522		10.3218		78.3029
		32160		3.216e-11		393		25.3996		-15.0778		10.3218		78.2422
		32220		3.222e-11		405.285		26.1936		-15.8719		10.3217		78.2875
		32280		3.228e-11		387.031		25.0138		-14.6921		10.3217		78.4506
		32340		3.234e-11		395.573		25.5659		-15.2441		10.3217		78.6528
		32400		3.24e-11		387.272		25.0294		-14.7076		10.3218		78.8566
		32460		3.246e-11		394.844		25.5188		-15.1971		10.3216		79.019
		32520		3.252e-11		390.245		25.2215		-14.8997		10.3218		79.1637
		32580		3.258e-11		409.404		26.4598		-16.1381		10.3217		79.1972
		32640		3.264e-11		383.454		24.7826		-14.4607		10.3219		79.2876
		32700		3.27e-11		414.428		26.7845		-16.463		10.3215		79.3606
		32760		3.276e-11		387.281		25.03		-14.7082		10.3218		79.3503
		32820		3.282e-11		403.887		26.1032		-15.7816		10.3217		79.3165
		32880		3.288e-11		405.219		26.1893		-15.8676		10.3217		79.2571
		32940		3.294e-11		397.8		25.7098		-15.388		10.3217		79.3065
		33000		3.3e-11		401.059		25.9204		-15.5987		10.3217		79.4653
		33060		3.306e-11		393.31		25.4196		-15.0978		10.3219		79.6196
		33120		3.312e-11		400.735		25.8995		-15.5778		10.3217		79.7959
		33180		3.318e-11		399.779		25.8377		-15.5161		10.3216		80.0735
		33240		3.324e-11		397.846		25.7128		-15.3911		10.3217		80.4122
		33300		3.33e-11		400.208		25.8655		-15.5437		10.3217		80.7236
		33360		3.336e-11		401.209		25.9301		-15.6085		10.3216		80.8619
		33420		3.342e-11		383.899		24.8114		-14.4896		10.3217		80.8992
		33480		3.348e-11		404.131		26.119		-15.7972		10.3218		81.1321
		33540		3.354e-11		398.997		25.7872		-15.4654		10.3218		81.4437
		33600		3.36e-11		387.298		25.031		-14.7094		10.3216		81.7222
		33660		3.366e-11		409.337		26.4554		-16.1338		10.3217		81.9489
		33720		3.372e-11		402.494		26.0132		-15.6914		10.3218		82.0962
		33780		3.378e-11		399.346		25.8097		-15.488		10.3217		82.1735
		33840		3.384e-11		396.382		25.6182		-15.2964		10.3218		82.2175
		33900		3.39e-11		403.696		26.0909		-15.7692		10.3217		82.2077
		33960		3.396e-11		408.242		26.3847		-16.0629		10.3217		82.2881
		34020		3.402e-11		393.315		25.42		-15.0981		10.3219		82.5504
		34080		3.408e-11		403.248		26.0619		-15.7402		10.3218		82.763
		34140		3.414e-11		411.851		26.6179		-16.2961		10.3218		82.8419
		34200		3.42e-11		394.651		25.5063		-15.1845		10.3218		82.9959
		34260		3.426e-11		394.465		25.4943		-15.1726		10.3217		83.244
		34320		3.432e-11		403.883		26.1029		-15.7813		10.3217		83.4758
		34380		3.438e-11		408.371		26.393		-16.0713		10.3217		83.5095
		34440		3.444e-11		410.746		26.5465		-16.2248		10.3217		83.4054
		34500		3.45e-11		389.054		25.1446		-14.8228		10.3218		83.3959
		34560		3.456e-11		391.576		25.3075		-14.9859		10.3217		83.5579
		34620		3.462e-11		406.135		26.2485		-15.9268		10.3218		83.9227
		34680		3.468e-11		401.86		25.9722		-15.6505		10.3217		84.4545
		34740		3.474e-11		380.371		24.5834		-14.2617		10.3217		84.7968
		34800		3.48e-11		398.208		25.7362		-15.4146		10.3216		85.0097
		34860		3.486e-11		400.282		25.8703		-15.5486		10.3217		85.2075
		34920		3.492e-11		390.219		25.2198		-14.898		10.3218		85.2601
		34980		3.498e-11		404.544		26.1457		-15.824		10.3217		85.2243
		35040		3.504e-11		413.873		26.7486		-16.4269		10.3217		85.2603
		35100		3.51e-11		384.374		24.8421		-14.5202		10.3219		85.4116
		35160		3.516e-11		396.793		25.6447		-15.323		10.3217		85.6255
		35220		3.522e-11		391.499		25.3026		-14.9807		10.3219		85.8834
		35280		3.528e-11		402.498		26.0135		-15.6918		10.3217		86.0296
		35340		3.534e-11		394.023		25.4657		-15.1439		10.3218		85.965
		35400		3.54e-11		398.082		25.728		-15.4063		10.3218		85.8686
		35460		3.546e-11		392.572		25.3719		-15.0502		10.3217		85.8802
		35520		3.552e-11		400.222		25.8663		-15.5446		10.3217		85.9535
		35580		3.558e-11		412.07		26.6321		-16.3104		10.3217		85.9261
		35640		3.564e-11		400.429		25.8798		-15.558		10.3218		85.8794
		35700		3.57e-11		415.084		26.8269		-16.5052		10.3217		85.9949
		35760		3.576e-11		400.11		25.8591		-15.5372		10.3219		86.3702
		35820		3.582e-11		405.555		26.211		-15.8893		10.3217		86.9157
		35880		3.588e-11		383.097		24.7595		-14.4377		10.3218		87.3288
		35940		3.594e-11		393.239		25.415		-15.0931		10.3219		87.4156
		36000		3.6e-11		399.161		25.7978		-15.4759		10.3219		87.4177
		36060		3.606e-11		402.231		25.9962		-15.6744		10.3218		87.5816
		36120		3.612e-11		398.118		25.7304		-15.4086		10.3218		87.879
		36180		3.618e-11		389.728		25.1881		-14.8663		10.3218		88.2675
		36240		3.624e-11		409.087		26.4393		-16.1176		10.3217		88.6293
		36300		3.63e-11		397.507		25.6909		-15.3691		10.3218		88.9052
		36360		3.636e-11		391.469		25.3006		-14.9789		10.3218		89.0433
		36420		3.642e-11		400.883		25.9091		-15.5872		10.3218		89.1615
		36480		3.648e-11		422.373		27.298		-16.9763		10.3217		89.3604
		36540		3.654e-11		405.544		26.2103		-15.8885		10.3218		89.5587
		36600		3.66e-11		391.408		25.2967		-14.9749		10.3218		89.7092
		36660		3.666e-11		407.156		26.3145		-15.9928		10.3217		89.7624
		36720		3.672e-11		411.77		26.6127		-16.291		10.3217		89.8703
		36780		3.678e-11		395.819		25.5818		-15.26		10.3218		90.09
		36840		3.684e-11		398.091		25.7286		-15.4069		10.3217		90.4
		36900		3.69e-11		410.378		26.5227		-16.201		10.3217		90.5949
		36960		3.696e-11		403.292		26.0648		-15.7431		10.3216		90.6257
		37020		3.702e-11		406.641		26.2812		-15.9595		10.3217		90.5955
		37080		3.708e-11		403.407		26.0722		-15.7505		10.3217		90.6237
		37140		3.714e-11		390.821		25.2587		-14.937		10.3218		90.8046
		37200		3.72e-11		407.653		26.3466		-16.0249		10.3217		91.0536
		37260		3.726e-11		413.023		26.6936		-16.372		10.3216		91.1525
		37320		3.732e-11		411.835		26.6169		-16.2952		10.3217		91.1504
		37380		3.738e-11		398.969		25.7853		-15.4637		10.3217		91.218
		37440		3.744e-11		408.528		26.4031		-16.0815		10.3217		91.3339
		37500		3.75e-11		394.968		25.5268		-15.2049		10.3218		91.5252
		37560		3.756e-11		406.198		26.2526		-15.9308		10.3218		91.7419
		37620		3.762e-11		404.166		26.1212		-15.7995		10.3218		91.9504
		37680		3.768e-11		406.801		26.2915		-15.9699		10.3216		92.2042
		37740		3.774e-11		396.568		25.6302		-15.3083		10.3219		92.351
		37800		3.78e-11		409.729		26.4808		-16.1591		10.3217		92.4554
		37860		3.786e-11		413.472		26.7227		-16.4011		10.3217		92.6865
		37920		3.792e-11		402.594		26.0196		-15.6978		10.3218		93.1165
		37980		3.798e-11		396.895		25.6513		-15.3296		10.3218		93.4884
		38040		3.804e-11		408.529		26.4032		-16.0816		10.3216		93.595
		38100		3.81e-11		413.457		26.7217		-16.4001		10.3216		93.5314
		38160		3.816e-11		385.291		24.9014		-14.5795		10.3218		93.411
		38220		3.822e-11		394.927		25.5241		-15.2024		10.3217		93.3707
		38280		3.828e-11		407.144		26.3137		-15.992		10.3217		93.5682
		38340		3.834e-11		403.55		26.0815		-15.7597		10.3217		93.8289
		38400		3.84e-11		405.621		26.2153		-15.8935		10.3218		94.022
		38460		3.846e-11		408.728		26.4161		-16.0944		10.3217		94.1067
		38520		3.852e-11		402.64		26.0226		-15.701		10.3217		94.1941
		38580		3.858e-11		412.157		26.6377		-16.3161		10.3216		94.3628
		38640		3.864e-11		402.75		26.0297		-15.708		10.3217		94.4379
		38700		3.87e-11		390.516		25.2391		-14.9174		10.3217		94.5443
		38760		3.876e-11		388.901		25.1347		-14.813		10.3216		94.8037
		38820		3.882e-11		386.762		24.9965		-14.6747		10.3218		95.0744
		38880		3.888e-11		384.191		24.8303		-14.5084		10.3219		95.2796
		38940		3.894e-11		413.824		26.7455		-16.4238		10.3217		95.5324
		39000		3.9e-11		387.569		25.0486		-14.7267		10.3219		95.7202
		39060		3.906e-11		413.218		26.7063		-16.3846		10.3217		95.7483
		39120		3.912e-11		417.716		26.997		-16.6754		10.3216		95.7569
		39180		3.918e-11		382.843		24.7431		-14.4214		10.3217		95.702
		39240		3.924e-11		391.812		25.3228		-15.001		10.3218		95.5789
		39300		3.93e-11		430.27		27.8083		-17.4867		10.3216		95.5411
		39360		3.936e-11		402.896		26.0392		-15.7175		10.3217		95.7399
		39420		3.942e-11		390.276		25.2236		-14.9018		10.3218		96.1052
		39480		3.948e-11		390.086		25.2112		-14.8894		10.3218		96.4203
		39540		3.954e-11		400.731		25.8992		-15.5775		10.3217		96.6153
		39600		3.96e-11		392.923		25.3946		-15.0729		10.3217		96.6568
		39660		3.966e-11		395.286		25.5473		-15.2256		10.3217		96.6701
		39720		3.972e-11		397.173		25.6693		-15.3475		10.3217		96.663
		39780		3.978e-11		385.753		24.9312		-14.6094		10.3218		96.6708
		39840		3.984e-11		402.168		25.9921		-15.6704		10.3217		96.7336
		39900		3.99e-11		389.793		25.1923		-14.8704		10.3219		96.8985
		39960		3.996e-11		413.494		26.7241		-16.4024		10.3217		97.1796
		40020		4.002e-11		411.325		26.5839		-16.2622		10.3217		97.4919
		40080		4.008e-11		399.374		25.8115		-15.4898		10.3217		97.7408
		40140		4.014e-11		390.784		25.2564		-14.9345		10.3219		97.9845
		40200		4.02e-11		413.029		26.6941		-16.3724		10.3217		98.0062
		40260		4.026e-11		401.195		25.9292		-15.6075		10.3217		97.9644
		40320		4.032e-11		392.201		25.348		-15.0261		10.3218		97.9712
		40380		4.038e-11		410.067		26.5026		-16.1809		10.3217		98.0877
		40440		4.044e-11		406.567		26.2764		-15.9546		10.3218		98.3028
		40500		4.05e-11		399.701		25.8327		-15.511		10.3217		98.4492
		40560		4.056e-11		422.292		27.2927		-16.9712		10.3215		98.6063
		40620		4.062e-11		387.957		25.0737		-14.7518		10.3219		98.8074
		40680		4.068e-11		394.767		25.5138		-15.1921		10.3217		98.9696
		40740		4.074e-11		386.101		24.9537		-14.632		10.3217		99.0609
		40800		4.08e-11		400.27		25.8694		-15.5478		10.3217		99.1769
		40860		4.086e-11		403.411		26.0725		-15.7508		10.3217		99.3491
		40920		4.092e-11		384.778		24.8682		-14.5463		10.3219		99.5543
		40980		4.098e-11		388.757		25.1254		-14.8035		10.3218		99.7907
		41040		4.104e-11		411.576		26.6001		-16.2785		10.3216		100.122
		41100		4.11e-11		393.888		25.457		-15.1352		10.3218		100.381
		41160		4.116e-11		407.83		26.358		-16.0363		10.3217		100.538
		41220		4.122e-11		411.786		26.6138		-16.292		10.3218		100.629
		41280		4.128e-11		416.098		26.8924		-16.5706		10.3217		100.715
		41340		4.134e-11		388.148		25.086		-14.7641		10.3219		100.951
		41400		4.14e-11		408.966		26.4315		-16.1098		10.3217		101.361
		41460		4.146e-11		397.65		25.7001		-15.3782		10.3219		101.723
		41520		4.152e-11		405.551		26.2108		-15.889		10.3217		101.813
		41580		4.158e-11		394.118		25.4719		-15.1499		10.3219		101.853
		41640		4.164e-11		396.205		25.6067		-15.2849		10.3218		102.011
		41700		4.17e-11		398.226		25.7374		-15.4157		10.3217		102.255
		41760		4.176e-11		405.209		26.1887		-15.8669		10.3217		102.431
		41820		4.182e-11		412.824		26.6808		-16.359		10.3218		102.493
		41880		4.188e-11		400.698		25.8971		-15.5753		10.3218		102.503
		41940		4.194e-11		395.887		25.5862		-15.2644		10.3218		102.529
		42000		4.2e-11		403.032		26.048		-15.7262		10.3217		102.578
		42060		4.206e-11		396.006		25.5939		-15.2721		10.3218		102.633
		42120		4.212e-11		393.889		25.4571		-15.1353		10.3218		102.846
		42180		4.218e-11		403.483		26.0771		-15.7553		10.3217		103.009
		42240		4.224e-11		391.357		25.2934		-14.9716		10.3218		103.164
		42300		4.23e-11		401.054		25.9201		-15.5984		10.3217		103.529
		42360		4.236e-11		401.828		25.9702		-15.6484		10.3218		104.05
		42420		4.242e-11		402.359		26.0045		-15.6827		10.3218		104.495
		42480		4.248e-11		405.736		26.2227		-15.9009		10.3218		104.763
		42540		4.254e-11		404.923		26.1702		-15.8485		10.3217		104.943
		42600		4.26e-11		392.261		25.3518		-15.0302		10.3216		105.081
		42660		4.266e-11		398.666		25.7658		-15.444		10.3218		105.112
		42720		4.272e-11		401.294		25.9356		-15.6137		10.3219		105.182
		42780		4.278e-11		400.564		25.8884		-15.5667		10.3217		105.433
		42840		4.284e-11		402.231		25.9962		-15.6745		10.3217		105.829
		42900		4.29e-11		413.77		26.7419		-16.4203		10.3217		106.254
		42960		4.296e-11		398.383		25.7475		-15.4258		10.3217		106.497
		43020		4.302e-11		394.464		25.4942		-15.1725		10.3217		106.644
		43080		4.308e-11		400.593		25.8903		-15.5687		10.3217		106.646
		43140		4.314e-11		408.193		26.3815		-16.0598		10.3217		106.663
		43200		4.32e-11		401.01		25.9172		-15.5954		10.3218		106.842
		43260		4.326e-11		389.614		25.1808		-14.8589		10.3219		106.936
		43320		4.332e-11		408.965		26.4314		-16.1098		10.3216		106.924
		43380		4.338e-11		381.619		24.664		-14.3423		10.3218		107.003
		43440		4.344e-11		403.212		26.0596		-15.738		10.3216		107.097
		43500		4.35e-11		394.853		25.5193		-15.1976		10.3217		107.186
		43560		4.356e-11		399.713		25.8334		-15.5117		10.3217		107.305
		43620		4.362e-11		399.75		25.8359		-15.5141		10.3217		107.356
		43680		4.368e-11		404.663		26.1534		-15.8317		10.3217		107.492
		43740		4.374e-11		418.834		27.0692		-16.7475		10.3218		107.666
		43800		4.38e-11		409.433		26.4616		-16.1399		10.3218		107.796
		43860		4.386e-11		397.41		25.6846		-15.3628		10.3218		108.146
		43920		4.392e-11		404.307		26.1304		-15.8087		10.3217		108.548
		43980		4.398e-11		403.276		26.0637		-15.742		10.3218		108.963
		44040		4.404e-11		394.701		25.5095		-15.1878		10.3217		109.115
		44100		4.41e-11		391.696		25.3153		-14.9936		10.3217		108.981
		44160		4.416e-11		401.286		25.9351		-15.6134		10.3217		108.895
		44220		4.422e-11		399.991		25.8514		-15.5296		10.3218		108.99
		44280		4.428e-11		409.682		26.4777		-16.1561		10.3217		109.264
		44340		4.434e-11		400.331		25.8734		-15.5515		10.3219		109.492
		44400		4.44e-11		401.284		25.935		-15.6132		10.3218		109.391
		44460		4.446e-11		389.361		25.1644		-14.8427		10.3217		109.327
		44520		4.452e-11		391.374		25.2945		-14.9726		10.3219		109.352
		44580		4.458e-11		410.79		26.5494		-16.2276		10.3217		109.329
		44640		4.464e-11		390.542		25.2407		-14.919		10.3217		109.438
		44700		4.47e-11		395.454		25.5582		-15.2365		10.3217		109.672
		44760		4.476e-11		399.31		25.8074		-15.4856		10.3218		109.922
		44820		4.482e-11		399.707		25.833		-15.5112		10.3219		110.142
		44880		4.488e-11		402.983		26.0448		-15.723		10.3218		110.207
		44940		4.494e-11		395.173		25.5401		-15.2182		10.3218		110.26
		45000		4.5e-11		401.878		25.9733		-15.6516		10.3217		110.253
		45060		4.506e-11		401.943		25.9776		-15.6558		10.3218		110.211
		45120		4.512e-11		423.416		27.3654		-17.0436		10.3217		110.222
		45180		4.518e-11		414.157		26.767		-16.4452		10.3217		110.297
		45240		4.524e-11		393.003		25.3998		-15.0781		10.3217		110.529
		45300		4.53e-11		387.077		25.0168		-14.695		10.3218		110.867
		45360		4.536e-11		397.133		25.6667		-15.345		10.3217		111.14
		45420		4.542e-11		403.342		26.068		-15.7463		10.3217		111.344
		45480		4.548e-11		403.916		26.1051		-15.7834		10.3217		111.591
		45540		4.554e-11		382.406		24.7149		-14.3929		10.3219		111.738
		45600		4.56e-11		416.611		26.9255		-16.6039		10.3216		111.918
		45660		4.566e-11		408.114		26.3764		-16.0548		10.3217		111.975
		45720		4.572e-11		422.485		27.3052		-16.9837		10.3216		112.11
		45780		4.578e-11		402.786		26.032		-15.7103		10.3217		112.235
		45840		4.584e-11		409.243		26.4493		-16.1277		10.3216		112.285
		45900		4.59e-11		407.432		26.3323		-16.0107		10.3216		112.417
		45960		4.596e-11		394.665		25.5072		-15.1854		10.3218		112.622
		46020		4.602e-11		419.8		27.1317		-16.81		10.3216		112.775
		46080		4.608e-11		408.584		26.4068		-16.085		10.3218		113.048
		46140		4.614e-11		411.982		26.6264		-16.3047		10.3217		113.4
		46200		4.62e-11		394.748		25.5125		-15.1908		10.3218		113.726
		46260		4.626e-11		404.104		26.1172		-15.7955		10.3217		113.904
		46320		4.632e-11		405.236		26.1904		-15.8687		10.3217		113.926
		46380		4.638e-11		412.323		26.6485		-16.3269		10.3216		113.998
		46440		4.644e-11		392.198		25.3478		-15.026		10.3218		114.066
		46500		4.65e-11		425.738		27.5154		-17.1938		10.3217		114.269
		46560		4.656e-11		407.468		26.3347		-16.0128		10.3219		114.496
		46620		4.662e-11		413.141		26.7013		-16.3797		10.3216		114.635
		46680		4.668e-11		401.091		25.9225		-15.6008		10.3217		114.722
		46740		4.674e-11		408.921		26.4286		-16.1068		10.3218		114.79
		46800		4.68e-11		399.461		25.8172		-15.4954		10.3218		114.853
		46860		4.686e-11		391.574		25.3074		-14.9855		10.3219		114.901
		46920		4.692e-11		403.791		26.097		-15.7754		10.3216		114.815
		46980		4.698e-11		387.159		25.0221		-14.7004		10.3217		114.853
		47040		4.704e-11		406.516		26.2731		-15.9514		10.3217		115.217
		47100		4.71e-11		408.594		26.4074		-16.0857		10.3217		115.604
		47160		4.716e-11		399.049		25.7905		-15.4689		10.3216		115.7
		47220		4.722e-11		394.514		25.4974		-15.1757		10.3217		115.585
		47280		4.728e-11		399.462		25.8172		-15.4954		10.3218		115.404
		47340		4.734e-11		390.138		25.2146		-14.8927		10.3219		115.325
		47400		4.74e-11		407.081		26.3096		-15.988		10.3216		115.254
		47460		4.746e-11		380.633		24.6003		-14.2785		10.3218		115.211
		47520		4.752e-11		399.039		25.7899		-15.4682		10.3217		115.329
		47580		4.758e-11		396.272		25.611		-15.2893		10.3218		115.657
		47640		4.764e-11		391.288		25.2889		-14.9672		10.3218		116.067
		47700		4.77e-11		392.085		25.3404		-15.0187		10.3218		116.398
		47760		4.776e-11		408.778		26.4193		-16.0976		10.3217		116.585
		47820		4.782e-11		402.875		26.0378		-15.716		10.3218		116.755
		47880		4.788e-11		399.449		25.8164		-15.4947		10.3217		116.933
		47940		4.794e-11		402.722		26.0279		-15.7063		10.3216		117.088
		48000		4.8e-11		400.864		25.9079		-15.5862		10.3217		117.312
		48060		4.806e-11		400.224		25.8665		-15.5448		10.3217		117.488
		48120		4.812e-11		389.169		25.152		-14.8302		10.3218		117.581
		48180		4.818e-11		408.243		26.3847		-16.0631		10.3217		117.642
		48240		4.824e-11		398.915		25.7818		-15.4601		10.3217		117.812
		48300		4.83e-11		401.792		25.9678		-15.6461		10.3217		117.903
		48360		4.836e-11		411.08		26.5681		-16.2464		10.3217		117.971
		48420		4.842e-11		410.134		26.507		-16.1852		10.3217		118.169
		48480		4.848e-11		408.316		26.3895		-16.0678		10.3217		118.427
		48540		4.854e-11		388.728		25.1235		-14.8017		10.3218		118.705
		48600		4.86e-11		408.44		26.3975		-16.0757		10.3217		118.775
		48660		4.866e-11		407.217		26.3185		-15.9967		10.3218		118.701
		48720		4.872e-11		407.384		26.3292		-16.0075		10.3218		118.745
		48780		4.878e-11		389.867		25.1971		-14.8752		10.3219		118.879
		48840		4.884e-11		397.563		25.6945		-15.3727		10.3218		119.077
		48900		4.89e-11		397.434		25.6862		-15.3645		10.3217		119.43
		48960		4.896e-11		399.18		25.799		-15.4772		10.3218		119.818
		49020		4.902e-11		421.798		27.2608		-16.9392		10.3216		120.092
		49080		4.908e-11		387.566		25.0484		-14.7267		10.3217		120.344
		49140		4.914e-11		399.198		25.8002		-15.4785		10.3217		120.5
		49200		4.92e-11		402.803		26.0332		-15.7114		10.3217		120.583
		49260		4.926e-11		397.963		25.7204		-15.3986		10.3217		120.707
		49320		4.932e-11		402.636		26.0224		-15.7007		10.3216		120.676
		49380		4.938e-11		383.963		24.8155		-14.4937		10.3218		120.729
		49440		4.944e-11		406.133		26.2484		-15.9267		10.3216		121.11
		49500		4.95e-11		383.047		24.7563		-14.4345		10.3218		121.534
		49560		4.956e-11		388.873		25.1328		-14.8111		10.3217		121.87
		49620		4.962e-11		397.17		25.6691		-15.3473		10.3218		122.252
		49680		4.968e-11		411.136		26.5717		-16.2499		10.3218		122.788
		49740		4.974e-11		402.456		26.0107		-15.6888		10.3219		123.259
		49800		4.98e-11		399.217		25.8014		-15.4797		10.3217		123.571
		49860		4.986e-11		388.925		25.1362		-14.8145		10.3217		123.818
		49920		4.992e-11		399.825		25.8407		-15.519		10.3217		124.058
		49980		4.998e-11		392.832		25.3887		-15.067		10.3217		124.374
		50040		5.004e-11		373.938		24.1676		-13.8458		10.3218		124.571
		50100		5.01e-11		391.262		25.2873		-14.9656		10.3217		124.623
		50160		5.016e-11		387.427		25.0394		-14.7177		10.3217		124.827
		50220		5.022e-11		399.628		25.828		-15.5062		10.3218		125.064
		50280		5.028e-11		387.488		25.0433		-14.7216		10.3218		125.262
		50340		5.034e-11		401.603		25.9556		-15.634		10.3216		125.338
		50400		5.04e-11		389.668		25.1843		-14.8624		10.3218		125.258
		50460		5.046e-11		398.097		25.729		-15.4073		10.3217		125.214
		50520		5.052e-11		405.023		26.1766		-15.8549		10.3217		125.279
		50580		5.058e-11		416.967		26.9485		-16.6269		10.3217		125.495
		50640		5.064e-11		410.342		26.5204		-16.1986		10.3217		125.817
		50700		5.07e-11		401.722		25.9633		-15.6415		10.3218		126.005
		50760		5.076e-11		406.101		26.2463		-15.9247		10.3215		126.145
		50820		5.082e-11		400.081		25.8572		-15.5356		10.3217		126.314
		50880		5.088e-11		404.633		26.1514		-15.8297		10.3217		126.362
		50940		5.094e-11		393.946		25.4607		-15.1389		10.3218		126.443
		51000		5.1e-11		411.497		26.595		-16.2734		10.3216		126.658
		51060		5.106e-11		409.203		26.4468		-16.1251		10.3217		126.812
		51120		5.112e-11		404.281		26.1287		-15.807		10.3217		126.909
		51180		5.118e-11		394.253		25.4805		-15.1588		10.3218		126.984
		51240		5.124e-11		416.814		26.9387		-16.617		10.3217		127.199
		51300		5.13e-11		401.07		25.9212		-15.5994		10.3218		127.536
		51360		5.136e-11		387.743		25.0598		-14.738		10.3218		127.897
		51420		5.142e-11		417.046		26.9537		-16.6322		10.3215		128.249
		51480		5.148e-11		384.933		24.8782		-14.5565		10.3218		128.621
		51540		5.154e-11		408.494		26.401		-16.0794		10.3216		128.847
		51600		5.16e-11		393.974		25.4626		-15.1408		10.3218		128.753
		51660		5.166e-11		405.595		26.2136		-15.8919		10.3217		128.606
		51720		5.172e-11		397.857		25.7135		-15.3918		10.3217		128.77
		51780		5.178e-11		382.09		24.6945		-14.3727		10.3217		129.153
		51840		5.184e-11		391.934		25.3307		-15.009		10.3218		129.463
		51900		5.19e-11		408.034		26.3712		-16.0495		10.3217		129.779
		51960		5.196e-11		405.826		26.2286		-15.9069		10.3216		130.055
		52020		5.202e-11		392.182		25.3467		-15.0249		10.3218		130.312
		52080		5.208e-11		407.563		26.3408		-16.019		10.3218		130.506
		52140		5.214e-11		402.15		25.9909		-15.6692		10.3217		130.532
		52200		5.22e-11		401.179		25.9282		-15.6066		10.3216		130.667
		52260		5.226e-11		396.283		25.6118		-15.29		10.3218		130.849
		52320		5.232e-11		399.675		25.831		-15.5093		10.3217		130.893
		52380		5.238e-11		388.689		25.121		-14.7991		10.3218		130.985
		52440		5.244e-11		410.674		26.5419		-16.2202		10.3216		131.033
		52500		5.25e-11		377.847		24.4203		-14.0984		10.3218		130.954
		52560		5.256e-11		394.636		25.5053		-15.1837		10.3216		130.948
		52620		5.262e-11		382.289		24.7074		-14.3854		10.3219		131.305
		52680		5.268e-11		417.172		26.9618		-16.6402		10.3216		131.995
		52740		5.274e-11		393.347		25.422		-15.1002		10.3218		132.624
		52800		5.28e-11		408.241		26.3846		-16.0629		10.3217		133.096
		52860		5.286e-11		391.715		25.3165		-14.9947		10.3218		133.263
		52920		5.292e-11		414.826		26.8102		-16.4887		10.3216		133.19
		52980		5.298e-11		393.027		25.4013		-15.0795		10.3218		133.193
		53040		5.304e-11		400.211		25.8657		-15.544		10.3217		133.294
		53100		5.31e-11		403.822		26.099		-15.7774		10.3216		133.425
		53160		5.316e-11		388.598		25.1151		-14.7932		10.3219		133.611
		53220		5.322e-11		418.133		27.0239		-16.7023		10.3216		133.837
		53280		5.328e-11		390.639		25.247		-14.9252		10.3218		134.164
		53340		5.334e-11		399.731		25.8346		-15.5129		10.3218		134.47
		53400		5.34e-11		394.963		25.5264		-15.2047		10.3217		134.568
		53460		5.346e-11		407.663		26.3473		-16.0256		10.3217		134.576
		53520		5.352e-11		402.042		25.984		-15.6622		10.3218		134.71
		53580		5.358e-11		415.204		26.8346		-16.5129		10.3217		135.006
		53640		5.364e-11		400.145		25.8614		-15.5396		10.3217		135.242
		53700		5.37e-11		397.264		25.6752		-15.3535		10.3217		135.422
		53760		5.376e-11		398.551		25.7583		-15.4367		10.3216		135.528
		53820		5.382e-11		371.36		24.001		-13.6792		10.3218		135.566
		53880		5.388e-11		386.952		25.0087		-14.6869		10.3218		135.678
		53940		5.394e-11		403.448		26.0748		-15.7532		10.3217		135.811
		54000		5.4e-11		387.446		25.0406		-14.7188		10.3218		136.027
		54060		5.406e-11		401.453		25.9459		-15.6242		10.3218		135.988
		54120		5.412e-11		392.318		25.3555		-15.0337		10.3218		135.858
		54180		5.418e-11		408.71		26.4149		-16.0934		10.3215		135.839
		54240		5.424e-11		390.374		25.2299		-14.9081		10.3217		135.937
		54300		5.43e-11		404.524		26.1444		-15.8227		10.3217		136.238
		54360		5.436e-11		407.192		26.3168		-15.9952		10.3217		136.556
		54420		5.442e-11		399.625		25.8278		-15.5059		10.3218		136.702
		54480		5.448e-11		419.176		27.0913		-16.7697		10.3217		136.724
		54540		5.454e-11		403.556		26.0818		-15.76		10.3218		136.63
		54600		5.46e-11		404.452		26.1397		-15.8181		10.3217		136.6
		54660		5.466e-11		407.355		26.3274		-16.0056		10.3217		136.878
		54720		5.472e-11		407.242		26.3201		-15.9983		10.3217		137.204
		54780		5.478e-11		395.224		25.5433		-15.2215		10.3218		137.705
		54840		5.484e-11		402.009		25.9819		-15.6602		10.3217		138.22
		54900		5.49e-11		391.926		25.3302		-15.0085		10.3216		138.382
		54960		5.496e-11		399.559		25.8235		-15.5018		10.3217		138.328
		55020		5.502e-11		400.71		25.8979		-15.576		10.3218		138.197
		55080		5.508e-11		397.111		25.6653		-15.3436		10.3217		138.228
		55140		5.514e-11		402.976		26.0443		-15.7227		10.3216		138.519
		55200		5.52e-11		394.903		25.5226		-15.2009		10.3217		138.903
		55260		5.526e-11		400.297		25.8712		-15.5496		10.3216		139.273
		55320		5.532e-11		392.751		25.3835		-15.0618		10.3217		139.566
		55380		5.538e-11		398.196		25.7354		-15.4137		10.3217		139.74
		55440		5.544e-11		403.667		26.089		-15.7672		10.3218		139.803
		55500		5.55e-11		395.318		25.5494		-15.2277		10.3217		139.9
		55560		5.556e-11		399.853		25.8425		-15.5209		10.3216		139.852
		55620		5.562e-11		396.705		25.639		-15.3173		10.3217		139.72
		55680		5.568e-11		400.909		25.9108		-15.5891		10.3217		139.719
		55740		5.574e-11		405.481		26.2062		-15.8845		10.3218		139.85
		55800		5.58e-11		404.503		26.143		-15.8212		10.3218		140.07
		55860		5.586e-11		403.83		26.0995		-15.7778		10.3217		140.21
		55920		5.592e-11		399.326		25.8084		-15.4867		10.3217		140.208
		55980		5.598e-11		403.864		26.1018		-15.78		10.3217		140.34
		56040		5.604e-11		398.53		25.757		-15.4351		10.3219		140.541
		56100		5.61e-11		418.291		27.0341		-16.7125		10.3216		140.914
		56160		5.616e-11		390.571		25.2426		-14.9208		10.3218		141.408
		56220		5.622e-11		410.244		26.5141		-16.1924		10.3217		141.632
		56280		5.628e-11		393.322		25.4204		-15.0986		10.3219		141.663
		56340		5.634e-11		396.604		25.6325		-15.3108		10.3218		141.695
		56400		5.64e-11		391.676		25.314		-14.9924		10.3217		141.793
		56460		5.646e-11		392.73		25.3821		-15.0605		10.3217		141.903
		56520		5.652e-11		397.372		25.6821		-15.3604		10.3217		141.904
		56580		5.658e-11		394.527		25.4983		-15.1765		10.3218		142.012
		56640		5.664e-11		406.595		26.2782		-15.9565		10.3217		142.35
		56700		5.67e-11		390.396		25.2313		-14.9096		10.3217		142.697
		56760		5.676e-11		393.563		25.4359		-15.1142		10.3217		142.952
		56820		5.682e-11		398.339		25.7446		-15.423		10.3216		143.186
		56880		5.688e-11		416.192		26.8985		-16.5769		10.3216		143.345
		56940		5.694e-11		404.773		26.1605		-15.8386		10.3218		143.467
		57000		5.7e-11		400.71		25.8979		-15.5761		10.3218		143.474
		57060		5.706e-11		404.276		26.1284		-15.8067		10.3217		143.361
		57120		5.712e-11		407.277		26.3223		-16.0007		10.3216		143.228
		57180		5.718e-11		396.131		25.6019		-15.2801		10.3218		143.19
		57240		5.724e-11		402.634		26.0222		-15.7004		10.3218		143.119
		57300		5.73e-11		415.569		26.8582		-16.5366		10.3216		143.265
		57360		5.736e-11		380.272		24.577		-14.2552		10.3218		143.793
		57420		5.742e-11		389.693		25.1858		-14.8642		10.3216		144.253
		57480		5.748e-11		406.341		26.2618		-15.9402		10.3216		144.382
		57540		5.754e-11		391.694		25.3152		-14.9933		10.3219		144.423
		57600		5.76e-11		403.45		26.075		-15.7533		10.3217		144.616
		57660		5.766e-11		401.627		25.9571		-15.6355		10.3217		144.988
		57720		5.772e-11		401.953		25.9782		-15.6565		10.3217		145.228
		57780		5.778e-11		391.775		25.3204		-14.9987		10.3218		145.314
		57840		5.784e-11		403.833		26.0997		-15.778		10.3217		145.411
		57900		5.79e-11		407.03		26.3063		-15.9846		10.3217		145.564
		57960		5.796e-11		397.405		25.6843		-15.3626		10.3217		145.794
		58020		5.802e-11		401.623		25.9569		-15.6352		10.3217		146.132
		58080		5.808e-11		397.13		25.6665		-15.3447		10.3218		146.413
		58140		5.814e-11		392.406		25.3612		-15.0394		10.3218		146.665
		58200		5.82e-11		392.446		25.3638		-15.0421		10.3217		146.842
		58260		5.826e-11		401.296		25.9357		-15.614		10.3217		146.977
		58320		5.832e-11		399.303		25.8069		-15.4852		10.3218		147.233
		58380		5.838e-11		404.459		26.1402		-15.8185		10.3217		147.392
		58440		5.844e-11		398.597		25.7613		-15.4396		10.3217		147.572
		58500		5.85e-11		394.047		25.4672		-15.1456		10.3217		147.841
		58560		5.856e-11		394.679		25.5081		-15.1863		10.3217		148.113
		58620		5.862e-11		415.1		26.8279		-16.5062		10.3217		148.251
		58680		5.868e-11		388.772		25.1263		-14.8045		10.3218		148.19
		58740		5.874e-11		409.601		26.4725		-16.1509		10.3216		148.201
		58800		5.88e-11		409.416		26.4605		-16.1388		10.3217		148.394
		58860		5.886e-11		402.264		25.9983		-15.6766		10.3217		148.773
		58920		5.892e-11		384.818		24.8708		-14.5491		10.3217		149.168
		58980		5.898e-11		381.685		24.6683		-14.3465		10.3218		149.291
		59040		5.904e-11		403.961		26.108		-15.7863		10.3217		149.267
		59100		5.91e-11		406.136		26.2486		-15.9269		10.3217		149.172
		59160		5.916e-11		402.448		26.0102		-15.6885		10.3217		149.019
		59220		5.922e-11		419.75		27.1285		-16.8068		10.3216		148.757
		59280		5.928e-11		404.278		26.1285		-15.8067		10.3217		148.59
		59340		5.934e-11		407.143		26.3136		-15.9919		10.3218		148.743
		59400		5.94e-11		409.184		26.4456		-16.1238		10.3218		149.15
		59460		5.946e-11		401.029		25.9185		-15.5967		10.3218		149.414
		59520		5.952e-11		408.083		26.3744		-16.0527		10.3217		149.539
		59580		5.958e-11		395.203		25.542		-15.2202		10.3217		149.801
		59640		5.964e-11		394.497		25.4963		-15.1746		10.3218		150.399
		59700		5.97e-11		400.09		25.8578		-15.5361		10.3217		150.923
		59760		5.976e-11		403.026		26.0475		-15.7259		10.3217		151.122
		59820		5.982e-11		393.708		25.4453		-15.1236		10.3217		151.195
		59880		5.988e-11		378.281		24.4483		-14.1266		10.3218		151.371
		59940		5.994e-11		390.384		25.2305		-14.9089		10.3216		151.968
