		timesteps		t		Temperature		Kin		Pot		TotalE		MSD
		0		0		625.364		40.4172		-43.9281		-3.5109		0.00743876
		60		6e-14		402.71		26.0271		-29.538		-3.51084		0.12369
		120		1.2e-13		271.064		17.5189		-21.0298		-3.51089		0.299347
		180		1.8e-13		307.578		19.8788		-23.3896		-3.51082		0.401972
		240		2.4e-13		307.036		19.8438		-23.3546		-3.5108		0.474187
		300		3e-13		321.235		20.7614		-24.2723		-3.51092		0.521026
		360		3.6e-13		309.679		20.0145		-23.5253		-3.51076		0.552824
		420		4.2e-13		324.176		20.9515		-24.4624		-3.51084		0.566922
		480		4.8e-13		320.117		20.6892		-24.2		-3.51084		0.579171
		540		5.4e-13		312.926		20.2244		-23.7352		-3.5108		0.587428
		600		6e-13		325.242		21.0204		-24.5312		-3.51085		0.584449
		660		6.6e-13		327.343		21.1562		-24.667		-3.51079		0.577637
		720		7.2e-13		330.745		21.3761		-24.8868		-3.51075		0.569228
		780		7.8e-13		331.942		21.4534		-24.9642		-3.5108		0.563465
		840		8.4e-13		324.387		20.9652		-24.4759		-3.51079		0.562252
		900		9e-13		321.68		20.7902		-24.301		-3.51076		0.559869
		960		9.6e-13		327.589		21.1721		-24.6828		-3.51074		0.552092
		1020		1.02e-12		338.354		21.8678		-25.3786		-3.51081		0.546428
		1080		1.08e-12		330.987		21.3917		-24.9025		-3.51086		0.551956
		1140		1.14e-12		320.968		20.7441		-24.2549		-3.51079		0.560099
		1200		1.2e-12		317.408		20.5141		-24.0249		-3.5108		0.562108
		1260		1.26e-12		327.515		21.1673		-24.6781		-3.51086		0.55446
		1320		1.32e-12		331.354		21.4154		-24.9262		-3.51081		0.545537
		1380		1.38e-12		326.742		21.1173		-24.6281		-3.51074		0.53921
		1440		1.44e-12		343.955		22.2298		-25.7407		-3.51086		0.531357
		1500		1.5e-12		330.09		21.3337		-24.8445		-3.51077		0.53385
		1560		1.56e-12		322.701		20.8561		-24.3669		-3.51079		0.542238
		1620		1.62e-12		327.82		21.187		-24.6978		-3.51079		0.548095
		1680		1.68e-12		327.92		21.1934		-24.7042		-3.51081		0.55546
		1740		1.74e-12		317.266		20.5049		-24.0156		-3.51074		0.563475
		1800		1.8e-12		329.3		21.2827		-24.7935		-3.51084		0.562417
		1860		1.86e-12		328.838		21.2528		-24.7636		-3.5108		0.56067
		1920		1.92e-12		335.429		21.6788		-25.1896		-3.51082		0.559852
		1980		1.98e-12		316.146		20.4325		-23.9433		-3.51072		0.565693
		2040		2.04e-12		324.575		20.9772		-24.4881		-3.51085		0.565726
		2100		2.1e-12		322.893		20.8686		-24.3794		-3.51075		0.561524
		2160		2.16e-12		324.496		20.9722		-24.483		-3.51082		0.554026
		2220		2.22e-12		334.661		21.6291		-25.1399		-3.51082		0.542848
		2280		2.28e-12		330.902		21.3862		-24.897		-3.51082		0.538695
		2340		2.34e-12		321.048		20.7493		-24.2601		-3.51081		0.536419
		2400		2.4e-12		327.276		21.1518		-24.6626		-3.5108		0.526902
		2460		2.46e-12		328.881		21.2556		-24.7664		-3.51085		0.517396
		2520		2.52e-12		322.897		20.8688		-24.3796		-3.5108		0.508259
		2580		2.58e-12		334.497		21.6186		-25.1294		-3.51082		0.495812
		2640		2.64e-12		337.292		21.7992		-25.31		-3.51079		0.489947
		2700		2.7e-12		332.606		21.4963		-25.0072		-3.51081		0.492034
		2760		2.76e-12		324.902		20.9984		-24.5093		-3.51083		0.49659
		2820		2.82e-12		321.447		20.7751		-24.2859		-3.51076		0.494763
		2880		2.88e-12		331.97		21.4552		-24.9661		-3.51087		0.487635
		2940		2.94e-12		319.658		20.6595		-24.1703		-3.51078		0.479579
		3000		3e-12		333.347		21.5442		-25.055		-3.51082		0.460906
		3060		3.06e-12		350.008		22.621		-26.1319		-3.51087		0.444141
		3120		3.12e-12		341.603		22.0778		-25.5886		-3.51086		0.442001
		3180		3.18e-12		329.805		21.3153		-24.8261		-3.51079		0.446956
		3240		3.24e-12		338.391		21.8702		-25.3811		-3.51084		0.451131
		3300		3.3e-12		326.898		21.1274		-24.6382		-3.51079		0.459253
		3360		3.36e-12		338.314		21.8653		-25.3761		-3.51086		0.46129
		3420		3.42e-12		335.648		21.693		-25.2038		-3.51081		0.463185
		3480		3.48e-12		334.734		21.6339		-25.1448		-3.51088		0.467285
		3540		3.54e-12		328.632		21.2395		-24.7503		-3.51082		0.470829
		3600		3.6e-12		333.077		21.5268		-25.0377		-3.51094		0.468345
		3660		3.66e-12		326.962		21.1316		-24.6424		-3.51083		0.460966
		3720		3.72e-12		343.214		22.1819		-25.6928		-3.51084		0.446864
		3780		3.78e-12		339.29		21.9283		-25.4391		-3.51076		0.43984
		3840		3.84e-12		339.401		21.9355		-25.4463		-3.51086		0.438576
		3900		3.9e-12		333.2		21.5347		-25.0455		-3.51077		0.438049
		3960		3.96e-12		336.942		21.7766		-25.2874		-3.51078		0.438044
		4020		4.02e-12		329.509		21.2961		-24.8069		-3.51078		0.443306
		4080		4.08e-12		336.632		21.7566		-25.2674		-3.51081		0.448673
		4140		4.14e-12		339.214		21.9234		-25.4342		-3.51084		0.460601
		4200		4.2e-12		326.229		21.0842		-24.595		-3.51077		0.480861
		4260		4.26e-12		327.545		21.1692		-24.6801		-3.51085		0.497969
		4320		4.32e-12		328.95		21.26		-24.7709		-3.51085		0.509458
		4380		4.38e-12		325.53		21.039		-24.5499		-3.51084		0.518264
		4440		4.44e-12		328.236		21.2139		-24.7248		-3.51084		0.52478
		4500		4.5e-12		326.798		21.1209		-24.6317		-3.51081		0.530559
		4560		4.56e-12		336.102		21.7223		-25.2331		-3.51088		0.536399
		4620		4.62e-12		320.048		20.6847		-24.1955		-3.51078		0.547366
		4680		4.68e-12		333.531		21.5561		-25.0669		-3.51084		0.552708
		4740		4.74e-12		328.653		21.2408		-24.7516		-3.51079		0.562324
		4800		4.8e-12		327.062		21.138		-24.6489		-3.51085		0.575431
		4860		4.86e-12		317.218		20.5018		-24.0126		-3.51079		0.588624
		4920		4.92e-12		310.301		20.0548		-23.5655		-3.51072		0.595976
		4980		4.98e-12		335.972		21.7139		-25.2247		-3.51082		0.594823
		5040		5.04e-12		323.616		20.9153		-24.4261		-3.51078		0.604866
		5100		5.1e-12		316.882		20.4801		-23.9908		-3.51075		0.61661
		5160		5.16e-12		320.59		20.7197		-24.2305		-3.51079		0.624055
		5220		5.22e-12		314.734		20.3413		-23.852		-3.51076		0.629912
		5280		5.28e-12		318.14		20.5614		-24.0722		-3.51078		0.631407
		5340		5.34e-12		332.255		21.4736		-24.9845		-3.51084		0.631291
		5400		5.4e-12		322.254		20.8273		-24.338		-3.51076		0.639781
		5460		5.46e-12		320.743		20.7296		-24.2404		-3.51081		0.650582
		5520		5.52e-12		322.929		20.8709		-24.3817		-3.51082		0.656515
		5580		5.58e-12		319.238		20.6323		-24.1431		-3.51076		0.65654
		5640		5.64e-12		325.841		21.0591		-24.5699		-3.51082		0.65557
		5700		5.7e-12		328.183		21.2105		-24.7214		-3.51088		0.655287
		5760		5.76e-12		319.849		20.6719		-24.1827		-3.51082		0.653487
		5820		5.82e-12		311.514		20.1332		-23.6439		-3.51075		0.649558
		5880		5.88e-12		330.727		21.3749		-24.8858		-3.51093		0.64014
		5940		5.94e-12		307.148		19.851		-23.3617		-3.51071		0.631674
		6000		6e-12		330.754		21.3766		-24.8875		-3.51082		0.610732
		6060		6.06e-12		326.355		21.0923		-24.6031		-3.51076		0.596763
		6120		6.12e-12		340.177		21.9856		-25.4964		-3.51082		0.586837
		6180		6.18e-12		338.469		21.8753		-25.386		-3.51073		0.58952
		6240		6.24e-12		340.945		22.0352		-25.546		-3.51077		0.604789
		6300		6.3e-12		325.643		21.0463		-24.5571		-3.51082		0.633047
		6360		6.36e-12		308.586		19.9439		-23.4547		-3.51078		0.657171
		6420		6.42e-12		328.425		21.2261		-24.737		-3.51087		0.661506
		6480		6.48e-12		321.071		20.7508		-24.2616		-3.51077		0.662035
		6540		6.54e-12		327.72		21.1805		-24.6913		-3.51079		0.658365
		6600		6.6e-12		333.025		21.5234		-25.0342		-3.51083		0.658353
		6660		6.66e-12		316.589		20.4612		-23.9719		-3.51075		0.669104
		6720		6.72e-12		307.162		19.8519		-23.3627		-3.51077		0.67757
		6780		6.78e-12		316.72		20.4696		-23.9804		-3.51082		0.679375
		6840		6.84e-12		325.754		21.0535		-24.5643		-3.51079		0.680538
		6900		6.9e-12		314.792		20.345		-23.8557		-3.51071		0.687858
		6960		6.96e-12		312.971		20.2273		-23.7381		-3.5108		0.690482
		7020		7.02e-12		314.878		20.3506		-23.8614		-3.51082		0.684404
		7080		7.08e-12		313.839		20.2834		-23.7942		-3.51081		0.673999
		7140		7.14e-12		321.33		20.7675		-24.2784		-3.51085		0.658947
		7200		7.2e-12		317.501		20.5201		-24.0308		-3.51075		0.648935
		7260		7.26e-12		322.841		20.8652		-24.376		-3.51077		0.643807
		7320		7.32e-12		332.357		21.4802		-24.991		-3.51081		0.644229
		7380		7.38e-12		318.733		20.5997		-24.1104		-3.51069		0.653565
		7440		7.44e-12		326.462		21.0992		-24.61		-3.51076		0.66083
		7500		7.5e-12		326.209		21.0829		-24.5936		-3.51074		0.671546
		7560		7.56e-12		337.167		21.7911		-25.3019		-3.51078		0.686914
		7620		7.62e-12		321.332		20.7677		-24.2784		-3.51075		0.713264
		7680		7.68e-12		322.525		20.8448		-24.3556		-3.51086		0.736675
		7740		7.74e-12		323.625		20.9159		-24.4267		-3.51081		0.752065
		7800		7.8e-12		317.86		20.5433		-24.0541		-3.51083		0.76527
		7860		7.86e-12		323.568		20.9122		-24.423		-3.5108		0.773835
		7920		7.92e-12		347.687		22.471		-25.9818		-3.51084		0.779552
		7980		7.98e-12		328.343		21.2208		-24.7316		-3.51079		0.79771
		8040		8.04e-12		311.224		20.1144		-23.6252		-3.51075		0.813432
		8100		8.1e-12		330.612		21.3675		-24.8783		-3.51084		0.816239
		8160		8.16e-12		329.582		21.3009		-24.8117		-3.51083		0.820239
		8220		8.22e-12		320.792		20.7328		-24.2435		-3.51073		0.83139
		8280		8.28e-12		330.154		21.3379		-24.8487		-3.51084		0.844004
		8340		8.34e-12		313.752		20.2778		-23.7885		-3.5107		0.85048
		8400		8.4e-12		334.052		21.5898		-25.1006		-3.51085		0.839859
		8460		8.46e-12		320.851		20.7366		-24.2473		-3.51071		0.836218
		8520		8.52e-12		328.314		21.2189		-24.7297		-3.5108		0.841921
		8580		8.58e-12		327.315		21.1544		-24.6652		-3.51078		0.861562
		8640		8.64e-12		319.197		20.6297		-24.1405		-3.51082		0.886033
		8700		8.7e-12		315.396		20.384		-23.8948		-3.51081		0.901849
		8760		8.76e-12		323.648		20.9173		-24.4281		-3.51079		0.908455
		8820		8.82e-12		330.295		21.347		-24.8578		-3.51077		0.924725
		8880		8.88e-12		323.651		20.9175		-24.4284		-3.51085		0.955994
		8940		8.94e-12		314.948		20.3551		-23.8659		-3.51079		0.984924
		9000		9e-12		320.365		20.7052		-24.216		-3.51082		1.00859
		9060		9.06e-12		296.887		19.1878		-22.6985		-3.51073		1.03651
		9120		9.12e-12		297.283		19.2134		-22.7241		-3.51074		1.05816
		9180		9.18e-12		310.555		20.0712		-23.5819		-3.5108		1.07386
		9240		9.24e-12		316.297		20.4423		-23.9531		-3.51082		1.08119
		9300		9.3e-12		308.52		19.9396		-23.4504		-3.51075		1.08269
		9360		9.36e-12		300.384		19.4138		-22.9246		-3.51071		1.08052
		9420		9.42e-12		324.444		20.9688		-24.4797		-3.51091		1.07617
		9480		9.48e-12		312.593		20.2029		-23.7137		-3.51078		1.08463
		9540		9.54e-12		304.277		19.6654		-23.1761		-3.51075		1.09859
		9600		9.6e-12		306.546		19.8121		-23.3228		-3.51078		1.10611
		9660		9.66e-12		306.105		19.7835		-23.2943		-3.51076		1.11397
		9720		9.72e-12		313.054		20.2327		-23.7435		-3.5108		1.12381
		9780		9.78e-12		318.413		20.579		-24.0899		-3.51084		1.13343
		9840		9.84e-12		314.659		20.3364		-23.8472		-3.51079		1.14237
		9900		9.9e-12		301.785		19.5043		-23.0151		-3.51071		1.15065
		9960		9.96e-12		322.848		20.8656		-24.3765		-3.51089		1.14762
		10020		1.002e-11		307.93		19.9015		-23.4123		-3.51078		1.14635
		10080		1.008e-11		324.758		20.9891		-24.5		-3.51092		1.13534
		10140		1.014e-11		311.957		20.1618		-23.6725		-3.51074		1.12764
		10200		1.02e-11		304.792		19.6987		-23.2094		-3.51072		1.12269
		10260		1.026e-11		306.694		19.8216		-23.3324		-3.51075		1.12061
		10320		1.032e-11		326.266		21.0866		-24.5975		-3.5109		1.12435
		10380		1.038e-11		317.36		20.5109		-24.0217		-3.51072		1.13795
		10440		1.044e-11		318.014		20.5532		-24.064		-3.51082		1.15859
		10500		1.05e-11		297.62		19.2352		-22.7459		-3.51075		1.18387
		10560		1.056e-11		315.46		20.3882		-23.899		-3.51086		1.19274
		10620		1.062e-11		321.239		20.7617		-24.2724		-3.51075		1.19195
		10680		1.068e-11		328.593		21.237		-24.7477		-3.51079		1.19268
		10740		1.074e-11		324.759		20.9892		-24.5		-3.51079		1.20438
		10800		1.08e-11		314.408		20.3202		-23.8309		-3.51071		1.22491
		10860		1.086e-11		319.979		20.6802		-24.1911		-3.51084		1.24407
		10920		1.092e-11		310.562		20.0717		-23.5824		-3.51077		1.26414
		10980		1.098e-11		318.449		20.5813		-24.0922		-3.51085		1.27917
		11040		1.104e-11		307.289		19.8601		-23.3708		-3.51075		1.29272
		11100		1.11e-11		315.455		20.3878		-23.8986		-3.51081		1.30943
		11160		1.116e-11		315.584		20.3962		-23.907		-3.5108		1.33605
		11220		1.122e-11		302.409		19.5447		-23.0554		-3.51072		1.3667
		11280		1.128e-11		312.805		20.2166		-23.7274		-3.51082		1.37636
		11340		1.134e-11		310.477		20.0661		-23.5769		-3.51078		1.37988
		11400		1.14e-11		312.385		20.1894		-23.7003		-3.51086		1.38879
		11460		1.146e-11		314.498		20.326		-23.8368		-3.51079		1.39528
		11520		1.152e-11		320.344		20.7038		-24.2146		-3.51078		1.39915
		11580		1.158e-11		316.521		20.4568		-23.9675		-3.51075		1.41115
		11640		1.164e-11		311.681		20.144		-23.6546		-3.51069		1.43456
		11700		1.17e-11		323.045		20.8784		-24.3892		-3.51083		1.46929
		11760		1.176e-11		302.999		19.5828		-23.0936		-3.51072		1.507
		11820		1.182e-11		315.483		20.3897		-23.9005		-3.51082		1.5182
		11880		1.188e-11		322.71		20.8567		-24.3675		-3.51077		1.52337
		11940		1.194e-11		317.99		20.5517		-24.0625		-3.51081		1.54169
		12000		1.2e-11		303.959		19.6448		-23.1556		-3.5108		1.57041
		12060		1.206e-11		313.332		20.2507		-23.7615		-3.51083		1.60036
		12120		1.212e-11		317.476		20.5185		-24.0293		-3.51084		1.64532
		12180		1.218e-11		298.758		19.3087		-22.8195		-3.5108		1.69857
		12240		1.224e-11		295.476		19.0966		-22.6074		-3.5108		1.7299
		12300		1.23e-11		307.493		19.8733		-23.3841		-3.51085		1.7427
		12360		1.236e-11		306.9		19.835		-23.3457		-3.51073		1.75011
		12420		1.242e-11		310.559		20.0714		-23.5823		-3.51082		1.76056
		12480		1.248e-11		307.252		19.8577		-23.3685		-3.51079		1.76441
		12540		1.254e-11		312.75		20.2131		-23.7239		-3.51082		1.75731
		12600		1.26e-11		304.058		19.6513		-23.162		-3.51075		1.7604
		12660		1.266e-11		306.589		19.8148		-23.3256		-3.51079		1.78746
		12720		1.272e-11		301.608		19.4929		-23.0037		-3.51078		1.82709
		12780		1.278e-11		310.113		20.0426		-23.5534		-3.51083		1.86013
		12840		1.284e-11		310.942		20.0962		-23.607		-3.51086		1.88869
		12900		1.29e-11		294.506		19.0339		-22.5447		-3.5108		1.9124
		12960		1.296e-11		297.992		19.2592		-22.77		-3.51082		1.92626
		13020		1.302e-11		302.85		19.5732		-23.084		-3.51078		1.95235
		13080		1.308e-11		301.782		19.5042		-23.0149		-3.51077		1.99783
		13140		1.314e-11		301.497		19.4858		-22.9966		-3.51082		2.04577
		13200		1.32e-11		295.158		19.0761		-22.5868		-3.51076		2.08631
		13260		1.326e-11		308.602		19.9449		-23.4557		-3.5108		2.11071
		13320		1.332e-11		310.033		20.0375		-23.5483		-3.5108		2.12507
		13380		1.338e-11		281.61		18.2005		-21.7112		-3.51077		2.14378
		13440		1.344e-11		287.113		18.5561		-22.067		-3.51085		2.13562
		13500		1.35e-11		292.079		18.8771		-22.3879		-3.5108		2.10125
		13560		1.356e-11		291.994		18.8716		-22.3824		-3.51076		2.06474
		13620		1.362e-11		313.284		20.2475		-23.7584		-3.51087		2.02504
		13680		1.368e-11		306.596		19.8153		-23.3261		-3.51077		2.00414
		13740		1.374e-11		310.449		20.0643		-23.5751		-3.5108		2.0008
		13800		1.38e-11		310.711		20.0812		-23.592		-3.51078		1.99903
		13860		1.386e-11		309.49		20.0023		-23.5132		-3.51085		2.00725
		13920		1.392e-11		299.382		19.3491		-22.8599		-3.51078		2.04974
		13980		1.398e-11		290.686		18.787		-22.2978		-3.51075		2.10158
		14040		1.404e-11		287.704		18.5943		-22.1051		-3.51082		2.13075
		14100		1.41e-11		305.156		19.7223		-23.2331		-3.51085		2.14277
		14160		1.416e-11		312.263		20.1815		-23.6924		-3.51082		2.16572
		14220		1.422e-11		314.383		20.3185		-23.8293		-3.51079		2.20695
		14280		1.428e-11		310.351		20.058		-23.5688		-3.51085		2.24587
		14340		1.434e-11		285.964		18.4818		-21.9925		-3.51072		2.27401
		14400		1.44e-11		296.652		19.1726		-22.6834		-3.51083		2.28411
		14460		1.446e-11		301.419		19.4807		-22.9915		-3.51076		2.29185
		14520		1.452e-11		306.627		19.8173		-23.3281		-3.51078		2.30833
		14580		1.458e-11		307.949		19.9028		-23.4136		-3.51088		2.33787
		14640		1.464e-11		288.577		18.6507		-22.1615		-3.51074		2.35183
		14700		1.47e-11		313.968		20.2917		-23.8027		-3.51092		2.33747
		14760		1.476e-11		318.372		20.5764		-24.0872		-3.51079		2.34215
		14820		1.482e-11		301.055		19.4572		-22.9679		-3.51073		2.38403
		14880		1.488e-11		309.288		19.9893		-23.5001		-3.51081		2.44153
		14940		1.494e-11		317.122		20.4956		-24.0064		-3.51078		2.51131
		15000		1.5e-11		291.962		18.8695		-22.3802		-3.5107		2.6043
		15060		1.506e-11		292.507		18.9047		-22.4156		-3.51086		2.68885
		15120		1.512e-11		296.144		19.1398		-22.6505		-3.51074		2.76252
		15180		1.518e-11		315.788		20.4094		-23.9202		-3.51082		2.8297
		15240		1.524e-11		297.926		19.2549		-22.7656		-3.51072		2.89189
		15300		1.53e-11		302.373		19.5424		-23.0532		-3.5108		2.939
		15360		1.536e-11		303.391		19.6082		-23.119		-3.5108		2.95851
		15420		1.542e-11		295.164		19.0764		-22.5872		-3.51078		2.96965
		15480		1.548e-11		294.018		19.0024		-22.5132		-3.51083		2.99021
		15540		1.554e-11		300.086		19.3946		-22.9053		-3.51077		3.02134
		15600		1.56e-11		298.67		19.303		-22.8139		-3.51084		3.06387
		15660		1.566e-11		284.034		18.3571		-21.8678		-3.51071		3.10825
		15720		1.572e-11		301.021		19.455		-22.9658		-3.51082		3.1442
		15780		1.578e-11		296.645		19.1722		-22.683		-3.51078		3.192
		15840		1.584e-11		290.507		18.7755		-22.2863		-3.51077		3.23574
		15900		1.59e-11		297.058		19.1988		-22.7097		-3.51083		3.26079
		15960		1.596e-11		292.482		18.9031		-22.4139		-3.51081		3.28834
		16020		1.602e-11		279.626		18.0722		-21.583		-3.51078		3.32802
		16080		1.608e-11		289.566		18.7146		-22.2254		-3.51082		3.35261
		16140		1.614e-11		288.274		18.6312		-22.1419		-3.51078		3.36544
		16200		1.62e-11		300.632		19.4299		-22.9407		-3.51083		3.35805
		16260		1.626e-11		287.803		18.6007		-22.1115		-3.51075		3.35482
		16320		1.632e-11		289.688		18.7225		-22.2333		-3.51078		3.38285
		16380		1.638e-11		300.892		19.4466		-22.9575		-3.51086		3.43822
		16440		1.644e-11		292.04		18.8745		-22.3853		-3.51081		3.50077
		16500		1.65e-11		296.197		19.1432		-22.6541		-3.51083		3.55894
		16560		1.656e-11		286.436		18.5123		-22.0231		-3.51079		3.63174
		16620		1.662e-11		289.832		18.7318		-22.2426		-3.51077		3.70384
		16680		1.668e-11		300.782		19.4395		-22.9503		-3.51079		3.76741
		16740		1.674e-11		297.099		19.2015		-22.7123		-3.51078		3.81951
		16800		1.68e-11		285.359		18.4427		-21.9535		-3.51073		3.86682
		16860		1.686e-11		294.552		19.0369		-22.5477		-3.51082		3.92256
		16920		1.692e-11		291.573		18.8444		-22.3552		-3.51084		3.99047
		16980		1.698e-11		289.581		18.7156		-22.2264		-3.5108		4.05321
		17040		1.704e-11		296.355		19.1534		-22.6642		-3.51082		4.11069
		17100		1.71e-11		293.016		18.9376		-22.4484		-3.5108		4.19215
		17160		1.716e-11		288.469		18.6438		-22.1545		-3.51075		4.28746
		17220		1.722e-11		291.47		18.8377		-22.3485		-3.51081		4.37001
		17280		1.728e-11		293.785		18.9874		-22.4982		-3.5108		4.45334
		17340		1.734e-11		288.366		18.6371		-22.1479		-3.51083		4.55127
		17400		1.74e-11		276.302		17.8574		-21.3681		-3.51075		4.64897
		17460		1.746e-11		279.178		18.0433		-21.554		-3.51077		4.73636
		17520		1.752e-11		277.232		17.9175		-21.4283		-3.51076		4.84004
		17580		1.758e-11		292.691		18.9166		-22.4274		-3.51081		4.95918
		17640		1.764e-11		277.859		17.958		-21.4688		-3.51079		5.08344
		17700		1.77e-11		270.635		17.4911		-21.0019		-3.51081		5.17637
		17760		1.776e-11		283.396		18.3159		-21.8266		-3.51077		5.23229
		17820		1.782e-11		290.952		18.8042		-22.315		-3.51078		5.30248
		17880		1.788e-11		280.964		18.1587		-21.6695		-3.51081		5.39968
		17940		1.794e-11		265.379		17.1514		-20.6622		-3.51073		5.49216
		18000		1.8e-11		279.52		18.0654		-21.5763		-3.51088		5.56269
		18060		1.806e-11		283.285		18.3087		-21.8195		-3.51084		5.61639
		18120		1.812e-11		284.051		18.3582		-21.869		-3.51077		5.6889
		18180		1.818e-11		276.885		17.8951		-21.4058		-3.51075		5.78371
		18240		1.824e-11		281.026		18.1627		-21.6735		-3.51082		5.85594
		18300		1.83e-11		273.404		17.6701		-21.1809		-3.51079		5.90115
		18360		1.836e-11		276.801		17.8896		-21.4004		-3.51079		5.95034
		18420		1.842e-11		283.817		18.3431		-21.8538		-3.51078		6.02222
		18480		1.848e-11		281.53		18.1953		-21.706		-3.51079		6.12092
		18540		1.854e-11		277.569		17.9393		-21.4501		-3.51081		6.2307
		18600		1.86e-11		276.554		17.8737		-21.3845		-3.51079		6.3401
		18660		1.866e-11		271.741		17.5626		-21.0734		-3.51074		6.44228
		18720		1.872e-11		272.932		17.6396		-21.1503		-3.51073		6.53573
		18780		1.878e-11		283.951		18.3517		-21.8626		-3.51086		6.59701
		18840		1.884e-11		270.537		17.4848		-20.9956		-3.51077		6.6503
		18900		1.89e-11		275.552		17.8089		-21.3197		-3.51078		6.68809
		18960		1.896e-11		275.381		17.7979		-21.3086		-3.51072		6.72854
		19020		1.902e-11		273.356		17.667		-21.1778		-3.5108		6.78919
		19080		1.908e-11		266.807		17.2438		-20.7545		-3.51076		6.85939
		19140		1.914e-11		285.845		18.4741		-21.985		-3.51082		6.92508
		19200		1.92e-11		276.991		17.902		-21.4127		-3.51073		6.9829
		19260		1.926e-11		277.68		17.9465		-21.4573		-3.51081		7.04542
		19320		1.932e-11		271.383		17.5395		-21.0503		-3.51079		7.12546
		19380		1.938e-11		272.806		17.6314		-21.1423		-3.51081		7.20938
		19440		1.944e-11		282.243		18.2414		-21.7521		-3.51077		7.30532
		19500		1.95e-11		278.948		18.0284		-21.5392		-3.51076		7.42008
		19560		1.956e-11		279.95		18.0931		-21.6039		-3.5108		7.5272
		19620		1.962e-11		270.947		17.5113		-21.022		-3.51071		7.6439
		19680		1.968e-11		277.092		17.9085		-21.4193		-3.51082		7.75671
		19740		1.974e-11		269.707		17.4312		-20.9419		-3.51075		7.83879
		19800		1.98e-11		278.223		17.9816		-21.4924		-3.5108		7.88962
		19860		1.986e-11		286.474		18.5148		-22.0256		-3.5108		7.95311
		19920		1.992e-11		281.359		18.1842		-21.6951		-3.51082		8.03798
		19980		1.998e-11		272.554		17.6152		-21.1259		-3.51077		8.13732
		20040		2.004e-11		282.899		18.2838		-21.7946		-3.51085		8.27526
		20100		2.01e-11		267.697		17.3012		-20.8119		-3.51071		8.41084
		20160		2.016e-11		293.628		18.9771		-22.4881		-3.51092		8.49109
		20220		2.022e-11		284.414		18.3817		-21.8925		-3.51081		8.55887
		20280		2.028e-11		280.041		18.099		-21.6098		-3.5108		8.61732
		20340		2.034e-11		277.585		17.9403		-21.4511		-3.51083		8.67282
		20400		2.04e-11		279.382		18.0564		-21.5673		-3.51084		8.72189
		20460		2.046e-11		274.479		17.7396		-21.2503		-3.51078		8.72669
		20520		2.052e-11		276.267		17.8551		-21.3659		-3.51081		8.70008
		20580		2.058e-11		286.554		18.52		-22.0308		-3.51084		8.70967
		20640		2.064e-11		278.438		17.9954		-21.5062		-3.51074		8.78943
		20700		2.07e-11		277.24		17.918		-21.4288		-3.51083		8.89845
		20760		2.076e-11		277.232		17.9175		-21.4284		-3.51084		8.98411
		20820		2.082e-11		275.55		17.8088		-21.3196		-3.51079		9.07817
		20880		2.088e-11		271.265		17.5318		-21.0426		-3.51075		9.17687
		20940		2.094e-11		279.238		18.0472		-21.558		-3.51085		9.24478
		21000		2.1e-11		277.424		17.9299		-21.4407		-3.51079		9.28211
		21060		2.106e-11		272.68		17.6233		-21.134		-3.51075		9.29384
		21120		2.112e-11		288.666		18.6565		-22.1674		-3.51091		9.3401
		21180		2.118e-11		281.168		18.1719		-21.6826		-3.51072		9.39584
		21240		2.124e-11		283.248		18.3063		-21.8171		-3.51077		9.43193
		21300		2.13e-11		275.77		17.823		-21.3338		-3.51076		9.47495
		21360		2.136e-11		279.021		18.0331		-21.5439		-3.5108		9.55609
		21420		2.142e-11		275.468		17.8035		-21.3143		-3.51077		9.63013
		21480		2.148e-11		286.582		18.5218		-22.0327		-3.51088		9.70704
		21540		2.154e-11		286.342		18.5063		-22.0171		-3.51081		9.79646
		21600		2.16e-11		286.623		18.5245		-22.0353		-3.5108		9.86784
		21660		2.166e-11		273.509		17.6769		-21.1876		-3.51073		9.92463
		21720		2.172e-11		278.134		17.9758		-21.4866		-3.51076		9.99768
		21780		2.178e-11		288.259		18.6302		-22.141		-3.51081		10.0399
		21840		2.184e-11		288.201		18.6264		-22.1372		-3.51078		10.0566
		21900		2.19e-11		275.446		17.8021		-21.3128		-3.5107		10.1116
		21960		2.196e-11		285.26		18.4363		-21.9471		-3.51082		10.176
		22020		2.202e-11		279.803		18.0837		-21.5945		-3.51081		10.2486
		22080		2.208e-11		283.615		18.33		-21.8408		-3.51079		10.3043
		22140		2.214e-11		297.071		19.1997		-22.7106		-3.51086		10.336
		22200		2.22e-11		277.837		17.9566		-21.4674		-3.51078		10.3639
		22260		2.226e-11		275.58		17.8107		-21.3215		-3.51081		10.384
		22320		2.232e-11		286.256		18.5008		-22.0115		-3.5108		10.4556
		22380		2.238e-11		284.827		18.4084		-21.9191		-3.51075		10.5887
		22440		2.244e-11		272.62		17.6194		-21.1302		-3.51081		10.7354
		22500		2.25e-11		279.015		18.0328		-21.5436		-3.5108		10.8184
		22560		2.256e-11		286.546		18.5195		-22.0303		-3.51079		10.8698
		22620		2.262e-11		279.114		18.0392		-21.5499		-3.51076		10.9475
		22680		2.268e-11		285.109		18.4266		-21.9374		-3.51082		11.032
		22740		2.274e-11		278.423		17.9945		-21.5052		-3.51078		11.09
		22800		2.28e-11		281.068		18.1654		-21.6762		-3.51081		11.1404
		22860		2.286e-11		289.96		18.7401		-22.2509		-3.5108		11.188
		22920		2.292e-11		279.883		18.0888		-21.5996		-3.51074		11.2625
		22980		2.298e-11		289.449		18.7071		-22.218		-3.5109		11.3255
		23040		2.304e-11		281.708		18.2068		-21.7176		-3.51079		11.4212
		23100		2.31e-11		272.606		17.6185		-21.1293		-3.51078		11.5536
		23160		2.316e-11		284.864		18.4108		-21.9216		-3.51085		11.6778
		23220		2.322e-11		284.402		18.3809		-21.8916		-3.51075		11.8215
		23280		2.328e-11		289.963		18.7403		-22.2512		-3.51087		11.9752
		23340		2.334e-11		275.499		17.8055		-21.3162		-3.51072		12.1124
		23400		2.34e-11		291.414		18.8341		-22.3449		-3.51081		12.233
		23460		2.346e-11		292.79		18.923		-22.4339		-3.51086		12.3443
		23520		2.352e-11		277.106		17.9094		-21.4202		-3.5108		12.4729
		23580		2.358e-11		276.634		17.8788		-21.3897		-3.51081		12.6271
		23640		2.364e-11		281.031		18.163		-21.6738		-3.51079		12.7858
		23700		2.37e-11		285.694		18.4644		-21.9752		-3.51077		12.9305
		23760		2.376e-11		289.365		18.7017		-22.2125		-3.51082		13.0781
		23820		2.382e-11		273.266		17.6612		-21.1719		-3.5107		13.2283
		23880		2.388e-11		283.859		18.3458		-21.8566		-3.51083		13.3692
		23940		2.394e-11		277.434		17.9305		-21.4413		-3.51074		13.4823
		24000		2.4e-11		275.861		17.8289		-21.3397		-3.51077		13.5753
		24060		2.406e-11		270.239		17.4655		-20.9763		-3.51074		13.6582
		24120		2.412e-11		277.464		17.9325		-21.4432		-3.51073		13.7177
		24180		2.418e-11		283.925		18.3501		-21.8608		-3.51076		13.7897
		24240		2.424e-11		283.237		18.3056		-21.8163		-3.51074		13.8879
		24300		2.43e-11		282.85		18.2806		-21.7914		-3.51078		13.9833
		24360		2.436e-11		275.386		17.7982		-21.309		-3.51077		14.0692
		24420		2.442e-11		281.149		18.1707		-21.6814		-3.51078		14.1671
		24480		2.448e-11		285.301		18.439		-21.9498		-3.51085		14.3003
		24540		2.454e-11		282.492		18.2575		-21.7683		-3.51086		14.4383
		24600		2.46e-11		277.286		17.921		-21.4318		-3.51076		14.5696
		24660		2.466e-11		286.392		18.5095		-22.0203		-3.51081		14.6778
		24720		2.472e-11		285.794		18.4709		-21.9816		-3.51073		14.7617
		24780		2.478e-11		285.937		18.4801		-21.9909		-3.51078		14.8987
		24840		2.484e-11		288.632		18.6543		-22.1651		-3.51084		15.0869
		24900		2.49e-11		278.473		17.9977		-21.5085		-3.51081		15.3162
		24960		2.496e-11		275.951		17.8347		-21.3454		-3.51072		15.5366
		25020		2.502e-11		296.818		19.1834		-22.6942		-3.51081		15.7263
		25080		2.508e-11		280.952		18.1579		-21.6687		-3.51077		15.9304
		25140		2.514e-11		273.343		17.6661		-21.1769		-3.51076		16.1024
		25200		2.52e-11		284.763		18.4042		-21.9151		-3.51085		16.2016
		25260		2.526e-11		281.446		18.1898		-21.7006		-3.51078		16.2576
		25320		2.532e-11		280.638		18.1376		-21.6485		-3.51081		16.2479
		25380		2.538e-11		269.252		17.4018		-20.9125		-3.51078		16.1849
		25440		2.544e-11		282.687		18.2701		-21.7809		-3.51084		16.175
		25500		2.55e-11		282.164		18.2363		-21.7471		-3.51081		16.2407
		25560		2.556e-11		281.96		18.2231		-21.7339		-3.5108		16.3114
		25620		2.562e-11		272.085		17.5848		-21.0956		-3.51076		16.3825
		25680		2.568e-11		277.747		17.9508		-21.4617		-3.5109		16.4429
		25740		2.574e-11		268.634		17.3618		-20.8726		-3.51075		16.4651
		25800		2.58e-11		277.928		17.9625		-21.4733		-3.5108		16.4906
		25860		2.586e-11		277.391		17.9278		-21.4385		-3.51072		16.5462
		25920		2.592e-11		277.493		17.9344		-21.4452		-3.51077		16.5936
		25980		2.598e-11		287.172		18.5599		-22.0707		-3.5108		16.6587
		26040		2.604e-11		293.781		18.9871		-22.4979		-3.51084		16.7538
		26100		2.61e-11		279.682		18.0758		-21.5866		-3.51079		16.8715
		26160		2.616e-11		280.273		18.114		-21.6248		-3.51077		17.0096
		26220		2.622e-11		265.125		17.135		-20.6457		-3.51073		17.1514
		26280		2.628e-11		274.127		17.7168		-21.2277		-3.51086		17.3013
		26340		2.634e-11		279.518		18.0652		-21.576		-3.51081		17.4262
		26400		2.64e-11		280.762		18.1456		-21.6564		-3.51076		17.4884
		26460		2.646e-11		282.083		18.231		-21.7418		-3.51073		17.5615
		26520		2.652e-11		283.023		18.2917		-21.8025		-3.51075		17.6688
		26580		2.658e-11		283.654		18.3325		-21.8434		-3.51084		17.7846
		26640		2.664e-11		270.285		17.4685		-20.9793		-3.51078		17.8884
		26700		2.67e-11		282.652		18.2678		-21.7786		-3.51084		17.9709
		26760		2.676e-11		286.296		18.5033		-22.0141		-3.51085		18.0341
		26820		2.682e-11		279.913		18.0908		-21.6016		-3.51085		18.1198
		26880		2.688e-11		260.077		16.8088		-20.3194		-3.51066		18.2108
		26940		2.694e-11		280.588		18.1344		-21.6452		-3.51078		18.2589
		27000		2.7e-11		278.632		18.008		-21.5188		-3.51078		18.3401
		27060		2.706e-11		275.702		17.8186		-21.3294		-3.51078		18.4403
		27120		2.712e-11		274.433		17.7366		-21.2474		-3.51077		18.523
		27180		2.718e-11		279.012		18.0326		-21.5434		-3.51081		18.5888
		27240		2.724e-11		279.358		18.0549		-21.5658		-3.51084		18.6909
		27300		2.73e-11		280.685		18.1407		-21.6515		-3.51084		18.849
		27360		2.736e-11		276.202		17.8509		-21.3617		-3.51077		18.9848
		27420		2.742e-11		273.351		17.6667		-21.1775		-3.5108		19.0208
		27480		2.748e-11		265.946		17.1881		-20.6988		-3.51072		19.0341
		27540		2.754e-11		288.919		18.6728		-22.1837		-3.51088		19.0839
		27600		2.76e-11		282.385		18.2506		-21.7613		-3.51076		19.1529
		27660		2.766e-11		287.539		18.5836		-22.0944		-3.5108		19.2041
		27720		2.772e-11		284.985		18.4186		-21.9293		-3.51075		19.264
		27780		2.778e-11		277.732		17.9498		-21.4606		-3.51074		19.3133
		27840		2.784e-11		287.681		18.5929		-22.1037		-3.51086		19.3244
		27900		2.79e-11		271.816		17.5675		-21.0782		-3.51076		19.3143
		27960		2.796e-11		268.799		17.3725		-20.8832		-3.51076		19.3107
		28020		2.802e-11		273.104		17.6507		-21.1615		-3.51077		19.3159
		28080		2.808e-11		283.756		18.3391		-21.85		-3.51086		19.3182
		28140		2.814e-11		278.432		17.9951		-21.5058		-3.51079		19.3523
		28200		2.82e-11		287.702		18.5942		-22.105		-3.51084		19.4303
		28260		2.826e-11		282.265		18.2428		-21.7536		-3.5108		19.5186
		28320		2.832e-11		270.197		17.4628		-20.9736		-3.51073		19.6119
		28380		2.838e-11		281.265		18.1781		-21.689		-3.51087		19.7331
		28440		2.844e-11		271.541		17.5497		-21.0604		-3.51072		19.8438
		28500		2.85e-11		290.223		18.7571		-22.2679		-3.51084		19.9115
		28560		2.856e-11		264.993		17.1265		-20.6373		-3.51073		19.9986
		28620		2.862e-11		268.14		17.3299		-20.8408		-3.51087		20.1017
		28680		2.868e-11		267.17		17.2672		-20.7779		-3.51076		20.2185
		28740		2.874e-11		287.563		18.5852		-22.096		-3.51087		20.3175
		28800		2.88e-11		271.236		17.53		-21.0407		-3.51074		20.4069
		28860		2.886e-11		274.944		17.7696		-21.2805		-3.51081		20.4556
		28920		2.892e-11		287.515		18.5821		-22.093		-3.51087		20.4693
		28980		2.898e-11		274.058		17.7124		-21.2231		-3.5107		20.4974
		29040		2.904e-11		278.1		17.9736		-21.4844		-3.51076		20.5223
		29100		2.91e-11		274.876		17.7653		-21.2761		-3.51083		20.5635
		29160		2.916e-11		267.096		17.2624		-20.7732		-3.51078		20.6431
		29220		2.922e-11		276.383		17.8626		-21.3733		-3.51071		20.7104
		29280		2.928e-11		297.537		19.2298		-22.7406		-3.51082		20.7549
		29340		2.934e-11		283.523		18.3241		-21.8348		-3.51074		20.8226
		29400		2.94e-11		278.167		17.9779		-21.4887		-3.51075		20.9341
		29460		2.946e-11		280.603		18.1354		-21.6461		-3.51075		21.0489
		29520		2.952e-11		280.358		18.1195		-21.6303		-3.5108		21.1539
		29580		2.958e-11		278.745		18.0153		-21.5261		-3.51081		21.253
		29640		2.964e-11		270.363		17.4736		-20.9843		-3.51072		21.3454
		29700		2.97e-11		280.605		18.1355		-21.6463		-3.51079		21.4506
		29760		2.976e-11		284.36		18.3782		-21.889		-3.5108		21.5749
		29820		2.982e-11		278.006		17.9675		-21.4783		-3.5108		21.7069
		29880		2.988e-11		280.268		18.1137		-21.6245		-3.51077		21.7888
		29940		2.994e-11		287.689		18.5934		-22.1042		-3.51084		21.8903
		30000		3e-11		280.486		18.1278		-21.6386		-3.5108		22.0537
		30060		3.006e-11		292.745		18.9201		-22.431		-3.51086		22.2604
		30120		3.012e-11		281.179		18.1726		-21.6834		-3.51081		22.4711
		30180		3.018e-11		267.145		17.2656		-20.7763		-3.5107		22.5913
		30240		3.024e-11		283.762		18.3395		-21.8504		-3.51082		22.6281
		30300		3.03e-11		274.233		17.7237		-21.2345		-3.51078		22.6654
		30360		3.036e-11		278.15		17.9769		-21.4877		-3.5108		22.6951
		30420		3.042e-11		291.127		18.8156		-22.3264		-3.51081		22.6983
		30480		3.048e-11		287.778		18.5991		-22.1099		-3.5108		22.6961
		30540		3.054e-11		280.963		18.1587		-21.6695		-3.5108		22.7591
		30600		3.06e-11		287.804		18.6008		-22.1116		-3.51078		22.8702
		30660		3.066e-11		287.456		18.5783		-22.089		-3.51077		22.9994
		30720		3.072e-11		277.726		17.9494		-21.4603		-3.51081		23.0986
		30780		3.078e-11		276.177		17.8493		-21.3601		-3.51082		23.155
		30840		3.084e-11		274.51		17.7416		-21.2524		-3.51082		23.2276
		30900		3.09e-11		284.111		18.3621		-21.873		-3.51084		23.3774
		30960		3.096e-11		291.208		18.8208		-22.3316		-3.5108		23.5664
		31020		3.102e-11		285.452		18.4488		-21.9596		-3.51081		23.687
		31080		3.108e-11		289.793		18.7293		-22.2402		-3.5109		23.704
		31140		3.114e-11		276.048		17.841		-21.3517		-3.51072		23.6777
		31200		3.12e-11		282.72		18.2722		-21.783		-3.51082		23.6823
		31260		3.126e-11		275.533		17.8077		-21.3185		-3.51081		23.7609
		31320		3.132e-11		284.79		18.406		-21.9168		-3.51084		23.9053
		31380		3.138e-11		279.883		18.0888		-21.5996		-3.5108		24.0453
		31440		3.144e-11		285.497		18.4517		-21.9625		-3.51086		24.1173
		31500		3.15e-11		278.383		17.9919		-21.5027		-3.51075		24.1737
		31560		3.156e-11		279.133		18.0404		-21.5511		-3.51076		24.2922
		31620		3.162e-11		291.162		18.8178		-22.3287		-3.51087		24.4019
		31680		3.168e-11		282.28		18.2438		-21.7546		-3.51079		24.4587
		31740		3.174e-11		283.825		18.3436		-21.8544		-3.51075		24.5201
		31800		3.18e-11		289.028		18.6799		-22.1907		-3.51077		24.5937
		31860		3.186e-11		284.816		18.4077		-21.9185		-3.5108		24.6665
		31920		3.192e-11		282.677		18.2694		-21.7801		-3.51076		24.7789
		31980		3.198e-11		284.374		18.3791		-21.8898		-3.51078		24.8891
		32040		3.204e-11		289.71		18.7239		-22.2348		-3.51083		24.9432
		32100		3.21e-11		293.051		18.9399		-22.4507		-3.5108		24.9594
		32160		3.216e-11		278.113		17.9745		-21.4852		-3.51069		24.9541
		32220		3.222e-11		285.065		18.4237		-21.9346		-3.51084		24.9215
		32280		3.228e-11		284.754		18.4037		-21.9144		-3.51075		24.8991
		32340		3.234e-11		289.254		18.6945		-22.2053		-3.51081		24.9536
		32400		3.24e-11		275.215		17.7871		-21.2979		-3.51079		25.108
		32460		3.246e-11		290.51		18.7757		-22.2865		-3.51084		25.2845
		32520		3.252e-11		290.116		18.7502		-22.2609		-3.51072		25.4248
		32580		3.258e-11		299.838		19.3785		-22.8893		-3.51077		25.4946
		32640		3.264e-11		302.608		19.5575		-23.0683		-3.51079		25.5711
		32700		3.27e-11		288.251		18.6296		-22.1405		-3.51083		25.6877
		32760		3.276e-11		285.278		18.4375		-21.9484		-3.51086		25.7871
		32820		3.282e-11		287.411		18.5754		-22.0862		-3.51076		25.8416
		32880		3.288e-11		291.412		18.8339		-22.3447		-3.5108		25.8781
		32940		3.294e-11		281.479		18.192		-21.7028		-3.5108		25.9365
		33000		3.3e-11		274.228		17.7234		-21.2341		-3.51075		26.0094
		33060		3.306e-11		284.683		18.399		-21.9098		-3.5108		26.0784
		33120		3.312e-11		291.559		18.8435		-22.3542		-3.51075		26.1608
		33180		3.318e-11		299.319		19.345		-22.8558		-3.51078		26.3074
		33240		3.324e-11		286.158		18.4944		-22.0051		-3.51077		26.4874
		33300		3.33e-11		281.313		18.1812		-21.692		-3.5108		26.609
		33360		3.336e-11		287.062		18.5528		-22.0637		-3.51084		26.6924
		33420		3.342e-11		281.761		18.2102		-21.721		-3.51081		26.8118
		33480		3.348e-11		269.931		17.4457		-20.9564		-3.51075		26.9484
		33540		3.354e-11		269.626		17.426		-20.9367		-3.51076		27.1034
		33600		3.36e-11		284.584		18.3926		-21.9034		-3.51077		27.2611
		33660		3.366e-11		288.48		18.6445		-22.1553		-3.51081		27.381
		33720		3.372e-11		289.114		18.6854		-22.1962		-3.51083		27.4974
		33780		3.378e-11		282.839		18.2799		-21.7907		-3.5108		27.5931
		33840		3.384e-11		276.147		17.8474		-21.3581		-3.51076		27.6579
		33900		3.39e-11		278.803		18.019		-21.5298		-3.51078		27.7517
		33960		3.396e-11		271.017		17.5158		-21.0265		-3.51073		27.879
		34020		3.402e-11		272.021		17.5807		-21.0914		-3.51076		27.96
		34080		3.408e-11		274.203		17.7217		-21.2325		-3.51081		27.935
		34140		3.414e-11		273.446		17.6728		-21.1837		-3.51085		27.9014
		34200		3.42e-11		271.694		17.5596		-21.0704		-3.51079		27.9434
		34260		3.426e-11		281.706		18.2066		-21.7174		-3.51076		28.0244
		34320		3.432e-11		288.865		18.6693		-22.1801		-3.51082		28.1512
		34380		3.438e-11		274.367		17.7323		-21.2431		-3.51077		28.3009
		34440		3.444e-11		280.501		18.1287		-21.6395		-3.51079		28.4642
		34500		3.45e-11		282.088		18.2313		-21.7421		-3.5108		28.6966
		34560		3.456e-11		268.23		17.3357		-20.8465		-3.51074		28.9462
		34620		3.462e-11		288.171		18.6245		-22.1354		-3.5109		29.1218
		34680		3.468e-11		256.053		16.5487		-20.0593		-3.51063		29.259
		34740		3.474e-11		286.082		18.4895		-22.0004		-3.51091		29.3466
		34800		3.48e-11		279.916		18.091		-21.6017		-3.51077		29.4371
		34860		3.486e-11		280.532		18.1308		-21.6416		-3.5108		29.5722
		34920		3.492e-11		283.855		18.3455		-21.8563		-3.51079		29.7472
		34980		3.498e-11		284.254		18.3713		-21.8821		-3.51079		29.9318
		35040		3.504e-11		296.408		19.1568		-22.6676		-3.51083		30.0674
		35100		3.51e-11		288.714		18.6596		-22.1703		-3.51075		30.162
		35160		3.516e-11		277.772		17.9524		-21.4632		-3.51085		30.3248
		35220		3.522e-11		270.426		17.4776		-20.9885		-3.51084		30.5257
		35280		3.528e-11		277.977		17.9657		-21.4764		-3.51076		30.6782
		35340		3.534e-11		288.548		18.6488		-22.1597		-3.51084		30.7933
		35400		3.54e-11		269.211		17.3991		-20.9098		-3.51074		30.8654
		35460		3.546e-11		285.551		18.4552		-21.966		-3.51081		30.857
		35520		3.552e-11		279.085		18.0372		-21.5479		-3.51069		30.8639
		35580		3.558e-11		292.834		18.9259		-22.4367		-3.51083		30.9701
		35640		3.564e-11		281.13		18.1694		-21.6802		-3.51076		31.1093
		35700		3.57e-11		284.728		18.4019		-21.9128		-3.51084		31.2313
		35760		3.576e-11		275.939		17.834		-21.3447		-3.51077		31.3392
		35820		3.582e-11		271.029		17.5166		-21.0274		-3.51079		31.4982
		35880		3.588e-11		270.844		17.5047		-21.0154		-3.51073		31.6679
		35940		3.594e-11		291.01		18.808		-22.3189		-3.51086		31.7366
		36000		3.6e-11		282.188		18.2378		-21.7485		-3.51076		31.7332
		36060		3.606e-11		283.228		18.305		-21.8158		-3.51079		31.752
		36120		3.612e-11		285.927		18.4795		-21.9903		-3.51084		31.7649
		36180		3.618e-11		280.875		18.153		-21.6637		-3.51077		31.7228
		36240		3.624e-11		283.751		18.3388		-21.8496		-3.51078		31.6468
		36300		3.63e-11		286.881		18.5411		-22.0519		-3.5108		31.6597
		36360		3.636e-11		286.814		18.5368		-22.0476		-3.51083		31.6662
		36420		3.642e-11		281.178		18.1725		-21.6833		-3.51083		31.6902
		36480		3.648e-11		282.737		18.2733		-21.7841		-3.51081		31.7694
		36540		3.654e-11		291.464		18.8373		-22.3481		-3.51081		31.8446
		36600		3.66e-11		282.95		18.2871		-21.7979		-3.51082		31.9135
		36660		3.666e-11		284.114		18.3623		-21.8731		-3.51079		31.9327
		36720		3.672e-11		276.947		17.8991		-21.4099		-3.51077		31.8826
		36780		3.678e-11		279.615		18.0715		-21.5824		-3.51083		31.84
		36840		3.684e-11		283.589		18.3284		-21.8392		-3.51079		31.8749
		36900		3.69e-11		283.568		18.327		-21.8378		-3.51079		31.9518
		36960		3.696e-11		292.188		18.8841		-22.395		-3.51083		31.9167
		37020		3.702e-11		286.848		18.539		-22.0498		-3.51076		31.8131
		37080		3.708e-11		280.039		18.0989		-21.6097		-3.51074		31.8123
		37140		3.714e-11		273.693		17.6888		-21.1995		-3.51079		31.9459
		37200		3.72e-11		275.145		17.7826		-21.2934		-3.5108		32.0698
		37260		3.726e-11		282.998		18.2901		-21.8009		-3.51074		32.1472
		37320		3.732e-11		288.078		18.6185		-22.1293		-3.51075		32.2336
		37380		3.738e-11		296.27		19.1479		-22.6588		-3.51087		32.3122
		37440		3.744e-11		281.262		18.178		-21.6888		-3.51079		32.3785
		37500		3.75e-11		282.933		18.286		-21.7968		-3.51082		32.4476
		37560		3.756e-11		274.003		17.7088		-21.2195		-3.51074		32.5031
		37620		3.762e-11		279.829		18.0853		-21.5961		-3.51078		32.524
		37680		3.768e-11		285.108		18.4265		-21.9373		-3.51079		32.5395
		37740		3.774e-11		271.701		17.56		-21.0707		-3.51073		32.5653
		37800		3.78e-11		278.255		17.9836		-21.4944		-3.51079		32.6308
		37860		3.786e-11		283.92		18.3497		-21.8605		-3.5108		32.7244
		37920		3.792e-11		277.087		17.9081		-21.4189		-3.51076		32.8283
		37980		3.798e-11		275.44		17.8017		-21.3125		-3.51079		32.9272
		38040		3.804e-11		271.911		17.5736		-21.0844		-3.51079		33.0371
		38100		3.81e-11		270.501		17.4825		-20.9933		-3.51079		33.1796
		38160		3.816e-11		283.442		18.3188		-21.8296		-3.51074		33.3302
		38220		3.822e-11		295.551		19.1014		-22.6122		-3.51077		33.5128
		38280		3.828e-11		284.249		18.371		-21.8818		-3.51078		33.6829
		38340		3.834e-11		262.063		16.9371		-20.4479		-3.51076		33.7787
		38400		3.84e-11		266.736		17.2392		-20.7499		-3.51075		33.8078
		38460		3.846e-11		286.622		18.5243		-22.0352		-3.51083		33.8192
		38520		3.852e-11		276.22		17.8521		-21.3629		-3.51079		33.919
		38580		3.858e-11		261.946		16.9295		-20.4402		-3.51066		34.0821
		38640		3.864e-11		279.547		18.0671		-21.578		-3.51085		34.1811
		38700		3.87e-11		269.223		17.3999		-20.9107		-3.51075		34.2049
		38760		3.876e-11		286.967		18.5467		-22.0574		-3.51079		34.2771
		38820		3.882e-11		294.662		19.044		-22.5548		-3.5108		34.4393
		38880		3.888e-11		285.241		18.4351		-21.9459		-3.51077		34.6713
		38940		3.894e-11		291.842		18.8617		-22.3726		-3.51085		34.8685
		39000		3.9e-11		279.082		18.0371		-21.5479		-3.51077		35.0158
		39060		3.906e-11		279.67		18.0751		-21.5858		-3.51075		35.1991
		39120		3.912e-11		290.646		18.7844		-22.2952		-3.51082		35.4365
		39180		3.918e-11		279.064		18.0359		-21.5467		-3.51073		35.5971
		39240		3.924e-11		293.21		18.9502		-22.461		-3.51087		35.6691
		39300		3.93e-11		285.25		18.4357		-21.9465		-3.51082		35.8183
		39360		3.936e-11		273.411		17.6705		-21.1813		-3.51075		36.0734
		39420		3.942e-11		289.554		18.7139		-22.2247		-3.51085		36.3384
		39480		3.948e-11		289.748		18.7264		-22.2372		-3.5108		36.5572
		39540		3.954e-11		278.306		17.9869		-21.4976		-3.51073		36.7371
		39600		3.96e-11		278.469		17.9974		-21.5082		-3.5108		36.9203
		39660		3.966e-11		266.454		17.2209		-20.7317		-3.51077		37.0657
		39720		3.972e-11		280.877		18.1531		-21.6639		-3.51084		37.1923
		39780		3.978e-11		286.237		18.4995		-22.0103		-3.51081		37.3339
		39840		3.984e-11		270.096		17.4563		-20.9671		-3.51076		37.3723
		39900		3.99e-11		275.837		17.8274		-21.3382		-3.5108		37.353
		39960		3.996e-11		280.984		18.16		-21.6707		-3.51076		37.3676
		40020		4.002e-11		279.582		18.0694		-21.5802		-3.51076		37.3763
		40080		4.008e-11		286.341		18.5062		-22.0171		-3.51086		37.4208
		40140		4.014e-11		278.932		18.0274		-21.5382		-3.51079		37.5068
		40200		4.02e-11		284.188		18.3671		-21.8778		-3.51076		37.6252
		40260		4.026e-11		288.454		18.6428		-22.1536		-3.51078		37.742
		40320		4.032e-11		285.042		18.4223		-21.933		-3.51076		37.8633
		40380		4.038e-11		285.098		18.4259		-21.9367		-3.51083		37.9977
		40440		4.044e-11		263.77		17.0475		-20.5582		-3.51072		38.0955
		40500		4.05e-11		283.02		18.2916		-21.8024		-3.51081		38.0717
		40560		4.056e-11		282.11		18.2328		-21.7436		-3.51082		37.9966
		40620		4.062e-11		264.936		17.1228		-20.6336		-3.51075		37.9794
		40680		4.068e-11		275.231		17.7882		-21.2989		-3.51078		38.0649
		40740		4.074e-11		289.982		18.7415		-22.2524		-3.51086		38.2776
		40800		4.08e-11		278.023		17.9687		-21.4794		-3.51077		38.5668
		40860		4.086e-11		280.567		18.133		-21.6438		-3.51078		38.8092
		40920		4.092e-11		277.808		17.9547		-21.4655		-3.51076		38.9683
		40980		4.098e-11		284.776		18.4051		-21.9159		-3.51082		39.0648
		41040		4.104e-11		271.152		17.5245		-21.0352		-3.51067		39.1133
		41100		4.11e-11		283.135		18.299		-21.8098		-3.51081		39.2475
		41160		4.116e-11		280.68		18.1403		-21.6511		-3.51077		39.4779
		41220		4.122e-11		286.121		18.492		-22.0028		-3.51083		39.7042
		41280		4.128e-11		275.754		17.822		-21.3328		-3.51076		39.8972
		41340		4.134e-11		281.207		18.1744		-21.6852		-3.5108		40.0979
		41400		4.14e-11		285.399		18.4454		-21.9562		-3.51079		40.3081
		41460		4.146e-11		288.737		18.6611		-22.1719		-3.5108		40.4695
		41520		4.152e-11		272.022		17.5808		-21.0915		-3.51069		40.6359
		41580		4.158e-11		286.663		18.527		-22.0378		-3.51081		40.7685
		41640		4.164e-11		284.349		18.3775		-21.8883		-3.51075		40.8162
		41700		4.17e-11		274.795		17.76		-21.2709		-3.51085		40.8119
		41760		4.176e-11		277.328		17.9237		-21.4345		-3.51077		40.7711
		41820		4.182e-11		287.883		18.6059		-22.1167		-3.51081		40.6876
		41880		4.188e-11		275.434		17.8013		-21.3121		-3.51076		40.7005
		41940		4.194e-11		277.915		17.9617		-21.4724		-3.51077		40.8192
		42000		4.2e-11		279.577		18.069		-21.5798		-3.51077		40.925
		42060		4.206e-11		284.63		18.3956		-21.9064		-3.51076		40.944
		42120		4.212e-11		291.098		18.8137		-22.3246		-3.51089		40.9804
		42180		4.218e-11		265.141		17.1361		-20.6468		-3.51074		41.1152
		42240		4.224e-11		274.417		17.7355		-21.2464		-3.51082		41.3086
		42300		4.23e-11		284.489		18.3865		-21.8973		-3.51081		41.5283
		42360		4.236e-11		284.553		18.3906		-21.9014		-3.5108		41.6956
		42420		4.242e-11		279.844		18.0863		-21.5971		-3.51082		41.7773
		42480		4.248e-11		286.43		18.512		-22.0228		-3.51082		41.7682
		42540		4.254e-11		279.499		18.064		-21.5748		-3.51077		41.7855
		42600		4.26e-11		279.457		18.0613		-21.572		-3.51076		41.9013
		42660		4.266e-11		284.4		18.3808		-21.8916		-3.51079		42.0521
		42720		4.272e-11		284.382		18.3796		-21.8903		-3.51076		42.1355
		42780		4.278e-11		281.139		18.17		-21.6808		-3.51077		42.2025
		42840		4.284e-11		276.414		17.8647		-21.3754		-3.51074		42.3007
		42900		4.29e-11		290.028		18.7445		-22.2553		-3.5108		42.4088
		42960		4.296e-11		283.829		18.3438		-21.8546		-3.51079		42.5212
		43020		4.302e-11		274.149		17.7182		-21.229		-3.51073		42.6504
		43080		4.308e-11		289.526		18.7121		-22.2229		-3.51084		42.7532
		43140		4.314e-11		279.121		18.0396		-21.5504		-3.5108		42.7472
		43200		4.32e-11		281.854		18.2162		-21.727		-3.51079		42.7962
		43260		4.326e-11		294.352		19.024		-22.5348		-3.51084		43.0337
		43320		4.332e-11		280.867		18.1524		-21.6632		-3.51079		43.3095
		43380		4.338e-11		280.121		18.1042		-21.615		-3.5108		43.4715
		43440		4.344e-11		270.709		17.4959		-21.0066		-3.51072		43.5529
		43500		4.35e-11		280.403		18.1224		-21.6332		-3.51081		43.6271
		43560		4.356e-11		278.367		17.9909		-21.5016		-3.51074		43.6881
		43620		4.362e-11		283.646		18.3321		-21.8429		-3.51083		43.6762
		43680		4.368e-11		269.153		17.3954		-20.9061		-3.51075		43.6711
		43740		4.374e-11		283.113		18.2976		-21.8084		-3.51081		43.7359
		43800		4.38e-11		287.825		18.6021		-22.113		-3.51082		43.8421
		43860		4.386e-11		274.918		17.768		-21.2786		-3.51069		43.9559
		43920		4.392e-11		290.62		18.7828		-22.2936		-3.51088		44.0881
		43980		4.398e-11		290.992		18.8068		-22.3177		-3.51085		44.2588
		44040		4.404e-11		276.805		17.8899		-21.4007		-3.51076		44.4269
		44100		4.41e-11		282.392		18.251		-21.7618		-3.51082		44.5759
		44160		4.416e-11		290.37		18.7666		-22.2774		-3.51082		44.7581
		44220		4.422e-11		281.106		18.1679		-21.6788		-3.51086		45.0148
		44280		4.428e-11		269.768		17.4351		-20.9459		-3.51079		45.2226
		44340		4.434e-11		276.792		17.8891		-21.3998		-3.51075		45.3519
		44400		4.44e-11		281.823		18.2142		-21.7251		-3.51083		45.4241
		44460		4.446e-11		274.443		17.7372		-21.248		-3.51081		45.4365
		44520		4.452e-11		277.206		17.9158		-21.4266		-3.51081		45.4288
		44580		4.458e-11		274.465		17.7387		-21.2495		-3.51079		45.465
		44640		4.464e-11		287.341		18.5709		-22.0817		-3.51079		45.5531
		44700		4.47e-11		289.971		18.7408		-22.2516		-3.51081		45.7074
		44760		4.476e-11		279.107		18.0387		-21.5495		-3.5108		45.9419
		44820		4.482e-11		283.708		18.3361		-21.8468		-3.51077		46.1302
		44880		4.488e-11		283.819		18.3432		-21.854		-3.51081		46.2134
		44940		4.494e-11		276.497		17.87		-21.3808		-3.51083		46.2414
		45000		4.5e-11		285.514		18.4528		-21.9637		-3.51086		46.1938
		45060		4.506e-11		284.15		18.3646		-21.8754		-3.51078		46.0865
		45120		4.512e-11		282.865		18.2815		-21.7924		-3.51082		46.0691
		45180		4.518e-11		277.799		17.9542		-21.4649		-3.51079		46.2276
		45240		4.524e-11		286.448		18.5131		-22.0239		-3.51082		46.4497
		45300		4.53e-11		280.696		18.1414		-21.6522		-3.51078		46.6079
		45360		4.536e-11		285.901		18.4778		-21.9885		-3.51079		46.641
		45420		4.542e-11		286.833		18.538		-22.0488		-3.5108		46.6299
		45480		4.548e-11		280.442		18.1249		-21.6358		-3.51082		46.6937
		45540		4.554e-11		274.052		17.712		-21.2227		-3.51077		46.835
		45600		4.56e-11		279.846		18.0865		-21.5972		-3.51077		46.9663
		45660		4.566e-11		292.954		18.9336		-22.4445		-3.51086		47.1076
		45720		4.572e-11		269.824		17.4387		-20.9494		-3.5107		47.2102
		45780		4.578e-11		286.411		18.5107		-22.0215		-3.51083		47.2317
		45840		4.584e-11		286.517		18.5176		-22.0283		-3.51076		47.3487
		45900		4.59e-11		294.269		19.0186		-22.5295		-3.51087		47.6506
		45960		4.596e-11		280.775		18.1465		-21.6572		-3.51075		47.9672
		46020		4.602e-11		274.602		17.7475		-21.2583		-3.51075		48.1174
		46080		4.608e-11		285.803		18.4714		-21.9823		-3.51086		48.1727
		46140		4.614e-11		270.16		17.4604		-20.9712		-3.51074		48.2725
		46200		4.62e-11		279.591		18.0699		-21.5808		-3.51086		48.4059
		46260		4.626e-11		272.467		17.6096		-21.1203		-3.51078		48.4808
		46320		4.632e-11		294.064		19.0053		-22.5162		-3.51086		48.512
		46380		4.638e-11		298.89		19.3173		-22.8281		-3.51084		48.5434
		46440		4.644e-11		279.083		18.0371		-21.5479		-3.51076		48.628
		46500		4.65e-11		279.472		18.0623		-21.573		-3.51075		48.7672
		46560		4.656e-11		286.443		18.5128		-22.0237		-3.51087		48.8858
		46620		4.662e-11		275.506		17.8059		-21.3167		-3.51079		49.0348
		46680		4.668e-11		266.114		17.1989		-20.7097		-3.51077		49.2384
		46740		4.674e-11		269.034		17.3877		-20.8985		-3.51079		49.4364
		46800		4.68e-11		285.852		18.4746		-21.9854		-3.51078		49.5625
		46860		4.686e-11		284.225		18.3695		-21.8803		-3.51079		49.6731
		46920		4.692e-11		276.515		17.8712		-21.382		-3.51078		49.7633
		46980		4.698e-11		279.764		18.0812		-21.592		-3.51081		49.8585
		47040		4.704e-11		283.097		18.2966		-21.8073		-3.51077		50.0254
		47100		4.71e-11		276.187		17.85		-21.3607		-3.51076		50.2488
		47160		4.716e-11		279.222		18.0461		-21.5569		-3.51082		50.3842
		47220		4.722e-11		272.884		17.6365		-21.1472		-3.51069		50.4869
		47280		4.728e-11		283.479		18.3213		-21.8321		-3.51083		50.5712
		47340		4.734e-11		272.12		17.5871		-21.0978		-3.51071		50.599
		47400		4.74e-11		279.526		18.0658		-21.5766		-3.5108		50.6463
		47460		4.746e-11		279.503		18.0643		-21.575		-3.51076		50.6847
		47520		4.752e-11		296.307		19.1503		-22.6612		-3.51084		50.768
		47580		4.758e-11		281.403		18.1871		-21.6978		-3.51074		50.8631
		47640		4.764e-11		287.672		18.5923		-22.1031		-3.51081		50.8802
		47700		4.77e-11		282.277		18.2436		-21.7544		-3.51084		50.8171
		47760		4.776e-11		277.292		17.9214		-21.4321		-3.51073		50.7791
		47820		4.782e-11		283.885		18.3475		-21.8582		-3.51076		50.8471
		47880		4.788e-11		289.59		18.7162		-22.227		-3.51084		50.9484
		47940		4.794e-11		275.191		17.7856		-21.2963		-3.51078		50.9857
		48000		4.8e-11		281.936		18.2215		-21.7323		-3.5108		50.9568
		48060		4.806e-11		292.215		18.8859		-22.3967		-3.51085		51.0003
		48120		4.812e-11		285.497		18.4517		-21.9624		-3.51076		51.1324
		48180		4.818e-11		302.179		19.5298		-23.0407		-3.51085		51.3338
		48240		4.824e-11		288.574		18.6505		-22.1613		-3.51079		51.5368
		48300		4.83e-11		276.497		17.87		-21.3808		-3.51079		51.6494
		48360		4.836e-11		277.435		17.9306		-21.4414		-3.5108		51.7702
		48420		4.842e-11		276.106		17.8447		-21.3555		-3.51074		51.954
		48480		4.848e-11		283.871		18.3466		-21.8574		-3.51078		52.1085
		48540		4.854e-11		283.499		18.3226		-21.8333		-3.51077		52.2769
		48600		4.86e-11		287.108		18.5558		-22.0666		-3.5108		52.4512
		48660		4.866e-11		289.771		18.7279		-22.2387		-3.51081		52.6097
		48720		4.872e-11		277.497		17.9346		-21.4454		-3.51075		52.8601
		48780		4.878e-11		280.873		18.1528		-21.6636		-3.51084		53.1973
		48840		4.884e-11		287.153		18.5587		-22.0695		-3.51082		53.5626
		48900		4.89e-11		287.212		18.5625		-22.0733		-3.51081		53.8965
		48960		4.896e-11		279.295		18.0508		-21.5617		-3.51081		54.1521
		49020		4.902e-11		283.532		18.3246		-21.8354		-3.51077		54.2852
		49080		4.908e-11		288.639		18.6547		-22.1655		-3.5108		54.303
		49140		4.914e-11		285.56		18.4557		-21.9665		-3.51081		54.2677
		49200		4.92e-11		269.079		17.3906		-20.9013		-3.51077		54.1917
		49260		4.926e-11		275.638		17.8145		-21.3253		-3.51087		54.2002
		49320		4.932e-11		281.843		18.2155		-21.7263		-3.51081		54.3432
		49380		4.938e-11		283.127		18.2985		-21.8093		-3.51078		54.5124
		49440		4.944e-11		285.173		18.4308		-21.9416		-3.51088		54.7017
		49500		4.95e-11		282.41		18.2522		-21.7629		-3.51078		54.8503
		49560		4.956e-11		272.729		17.6265		-21.1372		-3.51073		54.9235
		49620		4.962e-11		283.979		18.3536		-21.8644		-3.51084		54.9377
		49680		4.968e-11		283.71		18.3362		-21.847		-3.51081		54.9392
		49740		4.974e-11		279.462		18.0616		-21.5725		-3.51087		54.9999
		49800		4.98e-11		272.96		17.6414		-21.1523		-3.51084		55.1444
		49860		4.986e-11		263.236		17.0129		-20.5237		-3.51071		55.2468
		49920		4.992e-11		285.783		18.4702		-21.981		-3.51082		55.2598
		49980		4.998e-11		286.439		18.5126		-22.0234		-3.51081		55.355
		50040		5.004e-11		270.321		17.4708		-20.9816		-3.51075		55.4834
		50100		5.01e-11		283.23		18.3052		-21.816		-3.51078		55.545
		50160		5.016e-11		287.265		18.5659		-22.0767		-3.51079		55.5782
		50220		5.022e-11		275.553		17.809		-21.3198		-3.51079		55.6242
		50280		5.028e-11		276.345		17.8602		-21.3709		-3.51078		55.7412
		50340		5.034e-11		275.175		17.7846		-21.2954		-3.51081		55.8812
		50400		5.04e-11		270.154		17.46		-20.9708		-3.5108		56.0225
		50460		5.046e-11		282.649		18.2676		-21.7784		-3.5108		56.1228
		50520		5.052e-11		274.528		17.7427		-21.2535		-3.51074		56.1608
		50580		5.058e-11		276.86		17.8934		-21.4042		-3.51079		56.2235
		50640		5.064e-11		276.227		17.8526		-21.3633		-3.51073		56.3546
		50700		5.07e-11		281.08		18.1662		-21.6769		-3.51077		56.4993
		50760		5.076e-11		287.225		18.5633		-22.0741		-3.5108		56.5483
		50820		5.082e-11		287.782		18.5994		-22.1102		-3.5108		56.6392
		50880		5.088e-11		289.69		18.7227		-22.2334		-3.51078		56.7765
		50940		5.094e-11		288.107		18.6203		-22.1312		-3.51082		56.9119
		51000		5.1e-11		278.543		18.0022		-21.5131		-3.51084		56.9807
		51060		5.106e-11		269.488		17.417		-20.9278		-3.51076		57.0045
		51120		5.112e-11		282.881		18.2826		-21.7934		-3.51082		57.0715
		51180		5.118e-11		279.852		18.0868		-21.5976		-3.51077		57.1693
		51240		5.124e-11		274.829		17.7622		-21.273		-3.51077		57.2108
		51300		5.13e-11		275.979		17.8365		-21.3473		-3.5108		57.1966
		51360		5.136e-11		282.148		18.2353		-21.7461		-3.51081		57.1793
		51420		5.142e-11		285.125		18.4276		-21.9385		-3.51088		57.2299
		51480		5.148e-11		276.82		17.8909		-21.4017		-3.51081		57.3
		51540		5.154e-11		273.317		17.6645		-21.1753		-3.51079		57.4114
		51600		5.16e-11		270.848		17.5049		-21.0157		-3.5108		57.4945
		51660		5.166e-11		277.621		17.9426		-21.4535		-3.51083		57.5029
		51720		5.172e-11		278.404		17.9933		-21.5041		-3.51082		57.5296
		51780		5.178e-11		274.404		17.7347		-21.2455		-3.51076		57.5265
		51840		5.184e-11		273.571		17.6809		-21.1916		-3.5107		57.4679
		51900		5.19e-11		285.587		18.4575		-21.9683		-3.51082		57.4195
		51960		5.196e-11		274.216		17.7226		-21.2333		-3.51074		57.403
		52020		5.202e-11		297.853		19.2502		-22.7611		-3.5109		57.3425
		52080		5.208e-11		278.722		18.0138		-21.5246		-3.51074		57.3499
		52140		5.214e-11		290.715		18.7889		-22.2998		-3.51089		57.3803
		52200		5.22e-11		289.822		18.7312		-22.242		-3.51078		57.3624
		52260		5.226e-11		286.65		18.5262		-22.037		-3.51081		57.3462
		52320		5.232e-11		273.687		17.6884		-21.1991		-3.51075		57.3883
		52380		5.238e-11		268.466		17.351		-20.8617		-3.51072		57.4969
		52440		5.244e-11		274.875		17.7652		-21.276		-3.5108		57.6805
		52500		5.25e-11		280.204		18.1096		-21.6204		-3.5108		57.7735
		52560		5.256e-11		271.678		17.5585		-21.0693		-3.51072		57.7381
		52620		5.262e-11		273.913		17.703		-21.2138		-3.51078		57.6737
		52680		5.268e-11		277.92		17.962		-21.4728		-3.51082		57.7042
		52740		5.274e-11		269.467		17.4156		-20.9264		-3.51077		57.8584
		52800		5.28e-11		269.058		17.3892		-20.9		-3.51075		58.0791
		52860		5.286e-11		280.812		18.1489		-21.6596		-3.51079		58.2133
		52920		5.292e-11		281.517		18.1944		-21.7052		-3.51079		58.3049
		52980		5.298e-11		278.28		17.9852		-21.496		-3.51076		58.4931
		53040		5.304e-11		284.236		18.3701		-21.881		-3.51085		58.7723
		53100		5.31e-11		277.535		17.9371		-21.4479		-3.51082		59.0121
		53160		5.316e-11		268.233		17.3359		-20.8466		-3.51073		59.148
		53220		5.322e-11		265.726		17.1738		-20.6846		-3.51075		59.1467
		53280		5.328e-11		277.342		17.9246		-21.4354		-3.5108		59.0821
		53340		5.334e-11		264.989		17.1262		-20.637		-3.51072		59.1189
		53400		5.34e-11		284.691		18.3996		-21.9104		-3.51081		59.2346
		53460		5.346e-11		289.77		18.7278		-22.2386		-3.51078		59.3737
		53520		5.352e-11		276.737		17.8855		-21.3963		-3.5108		59.3964
		53580		5.358e-11		262.076		16.938		-20.4487		-3.51071		59.3142
		53640		5.364e-11		273.854		17.6992		-21.2099		-3.51076		59.3028
		53700		5.37e-11		288.38		18.638		-22.1488		-3.51085		59.3585
		53760		5.376e-11		280.128		18.1047		-21.6154		-3.51078		59.4636
		53820		5.382e-11		285.224		18.434		-21.9448		-3.51084		59.6471
		53880		5.388e-11		276.008		17.8384		-21.3491		-3.51073		59.8193
		53940		5.394e-11		287.842		18.6033		-22.1141		-3.51083		59.923
		54000		5.4e-11		282.454		18.255		-21.7658		-3.51077		59.9433
		54060		5.406e-11		280.447		18.1253		-21.6361		-3.5108		59.9148
		54120		5.412e-11		280.879		18.1532		-21.664		-3.51083		59.9199
		54180		5.418e-11		273.188		17.6562		-21.1669		-3.51071		60.0165
		54240		5.424e-11		287.787		18.5997		-22.1105		-3.5108		60.1537
		54300		5.43e-11		284.715		18.4011		-21.9119		-3.51085		60.3207
		54360		5.436e-11		266.175		17.2029		-20.7136		-3.51072		60.3501
		54420		5.442e-11		279.723		18.0785		-21.5893		-3.5108		60.2412
		54480		5.448e-11		278.605		18.0062		-21.5171		-3.51084		60.1501
		54540		5.454e-11		266.381		17.2162		-20.7269		-3.51072		60.1151
		54600		5.46e-11		277.572		17.9395		-21.4502		-3.51077		60.1127
		54660		5.466e-11		274.462		17.7385		-21.2492		-3.51074		60.1442
		54720		5.472e-11		287.52		18.5824		-22.0932		-3.5108		60.0833
		54780		5.478e-11		295.03		19.0678		-22.5786		-3.51079		59.9493
		54840		5.484e-11		277.636		17.9436		-21.4544		-3.51079		59.8902
		54900		5.49e-11		278.623		18.0074		-21.5182		-3.51082		59.9348
		54960		5.496e-11		289.52		18.7117		-22.2225		-3.51084		59.9667
		55020		5.502e-11		283.202		18.3033		-21.8141		-3.51079		59.9044
		55080		5.508e-11		279.406		18.058		-21.5688		-3.51077		59.7409
		55140		5.514e-11		273.183		17.6558		-21.1665		-3.51073		59.5233
		55200		5.52e-11		294.855		19.0565		-22.5673		-3.51083		59.3177
		55260		5.526e-11		287.583		18.5865		-22.0972		-3.51073		59.2145
		55320		5.532e-11		286.568		18.5209		-22.0317		-3.51082		59.2227
		55380		5.538e-11		279.294		18.0508		-21.5616		-3.51077		59.2487
		55440		5.544e-11		283.17		18.3013		-21.8121		-3.51082		59.3392
		55500		5.55e-11		292.225		18.8865		-22.3974		-3.51087		59.5186
		55560		5.556e-11		278.966		18.0296		-21.5403		-3.51073		59.7689
		55620		5.562e-11		265.283		17.1453		-20.656		-3.51069		60.0313
		55680		5.568e-11		281.515		18.1943		-21.7052		-3.51088		60.1477
		55740		5.574e-11		287.18		18.5604		-22.0713		-3.51087		60.2158
		55800		5.58e-11		266.205		17.2048		-20.7155		-3.5107		60.2781
		55860		5.586e-11		290.367		18.7664		-22.2772		-3.51082		60.2726
		55920		5.592e-11		285.697		18.4646		-21.9754		-3.51077		60.2826
		55980		5.598e-11		281.143		18.1702		-21.6811		-3.51083		60.3474
		56040		5.604e-11		276.76		17.887		-21.3978		-3.51079		60.4392
		56100		5.61e-11		278.49		17.9988		-21.5096		-3.51081		60.5335
		56160		5.616e-11		285.444		18.4482		-21.959		-3.51077		60.5395
		56220		5.622e-11		278.837		18.0212		-21.532		-3.51074		60.4927
		56280		5.628e-11		277.889		17.96		-21.4708		-3.51084		60.5574
		56340		5.634e-11		270.05		17.4533		-20.9641		-3.51072		60.6448
		56400		5.64e-11		293.283		18.9549		-22.4657		-3.51086		60.7332
		56460		5.646e-11		288.715		18.6596		-22.1704		-3.5108		60.8006
		56520		5.652e-11		279.584		18.0695		-21.5802		-3.51072		60.8944
		56580		5.658e-11		286.006		18.4845		-21.9954		-3.51083		61.0787
		56640		5.664e-11		276.01		17.8385		-21.3493		-3.51078		61.2224
		56700		5.67e-11		280.916		18.1556		-21.6664		-3.51079		61.2956
		56760		5.676e-11		286.333		18.5057		-22.0165		-3.51079		61.3399
		56820		5.682e-11		289.008		18.6786		-22.1894		-3.51077		61.373
		56880		5.688e-11		284.433		18.3829		-21.8937		-3.51082		61.4071
		56940		5.694e-11		288.605		18.6525		-22.1634		-3.51086		61.4177
		57000		5.7e-11		280.522		18.1301		-21.6409		-3.51073		61.353
		57060		5.706e-11		271.809		17.567		-21.0777		-3.51075		61.23
		57120		5.712e-11		281.568		18.1977		-21.7086		-3.51083		61.1844
		57180		5.718e-11		283.301		18.3097		-21.8205		-3.51077		61.2868
		57240		5.724e-11		281.407		18.1873		-21.6981		-3.5108		61.4018
		57300		5.73e-11		279.588		18.0698		-21.5806		-3.51083		61.559
		57360		5.736e-11		265.675		17.1706		-20.6813		-3.51075		61.7934
		57420		5.742e-11		279.38		18.0563		-21.5671		-3.51082		62.03
		57480		5.748e-11		282.43		18.2535		-21.7643		-3.5108		62.2412
		57540		5.754e-11		278.163		17.9777		-21.4885		-3.51079		62.4186
		57600		5.76e-11		288.62		18.6535		-22.1644		-3.51084		62.5289
		57660		5.766e-11		286.766		18.5337		-22.0444		-3.51077		62.6552
		57720		5.772e-11		290.17		18.7537		-22.2645		-3.51079		62.7479
		57780		5.778e-11		286.701		18.5295		-22.0404		-3.51085		62.7403
		57840		5.784e-11		272.677		17.6231		-21.1339		-3.51084		62.7384
		57900		5.79e-11		279.485		18.0631		-21.5739		-3.5108		62.8324
		57960		5.796e-11		290.722		18.7894		-22.3002		-3.5108		63.0153
		58020		5.802e-11		291.663		18.8502		-22.3609		-3.51078		63.2421
		58080		5.808e-11		287.895		18.6067		-22.1175		-3.51082		63.5098
		58140		5.814e-11		279.917		18.091		-21.6018		-3.51076		63.8599
		58200		5.82e-11		288.292		18.6323		-22.1432		-3.51085		64.237
		58260		5.826e-11		278.7		18.0124		-21.5231		-3.51077		64.4799
		58320		5.832e-11		281.917		18.2203		-21.7311		-3.5108		64.5228
		58380		5.838e-11		279.702		18.0771		-21.5879		-3.51075		64.4338
		58440		5.844e-11		284.432		18.3828		-21.8936		-3.51079		64.3587
		58500		5.85e-11		282.776		18.2758		-21.7866		-3.51078		64.3901
		58560		5.856e-11		283.723		18.337		-21.8478		-3.5108		64.5042
		58620		5.862e-11		285.203		18.4326		-21.9435		-3.51084		64.5936
		58680		5.868e-11		282.743		18.2737		-21.7845		-3.51081		64.7179
		58740		5.874e-11		291.772		18.8572		-22.368		-3.51081		64.9247
		58800		5.88e-11		289.724		18.7248		-22.2356		-3.51076		65.1564
		58860		5.886e-11		281.914		18.2201		-21.7309		-3.51082		65.3949
		58920		5.892e-11		271.024		17.5163		-21.027		-3.51076		65.4638
		58980		5.898e-11		269.575		17.4226		-20.9334		-3.51072		65.3972
		59040		5.904e-11		279.353		18.0546		-21.5654		-3.51082		65.2973
		59100		5.91e-11		273.001		17.644		-21.1548		-3.51073		65.2234
		59160		5.916e-11		287.037		18.5512		-22.062		-3.51077		65.1836
		59220		5.922e-11		288.84		18.6678		-22.1785		-3.51077		65.2534
		59280		5.928e-11		291.058		18.8111		-22.3218		-3.51078		65.5442
		59340		5.934e-11		281.58		18.1985		-21.7092		-3.51072		65.9004
		59400		5.94e-11		278.634		18.0081		-21.5189		-3.51079		66.1591
		59460		5.946e-11		279.06		18.0356		-21.5464		-3.51081		66.4242
		59520		5.952e-11		273.715		17.6902		-21.2009		-3.51076		66.7256
		59580		5.958e-11		276.261		17.8548		-21.3655		-3.51076		66.9903
		59640		5.964e-11		280.982		18.1599		-21.6707		-3.51082		67.1659
		59700		5.97e-11		277.254		17.9189		-21.4297		-3.51079		67.2208
		59760		5.976e-11		285.3		18.4389		-21.9498		-3.51081		67.2213
		59820		5.982e-11		275.439		17.8016		-21.3123		-3.51071		67.2595
		59880		5.988e-11		279.668		18.075		-21.5858		-3.51085		67.328
		59940		5.994e-11		277.235		17.9177		-21.4285		-3.51081		67.3975
