		timesteps		t		Temperature		Kin		Pot		TotalE		MSD
		0		0		291.526		18.8413		-43.9281		-25.0868		0.00743876
		60		6e-14		208.726		13.49		-38.5768		-25.0869		0.0591642
		120		1.2e-13		96.2681		6.2218		-31.3084		-25.0866		0.162018
		180		1.8e-13		124.97		8.07684		-33.1636		-25.0868		0.217656
		240		2.4e-13		128.576		8.30987		-33.3966		-25.0867		0.246032
		300		3e-13		135.342		8.74713		-33.8339		-25.0867		0.255408
		360		3.6e-13		138.166		8.92966		-34.0164		-25.0867		0.251305
		420		4.2e-13		145.906		9.4299		-34.5166		-25.0867		0.237217
		480		4.8e-13		154.297		9.97223		-35.059		-25.0867		0.218748
		540		5.4e-13		159.609		10.3155		-35.4023		-25.0867		0.20257
		600		6e-13		159.179		10.2877		-35.3745		-25.0867		0.193351
		660		6.6e-13		158.218		10.2256		-35.3124		-25.0868		0.190623
		720		7.2e-13		147.958		9.56251		-34.6492		-25.0867		0.191451
		780		7.8e-13		151.223		9.77355		-34.8603		-25.0867		0.188164
		840		8.4e-13		152.893		9.88146		-34.9682		-25.0867		0.183412
		900		9e-13		155.653		10.0598		-35.1466		-25.0867		0.1795
		960		9.6e-13		153.731		9.93562		-35.0224		-25.0867		0.177899
		1020		1.02e-12		151.126		9.7673		-34.854		-25.0867		0.176475
		1080		1.08e-12		158.182		10.2233		-35.31		-25.0868		0.173636
		1140		1.14e-12		154.553		9.98874		-35.0755		-25.0867		0.174376
		1200		1.2e-12		156.353		10.1051		-35.1919		-25.0868		0.176867
		1260		1.26e-12		151.46		9.78883		-34.8756		-25.0867		0.181584
		1320		1.32e-12		151.027		9.76086		-34.8476		-25.0867		0.185291
		1380		1.38e-12		154.213		9.96677		-35.0535		-25.0867		0.18766
		1440		1.44e-12		154.469		9.98331		-35.0701		-25.0867		0.190893
		1500		1.5e-12		150.919		9.7539		-34.8406		-25.0867		0.194988
		1560		1.56e-12		153.188		9.90057		-34.9873		-25.0867		0.197277
		1620		1.62e-12		151.649		9.80105		-34.8878		-25.0867		0.199462
		1680		1.68e-12		148.997		9.62966		-34.7164		-25.0867		0.200664
		1740		1.74e-12		149.372		9.65392		-34.7407		-25.0867		0.199583
		1800		1.8e-12		151.319		9.77974		-34.8665		-25.0867		0.196196
		1860		1.86e-12		154.61		9.99243		-35.0792		-25.0867		0.191247
		1920		1.92e-12		153.527		9.92244		-35.0092		-25.0867		0.187395
		1980		1.98e-12		152.852		9.87882		-34.9655		-25.0867		0.183729
		2040		2.04e-12		155.708		10.0634		-35.1502		-25.0867		0.180046
		2100		2.1e-12		153.971		9.95116		-35.0379		-25.0867		0.178147
		2160		2.16e-12		156.667		10.1254		-35.2121		-25.0867		0.17696
		2220		2.22e-12		154.207		9.96641		-35.0531		-25.0867		0.17819
		2280		2.28e-12		153.694		9.93327		-35.02		-25.0867		0.180072
		2340		2.34e-12		153.141		9.89747		-34.9842		-25.0867		0.182159
		2400		2.4e-12		152.248		9.83979		-34.9265		-25.0867		0.184431
		2460		2.46e-12		155.781		10.0681		-35.1549		-25.0867		0.186337
		2520		2.52e-12		155.627		10.0582		-35.1449		-25.0867		0.190341
		2580		2.58e-12		152.92		9.8832		-34.9699		-25.0867		0.196407
		2640		2.64e-12		150.452		9.72373		-34.8105		-25.0867		0.202556
		2700		2.7e-12		148.779		9.61557		-34.7023		-25.0867		0.206947
		2760		2.76e-12		150.945		9.7556		-34.8423		-25.0867		0.207973
		2820		2.82e-12		152.107		9.83066		-34.9174		-25.0867		0.207014
		2880		2.88e-12		148.508		9.5981		-34.6848		-25.0867		0.205009
		2940		2.94e-12		153.192		9.90079		-34.9875		-25.0867		0.199343
		3000		3e-12		157.841		10.2012		-35.288		-25.0867		0.193254
		3060		3.06e-12		159.653		10.3183		-35.4051		-25.0867		0.19131
		3120		3.12e-12		154.37		9.97692		-35.0636		-25.0867		0.195124
		3180		3.18e-12		153.131		9.89686		-34.9836		-25.0868		0.201056
		3240		3.24e-12		147.801		9.55235		-34.6391		-25.0867		0.206814
		3300		3.3e-12		155.672		10.0611		-35.1478		-25.0868		0.209861
		3360		3.36e-12		144.958		9.36861		-34.4553		-25.0867		0.215099
		3420		3.42e-12		145.571		9.40827		-34.495		-25.0867		0.21455
		3480		3.48e-12		155.25		10.0338		-35.1206		-25.0868		0.20859
		3540		3.54e-12		149.212		9.6436		-34.7303		-25.0867		0.20431
		3600		3.6e-12		151.497		9.79128		-34.878		-25.0867		0.197276
		3660		3.66e-12		159.759		10.3252		-35.412		-25.0868		0.18942
		3720		3.72e-12		155.653		10.0598		-35.1466		-25.0867		0.186661
		3780		3.78e-12		153.213		9.90214		-34.9889		-25.0867		0.18621
		3840		3.84e-12		152.513		9.8569		-34.9436		-25.0867		0.185191
		3900		3.9e-12		158.913		10.2705		-35.3573		-25.0868		0.183674
		3960		3.96e-12		152.507		9.85653		-34.9433		-25.0867		0.186455
		4020		4.02e-12		153.269		9.90578		-34.9925		-25.0867		0.189132
		4080		4.08e-12		154.147		9.96251		-35.0492		-25.0867		0.191857
		4140		4.14e-12		154.152		9.96282		-35.0496		-25.0867		0.19591
		4200		4.2e-12		151.619		9.79913		-34.8859		-25.0867		0.200471
		4260		4.26e-12		152.812		9.87625		-34.963		-25.0867		0.203905
		4320		4.32e-12		146.464		9.46597		-34.5527		-25.0867		0.206868
		4380		4.38e-12		147.168		9.51148		-34.5982		-25.0867		0.204169
		4440		4.44e-12		155.142		10.0268		-35.1136		-25.0867		0.196163
		4500		4.5e-12		154.722		9.99968		-35.0864		-25.0867		0.189695
		4560		4.56e-12		151.954		9.82081		-34.9075		-25.0867		0.184039
		4620		4.62e-12		158.869		10.2677		-35.3545		-25.0868		0.177334
		4680		4.68e-12		153.327		9.90952		-34.9962		-25.0867		0.174521
		4740		4.74e-12		152.978		9.88695		-34.9737		-25.0867		0.172025
		4800		4.8e-12		155.105		10.0244		-35.1111		-25.0867		0.168464
		4860		4.86e-12		161.934		10.4658		-35.5525		-25.0868		0.166275
		4920		4.92e-12		156.074		10.0871		-35.1738		-25.0867		0.170816
		4980		4.98e-12		150.215		9.70837		-34.7951		-25.0867		0.177356
		5040		5.04e-12		150.746		9.74269		-34.8294		-25.0867		0.18075
		5100		5.1e-12		151.345		9.78144		-34.8682		-25.0867		0.181341
		5160		5.16e-12		153.012		9.88917		-34.9759		-25.0867		0.18
		5220		5.22e-12		158.058		10.2153		-35.302		-25.0868		0.177992
		5280		5.28e-12		155.669		10.0609		-35.1476		-25.0867		0.179761
		5340		5.34e-12		151.39		9.7843		-34.871		-25.0867		0.183913
		5400		5.4e-12		152.266		9.84092		-34.9277		-25.0868		0.18599
		5460		5.46e-12		150.253		9.71085		-34.7976		-25.0867		0.186052
		5520		5.52e-12		154.617		9.99288		-35.0796		-25.0868		0.183948
		5580		5.58e-12		150.495		9.72647		-34.8132		-25.0867		0.182677
		5640		5.64e-12		153.73		9.93559		-35.0223		-25.0867		0.178853
		5700		5.7e-12		157.537		10.1816		-35.2684		-25.0867		0.174492
		5760		5.76e-12		161.014		10.4063		-35.4931		-25.0868		0.172972
		5820		5.82e-12		155.883		10.0747		-35.1614		-25.0867		0.17621
		5880		5.88e-12		152.916		9.88295		-34.9697		-25.0867		0.180479
		5940		5.94e-12		154.879		10.0098		-35.0966		-25.0868		0.182785
		6000		6e-12		152.721		9.87037		-34.9571		-25.0867		0.185079
		6060		6.06e-12		150.277		9.71237		-34.7991		-25.0867		0.187094
		6120		6.12e-12		150.748		9.74287		-34.8296		-25.0867		0.186441
		6180		6.18e-12		152.802		9.87562		-34.9623		-25.0867		0.183386
		6240		6.24e-12		159.508		10.309		-35.3958		-25.0868		0.180856
		6300		6.3e-12		155.141		10.0268		-35.1135		-25.0867		0.183555
		6360		6.36e-12		149.438		9.65819		-34.7449		-25.0867		0.18833
		6420		6.42e-12		151.266		9.77631		-34.8631		-25.0867		0.190617
		6480		6.48e-12		151.207		9.77248		-34.8592		-25.0867		0.190894
		6540		6.54e-12		153.786		9.93916		-35.0259		-25.0867		0.189921
		6600		6.6e-12		155.355		10.0406		-35.1273		-25.0867		0.189966
		6660		6.66e-12		154.318		9.97359		-35.0603		-25.0868		0.192334
		6720		6.72e-12		150.117		9.70205		-34.7888		-25.0867		0.195229
		6780		6.78e-12		155.406		10.0439		-35.1306		-25.0868		0.19563
		6840		6.84e-12		152.321		9.84451		-34.9312		-25.0867		0.197093
		6900		6.9e-12		152.442		9.85232		-34.9391		-25.0867		0.198128
		6960		6.96e-12		151.332		9.7806		-34.8673		-25.0867		0.19906
		7020		7.02e-12		149.238		9.64526		-34.732		-25.0867		0.19923
		7080		7.08e-12		152.492		9.85553		-34.9423		-25.0867		0.196948
		7140		7.14e-12		156.547		10.1176		-35.2044		-25.0867		0.194669
		7200		7.2e-12		154.345		9.9753		-35.062		-25.0867		0.19578
		7260		7.26e-12		148.129		9.57361		-34.6603		-25.0867		0.198277
		7320		7.32e-12		152.545		9.85897		-34.9457		-25.0868		0.197231
		7380		7.38e-12		151.405		9.78532		-34.8721		-25.0867		0.195274
		7440		7.44e-12		153.964		9.95066		-35.0374		-25.0867		0.192185
		7500		7.5e-12		153.239		9.90386		-34.9906		-25.0867		0.189354
		7560		7.56e-12		148.653		9.60746		-34.6942		-25.0867		0.185272
		7620		7.62e-12		156.7		10.1275		-35.2143		-25.0867		0.176376
		7680		7.68e-12		162.674		10.5136		-35.6004		-25.0868		0.169132
		7740		7.74e-12		155.682		10.0617		-35.1484		-25.0867		0.168817
		7800		7.8e-12		150.438		9.7228		-34.8095		-25.0867		0.170602
		7860		7.86e-12		153.74		9.93623		-35.023		-25.0868		0.170208
		7920		7.92e-12		152.569		9.86056		-34.9473		-25.0867		0.168876
		7980		7.98e-12		156.72		10.1288		-35.2155		-25.0867		0.166193
		8040		8.04e-12		158.741		10.2594		-35.3462		-25.0867		0.165574
		8100		8.1e-12		155.289		10.0363		-35.1231		-25.0867		0.169483
		8160		8.16e-12		152.599		9.86249		-34.9492		-25.0867		0.17447
		8220		8.22e-12		153.444		9.91706		-35.0038		-25.0868		0.178011
		8280		8.28e-12		149.249		9.64598		-34.7327		-25.0867		0.180446
		8340		8.34e-12		156.209		10.0958		-35.1825		-25.0868		0.179472
		8400		8.4e-12		152.571		9.86064		-34.9474		-25.0867		0.179941
		8460		8.46e-12		151.854		9.81432		-34.9011		-25.0867		0.179612
		8520		8.52e-12		155.967		10.0801		-35.1669		-25.0867		0.177329
		8580		8.58e-12		155.384		10.0424		-35.1292		-25.0867		0.176449
		8640		8.64e-12		155.207		10.0311		-35.1178		-25.0867		0.177309
		8700		8.7e-12		156.361		10.1056		-35.1924		-25.0867		0.179893
		8760		8.76e-12		152.831		9.87744		-34.9642		-25.0867		0.184483
		8820		8.82e-12		151.345		9.78141		-34.8682		-25.0867		0.188156
		8880		8.88e-12		149.289		9.64853		-34.7353		-25.0867		0.189713
		8940		8.94e-12		148.273		9.58285		-34.6696		-25.0867		0.1874
		9000		9e-12		154.714		9.99918		-35.0859		-25.0868		0.180634
		9060		9.06e-12		158.337		10.2333		-35.3201		-25.0867		0.174854
		9120		9.12e-12		157.462		10.1768		-35.2635		-25.0867		0.173588
		9180		9.18e-12		151.594		9.79751		-34.8842		-25.0867		0.176185
		9240		9.24e-12		155.812		10.0701		-35.1569		-25.0868		0.178199
		9300		9.3e-12		154.197		9.96575		-35.0525		-25.0867		0.181803
		9360		9.36e-12		151.994		9.82338		-34.9101		-25.0867		0.185756
		9420		9.42e-12		155.449		10.0467		-35.1334		-25.0868		0.188144
		9480		9.48e-12		151.845		9.81377		-34.9005		-25.0867		0.191915
		9540		9.54e-12		149.122		9.63775		-34.7245		-25.0867		0.194624
		9600		9.6e-12		153.858		9.94385		-35.0306		-25.0868		0.194098
		9660		9.66e-12		150.892		9.75215		-34.8389		-25.0867		0.193876
		9720		9.72e-12		151.678		9.80293		-34.8897		-25.0867		0.19214
		9780		9.78e-12		157.139		10.1559		-35.2427		-25.0867		0.189332
		9840		9.84e-12		153.586		9.92626		-35.013		-25.0867		0.190043
		9900		9.9e-12		148.024		9.56679		-34.6535		-25.0867		0.190727
		9960		9.96e-12		154.02		9.95433		-35.0411		-25.0868		0.187342
		10020		1.002e-11		150.539		9.72936		-34.8161		-25.0867		0.183764
		10080		1.008e-11		156.938		10.1429		-35.2297		-25.0868		0.17845
		10140		1.014e-11		159.926		10.336		-35.4228		-25.0868		0.175517
		10200		1.02e-11		151.98		9.82246		-34.9092		-25.0867		0.177896
		10260		1.026e-11		146.003		9.43616		-34.5229		-25.0867		0.178943
		10320		1.032e-11		156.576		10.1195		-35.2062		-25.0867		0.173452
		10380		1.038e-11		159.957		10.338		-35.4248		-25.0868		0.170378
		10440		1.044e-11		149.38		9.65444		-34.7412		-25.0867		0.172213
		10500		1.05e-11		153.469		9.91871		-35.0055		-25.0868		0.170108
		10560		1.056e-11		161.285		10.4239		-35.5106		-25.0867		0.166915
		10620		1.062e-11		157.468		10.1772		-35.2639		-25.0867		0.17001
		10680		1.068e-11		152.894		9.88155		-34.9683		-25.0867		0.177217
		10740		1.074e-11		149.022		9.63127		-34.718		-25.0867		0.184487
		10800		1.08e-11		149.026		9.63157		-34.7183		-25.0867		0.18831
		10860		1.086e-11		150.971		9.75723		-34.844		-25.0867		0.188142
		10920		1.092e-11		151.82		9.81212		-34.8989		-25.0867		0.186042
		10980		1.098e-11		148.893		9.62295		-34.7097		-25.0867		0.182635
		11040		1.104e-11		155.801		10.0694		-35.1562		-25.0867		0.176332
		11100		1.11e-11		156.965		10.1446		-35.2314		-25.0867		0.17232
		11160		1.116e-11		155.813		10.0702		-35.1569		-25.0867		0.171767
		11220		1.122e-11		153.531		9.92274		-35.0095		-25.0867		0.173038
		11280		1.128e-11		158.483		10.2427		-35.3295		-25.0868		0.174913
		11340		1.134e-11		150.367		9.71823		-34.805		-25.0867		0.181052
		11400		1.14e-11		149.364		9.65338		-34.7401		-25.0867		0.185387
		11460		1.146e-11		153.026		9.89007		-34.9768		-25.0868		0.186299
		11520		1.152e-11		153.081		9.89365		-34.9804		-25.0867		0.186824
		11580		1.158e-11		155.231		10.0326		-35.1193		-25.0868		0.187922
		11640		1.164e-11		150.433		9.72246		-34.8092		-25.0867		0.190575
		11700		1.17e-11		156.262		10.0992		-35.186		-25.0868		0.192093
		11760		1.176e-11		153.496		9.92048		-35.0072		-25.0867		0.19677
		11820		1.182e-11		149.897		9.68784		-34.7746		-25.0867		0.202789
		11880		1.188e-11		147.134		9.50928		-34.596		-25.0867		0.206845
		11940		1.194e-11		145.885		9.42853		-34.5153		-25.0867		0.206718
		12000		1.2e-11		148.229		9.58002		-34.6667		-25.0867		0.200998
		12060		1.206e-11		158.323		10.2324		-35.3191		-25.0867		0.192055
		12120		1.212e-11		159.8		10.3278		-35.4146		-25.0868		0.187941
		12180		1.218e-11		148.219		9.57941		-34.6661		-25.0867		0.189196
		12240		1.224e-11		154.379		9.97753		-35.0643		-25.0867		0.187343
		12300		1.23e-11		157.901		10.2052		-35.2919		-25.0867		0.186841
		12360		1.236e-11		151.442		9.78769		-34.8744		-25.0867		0.190878
		12420		1.242e-11		150.083		9.69987		-34.7866		-25.0867		0.194384
		12480		1.248e-11		150.022		9.69589		-34.7826		-25.0867		0.195839
		12540		1.254e-11		154.463		9.98293		-35.0697		-25.0867		0.195628
		12600		1.26e-11		155.088		10.0233		-35.1101		-25.0867		0.196678
		12660		1.266e-11		148.905		9.62371		-34.7104		-25.0867		0.19919
		12720		1.272e-11		154.667		9.99615		-35.0829		-25.0868		0.199067
		12780		1.278e-11		154.264		9.97008		-35.0568		-25.0867		0.199816
		12840		1.284e-11		153.922		9.94799		-35.0347		-25.0867		0.201819
		12900		1.29e-11		151.851		9.81412		-34.9009		-25.0867		0.20486
		12960		1.296e-11		147.507		9.53338		-34.6201		-25.0867		0.207249
		13020		1.302e-11		147.009		9.5012		-34.5879		-25.0867		0.204833
		13080		1.308e-11		152.294		9.84278		-34.9295		-25.0867		0.197225
		13140		1.314e-11		154.845		10.0077		-35.0944		-25.0867		0.189193
		13200		1.32e-11		157.001		10.147		-35.2337		-25.0867		0.183655
		13260		1.326e-11		152.797		9.87525		-34.962		-25.0867		0.181876
		13320		1.332e-11		152.167		9.83453		-34.9213		-25.0867		0.180222
		13380		1.338e-11		158.882		10.2685		-35.3553		-25.0868		0.178226
		13440		1.344e-11		155.554		10.0534		-35.1402		-25.0867		0.180655
		13500		1.35e-11		151.033		9.76126		-34.848		-25.0867		0.184777
		13560		1.356e-11		152.108		9.83071		-34.9174		-25.0867		0.186526
		13620		1.362e-11		155.511		10.0507		-35.1374		-25.0867		0.18675
		13680		1.368e-11		155.995		10.0819		-35.1687		-25.0868		0.189061
		13740		1.374e-11		148.69		9.60983		-34.6965		-25.0867		0.192831
		13800		1.38e-11		153.49		9.92006		-35.0068		-25.0868		0.193092
		13860		1.386e-11		150.11		9.7016		-34.7883		-25.0867		0.193514
		13920		1.392e-11		153.084		9.89381		-34.9805		-25.0867		0.192245
		13980		1.398e-11		154.163		9.96356		-35.0503		-25.0867		0.191162
		14040		1.404e-11		151.245		9.77494		-34.8617		-25.0867		0.191551
		14100		1.41e-11		154.242		9.96865		-35.0554		-25.0868		0.191651
		14160		1.416e-11		149.862		9.68557		-34.7723		-25.0867		0.192562
		14220		1.422e-11		156.553		10.118		-35.2048		-25.0868		0.191815
		14280		1.428e-11		153.056		9.892		-34.9787		-25.0867		0.193695
		14340		1.434e-11		149.298		9.64912		-34.7359		-25.0867		0.195547
		14400		1.44e-11		150.866		9.75044		-34.8372		-25.0867		0.194423
		14460		1.446e-11		156.295		10.1013		-35.1881		-25.0868		0.191572
		14520		1.452e-11		154.739		10.0008		-35.0875		-25.0867		0.19112
		14580		1.458e-11		150.148		9.70408		-34.7908		-25.0867		0.192186
		14640		1.464e-11		157.73		10.1941		-35.2809		-25.0868		0.191719
		14700		1.47e-11		149.419		9.65696		-34.7437		-25.0867		0.194624
		14760		1.476e-11		147.381		9.52521		-34.6119		-25.0867		0.194393
		14820		1.482e-11		153.723		9.93513		-35.0219		-25.0867		0.188368
		14880		1.488e-11		154.947		10.0143		-35.101		-25.0867		0.182379
		14940		1.494e-11		155.622		10.0579		-35.1446		-25.0867		0.177904
		15000		1.5e-11		156.103		10.089		-35.1757		-25.0867		0.175431
		15060		1.506e-11		154		9.95299		-35.0397		-25.0867		0.175006
		15120		1.512e-11		154.509		9.98589		-35.0726		-25.0868		0.174852
		15180		1.518e-11		151.906		9.81769		-34.9044		-25.0867		0.174752
		15240		1.524e-11		158.446		10.2403		-35.3271		-25.0868		0.173637
		15300		1.53e-11		151.809		9.81144		-34.8982		-25.0867		0.175969
		15360		1.536e-11		152.28		9.84188		-34.9286		-25.0867		0.177549
		15420		1.542e-11		155.923		10.0773		-35.164		-25.0867		0.178203
		15480		1.548e-11		153.592		9.92663		-35.0134		-25.0868		0.181118
		15540		1.554e-11		147.474		9.53127		-34.618		-25.0867		0.182941
		15600		1.56e-11		158.256		10.2281		-35.3149		-25.0868		0.179254
		15660		1.566e-11		155.021		10.019		-35.1057		-25.0867		0.177818
		15720		1.572e-11		154.445		9.98176		-35.0685		-25.0867		0.177719
		15780		1.578e-11		157.805		10.199		-35.2857		-25.0867		0.178618
		15840		1.584e-11		154.753		10.0017		-35.0884		-25.0867		0.183601
		15900		1.59e-11		149.387		9.65487		-34.7416		-25.0867		0.190343
		15960		1.596e-11		152.163		9.83427		-34.921		-25.0867		0.194753
		16020		1.602e-11		151.189		9.77132		-34.858		-25.0867		0.199067
		16080		1.608e-11		152.617		9.86361		-34.9503		-25.0867		0.202742
		16140		1.614e-11		153.025		9.88999		-34.9767		-25.0867		0.206516
		16200		1.62e-11		150.209		9.70803		-34.7948		-25.0867		0.210152
		16260		1.626e-11		148.14		9.57426		-34.661		-25.0867		0.211432
		16320		1.632e-11		148.502		9.59771		-34.6844		-25.0867		0.208478
		16380		1.638e-11		156.589		10.1204		-35.2071		-25.0868		0.202279
		16440		1.644e-11		150.421		9.72169		-34.8084		-25.0867		0.198953
		16500		1.65e-11		153.933		9.94872		-35.0354		-25.0867		0.194085
		16560		1.656e-11		157.382		10.1716		-35.2584		-25.0867		0.189459
		16620		1.662e-11		153.502		9.92083		-35.0076		-25.0867		0.187726
		16680		1.668e-11		154.132		9.96157		-35.0483		-25.0867		0.186472
		16740		1.674e-11		150.348		9.71702		-34.8037		-25.0867		0.18581
		16800		1.68e-11		154.445		9.98181		-35.0685		-25.0867		0.183046
		16860		1.686e-11		154.201		9.96598		-35.0527		-25.0867		0.18119
		16920		1.692e-11		151.829		9.81274		-34.8995		-25.0867		0.180166
		16980		1.698e-11		153.189		9.9006		-34.9873		-25.0867		0.177342
		17040		1.704e-11		160.516		10.3741		-35.4609		-25.0868		0.174423
		17100		1.71e-11		154.741		10.0009		-35.0876		-25.0867		0.176929
		17160		1.716e-11		152.507		9.8565		-34.9432		-25.0867		0.180668
		17220		1.722e-11		152.851		9.87878		-34.9655		-25.0867		0.182762
		17280		1.728e-11		158.407		10.2378		-35.3246		-25.0867		0.18432
		17340		1.734e-11		158.383		10.2363		-35.323		-25.0867		0.190919
		17400		1.74e-11		143.238		9.25747		-34.3442		-25.0867		0.202357
		17460		1.746e-11		148.727		9.6122		-34.699		-25.0868		0.206087
		17520		1.752e-11		151.734		9.80656		-34.8933		-25.0867		0.204806
		17580		1.758e-11		155.992		10.0818		-35.1685		-25.0867		0.202978
		17640		1.764e-11		157.082		10.1522		-35.2389		-25.0867		0.203985
		17700		1.77e-11		152.421		9.85098		-34.9377		-25.0867		0.208723
		17760		1.776e-11		151.201		9.77212		-34.8589		-25.0867		0.213631
		17820		1.782e-11		145.108		9.37832		-34.465		-25.0867		0.217
		17880		1.788e-11		149.213		9.64361		-34.7303		-25.0867		0.214522
		17940		1.794e-11		151.568		9.79586		-34.8826		-25.0867		0.209208
		18000		1.8e-11		154.711		9.99897		-35.0857		-25.0867		0.203505
		18060		1.806e-11		158.185		10.2235		-35.3103		-25.0867		0.199728
		18120		1.812e-11		156.976		10.1454		-35.2321		-25.0867		0.20049
		18180		1.818e-11		149.688		9.67434		-34.7611		-25.0867		0.204739
		18240		1.824e-11		146.676		9.47969		-34.5664		-25.0867		0.206388
		18300		1.83e-11		149.092		9.63579		-34.7225		-25.0867		0.202837
		18360		1.836e-11		154.784		10.0037		-35.0904		-25.0867		0.196321
		18420		1.842e-11		154.411		9.97961		-35.0663		-25.0867		0.191538
		18480		1.848e-11		153.12		9.89614		-34.9828		-25.0867		0.1883
		18540		1.854e-11		161.587		10.4433		-35.5301		-25.0868		0.185879
		18600		1.86e-11		153.524		9.92226		-35.009		-25.0867		0.18979
		18660		1.866e-11		150.593		9.73283		-34.8196		-25.0867		0.19401
		18720		1.872e-11		149.751		9.67841		-34.7651		-25.0867		0.195123
		18780		1.878e-11		157.663		10.1897		-35.2765		-25.0868		0.192601
		18840		1.884e-11		156.508		10.1151		-35.2019		-25.0867		0.192954
		18900		1.89e-11		149.234		9.64502		-34.7317		-25.0867		0.196254
		18960		1.896e-11		155.326		10.0387		-35.1255		-25.0868		0.19717
		19020		1.902e-11		153.389		9.91354		-35.0003		-25.0867		0.199507
		19080		1.908e-11		151.865		9.81501		-34.9018		-25.0867		0.201395
		19140		1.914e-11		154.448		9.982		-35.0687		-25.0867		0.200523
		19200		1.92e-11		155.798		10.0692		-35.156		-25.0867		0.200293
		19260		1.926e-11		150.68		9.73844		-34.8251		-25.0867		0.202074
		19320		1.932e-11		155.121		10.0254		-35.1122		-25.0867		0.202186
		19380		1.938e-11		151.569		9.79588		-34.8826		-25.0867		0.203989
		19440		1.944e-11		147.898		9.55867		-34.6454		-25.0867		0.204212
		19500		1.95e-11		150.512		9.72762		-34.8144		-25.0867		0.199712
		19560		1.956e-11		153.141		9.89751		-34.9842		-25.0867		0.192418
		19620		1.962e-11		158.299		10.2309		-35.3176		-25.0867		0.185055
		19680		1.968e-11		156.27		10.0997		-35.1865		-25.0867		0.181755
		19740		1.974e-11		157.301		10.1664		-35.2531		-25.0867		0.181231
		19800		1.98e-11		153.126		9.89653		-34.9833		-25.0867		0.184116
		19860		1.986e-11		152.779		9.87413		-34.9609		-25.0867		0.187168
		19920		1.992e-11		156.133		10.0909		-35.1776		-25.0867		0.190036
		19980		1.998e-11		153.19		9.90064		-34.9874		-25.0867		0.195115
		20040		2.004e-11		149.154		9.63981		-34.7265		-25.0867		0.200416
		20100		2.01e-11		150.104		9.70124		-34.788		-25.0867		0.203005
		20160		2.016e-11		150.645		9.73621		-34.8229		-25.0867		0.203242
		20220		2.022e-11		150.378		9.7189		-34.8056		-25.0867		0.201816
		20280		2.028e-11		154.056		9.95662		-35.0433		-25.0867		0.199006
		20340		2.034e-11		153.589		9.92648		-35.0132		-25.0867		0.197885
		20400		2.04e-11		147.397		9.5263		-34.613		-25.0867		0.197112
		20460		2.046e-11		156.245		10.0981		-35.1849		-25.0868		0.192211
		20520		2.052e-11		155.241		10.0332		-35.1199		-25.0867		0.188995
		20580		2.058e-11		161.491		10.4371		-35.5239		-25.0867		0.188106
		20640		2.064e-11		158.892		10.2692		-35.3559		-25.0867		0.194337
		20700		2.07e-11		146.764		9.48534		-34.5721		-25.0867		0.205687
		20760		2.076e-11		144.84		9.36101		-34.4477		-25.0867		0.2124
		20820		2.082e-11		150.687		9.73893		-34.8257		-25.0867		0.212295
		20880		2.088e-11		153.073		9.89312		-34.9799		-25.0867		0.210847
		20940		2.094e-11		146.273		9.45362		-34.5403		-25.0867		0.210259
		21000		2.1e-11		148.441		9.59372		-34.6804		-25.0867		0.204396
		21060		2.106e-11		161.745		10.4536		-35.5403		-25.0867		0.194312
		21120		2.112e-11		161.454		10.4348		-35.5215		-25.0868		0.191404
		21180		2.118e-11		146.854		9.49117		-34.5779		-25.0867		0.195207
		21240		2.124e-11		151.776		9.80929		-34.896		-25.0867		0.193803
		21300		2.13e-11		155.806		10.0697		-35.1565		-25.0867		0.191054
		21360		2.136e-11		152.181		9.83546		-34.9222		-25.0867		0.190485
		21420		2.142e-11		154.017		9.95413		-35.0409		-25.0867		0.189002
		21480		2.148e-11		154.696		9.99798		-35.0847		-25.0867		0.18765
		21540		2.154e-11		149.022		9.63128		-34.718		-25.0867		0.186786
		21600		2.16e-11		152.913		9.88277		-34.9695		-25.0867		0.181534
		21660		2.166e-11		159.937		10.3367		-35.4235		-25.0868		0.175374
		21720		2.172e-11		156.038		10.0847		-35.1715		-25.0867		0.174228
		21780		2.178e-11		154.736		10.0006		-35.0873		-25.0867		0.175037
		21840		2.184e-11		155.554		10.0534		-35.1402		-25.0867		0.176918
		21900		2.19e-11		156.785		10.133		-35.2197		-25.0867		0.180469
		21960		2.196e-11		155.466		10.0478		-35.1345		-25.0867		0.187045
		22020		2.202e-11		148.572		9.60223		-34.689		-25.0867		0.194944
		22080		2.208e-11		148.645		9.60694		-34.6937		-25.0867		0.198778
		22140		2.214e-11		151.153		9.769		-34.8557		-25.0867		0.198038
		22200		2.22e-11		155.886		10.0749		-35.1617		-25.0868		0.195394
		22260		2.226e-11		151.133		9.76775		-34.8545		-25.0867		0.193986
		22320		2.232e-11		153.926		9.94822		-35.035		-25.0867		0.190397
		22380		2.238e-11		154.938		10.0136		-35.1004		-25.0867		0.186513
		22440		2.244e-11		153.887		9.94572		-35.0324		-25.0867		0.183481
		22500		2.25e-11		153.124		9.89641		-34.9832		-25.0867		0.180418
		22560		2.256e-11		154.287		9.97159		-35.0583		-25.0867		0.176202
		22620		2.262e-11		155.356		10.0406		-35.1274		-25.0867		0.172415
		22680		2.268e-11		154.113		9.96035		-35.0471		-25.0867		0.170523
		22740		2.274e-11		156.575		10.1195		-35.2062		-25.0867		0.169592
		22800		2.28e-11		155.661		10.0604		-35.1471		-25.0867		0.171423
		22860		2.286e-11		150.203		9.70764		-34.7944		-25.0867		0.175197
		22920		2.292e-11		150.155		9.70452		-34.7912		-25.0867		0.175788
		22980		2.298e-11		162.326		10.4911		-35.5779		-25.0868		0.173689
		23040		2.304e-11		157.671		10.1903		-35.277		-25.0867		0.178541
		23100		2.31e-11		151.896		9.81701		-34.9038		-25.0867		0.187246
		23160		2.316e-11		146.748		9.48435		-34.5711		-25.0867		0.194268
		23220		2.322e-11		156.216		10.0962		-35.183		-25.0868		0.196068
		23280		2.328e-11		153.509		9.92131		-35.0081		-25.0867		0.199807
		23340		2.334e-11		141.322		9.13361		-34.2203		-25.0867		0.203604
		23400		2.34e-11		147.905		9.55911		-34.6458		-25.0867		0.197432
		23460		2.346e-11		159.377		10.3005		-35.3873		-25.0868		0.187157
		23520		2.352e-11		156.604		10.1213		-35.208		-25.0867		0.182405
		23580		2.358e-11		153.227		9.90308		-34.9898		-25.0867		0.181071
		23640		2.364e-11		158.809		10.2638		-35.3506		-25.0867		0.180175
		23700		2.37e-11		156.359		10.1055		-35.1922		-25.0867		0.183935
		23760		2.376e-11		147.152		9.51045		-34.5972		-25.0867		0.190136
		23820		2.382e-11		150.491		9.72622		-34.813		-25.0867		0.190972
		23880		2.388e-11		152.11		9.83085		-34.9176		-25.0867		0.188695
		23940		2.394e-11		152.51		9.85669		-34.9434		-25.0867		0.185245
		24000		2.4e-11		157.208		10.1603		-35.2471		-25.0867		0.181137
		24060		2.406e-11		158.719		10.258		-35.3448		-25.0867		0.180291
		24120		2.412e-11		155.935		10.0781		-35.1648		-25.0867		0.18458
		24180		2.418e-11		153.569		9.92516		-35.0119		-25.0868		0.191609
		24240		2.424e-11		145.558		9.40741		-34.4941		-25.0867		0.197869
		24300		2.43e-11		148.205		9.57851		-34.6652		-25.0867		0.197267
		24360		2.436e-11		156.531		10.1166		-35.2034		-25.0867		0.192114
		24420		2.442e-11		155.341		10.0397		-35.1264		-25.0867		0.189584
		24480		2.448e-11		155.948		10.0789		-35.1657		-25.0867		0.189126
		24540		2.454e-11		154.456		9.98251		-35.0692		-25.0867		0.19057
		24600		2.46e-11		155.475		10.0483		-35.1351		-25.0867		0.193842
		24660		2.466e-11		149.918		9.68923		-34.776		-25.0867		0.199103
		24720		2.472e-11		146.613		9.47561		-34.5623		-25.0867		0.202064
		24780		2.478e-11		147.996		9.565		-34.6517		-25.0867		0.199413
		24840		2.484e-11		153.084		9.89379		-34.9805		-25.0867		0.192186
		24900		2.49e-11		157.741		10.1948		-35.2815		-25.0867		0.185234
		24960		2.496e-11		152.457		9.85327		-34.94		-25.0867		0.1826
		25020		2.502e-11		154.714		9.99917		-35.0859		-25.0867		0.179663
		25080		2.508e-11		160.404		10.3669		-35.4536		-25.0868		0.177695
		25140		2.514e-11		152.133		9.83237		-34.9191		-25.0867		0.181076
		25200		2.52e-11		151.82		9.81215		-34.8989		-25.0867		0.183492
		25260		2.526e-11		153.658		9.93092		-35.0176		-25.0867		0.184156
		25320		2.532e-11		159.964		10.3385		-35.4252		-25.0867		0.186272
		25380		2.538e-11		151.641		9.80055		-34.8873		-25.0867		0.194849
		25440		2.544e-11		147.865		9.55653		-34.6433		-25.0867		0.203185
		25500		2.55e-11		149.677		9.67363		-34.7603		-25.0867		0.207407
		25560		2.556e-11		155.907		10.0763		-35.163		-25.0868		0.209927
		25620		2.562e-11		150.684		9.73873		-34.8255		-25.0867		0.215352
		25680		2.568e-11		145.205		9.38461		-34.4713		-25.0867		0.219715
		25740		2.574e-11		147.587		9.53854		-34.6253		-25.0867		0.217955
		25800		2.58e-11		146.892		9.49364		-34.5804		-25.0867		0.211479
		25860		2.586e-11		153.082		9.89366		-34.9804		-25.0867		0.200365
		25920		2.592e-11		157.883		10.204		-35.2907		-25.0867		0.189011
		25980		2.598e-11		161.389		10.4305		-35.5173		-25.0867		0.181406
		26040		2.604e-11		160.638		10.3821		-35.4688		-25.0867		0.180747
		26100		2.61e-11		151.278		9.77709		-34.8638		-25.0867		0.185985
		26160		2.616e-11		152.219		9.83792		-34.9247		-25.0867		0.189554
		26220		2.622e-11		151.139		9.76811		-34.8549		-25.0867		0.191492
		26280		2.628e-11		148.659		9.60786		-34.6946		-25.0867		0.191194
		26340		2.634e-11		154.717		9.99939		-35.0861		-25.0867		0.187461
		26400		2.64e-11		154.902		10.0113		-35.0981		-25.0867		0.184978
		26460		2.646e-11		150.508		9.7273		-34.814		-25.0867		0.184175
		26520		2.652e-11		152.834		9.87765		-34.9644		-25.0867		0.181737
		26580		2.658e-11		153.086		9.89394		-34.9807		-25.0867		0.178956
		26640		2.664e-11		156.2		10.0952		-35.1819		-25.0867		0.176154
		26700		2.67e-11		155.37		10.0415		-35.1283		-25.0867		0.175209
		26760		2.676e-11		155.597		10.0563		-35.143		-25.0867		0.175744
		26820		2.682e-11		158.367		10.2353		-35.322		-25.0867		0.178226
		26880		2.688e-11		149.8		9.68155		-34.7683		-25.0867		0.1847
		26940		2.694e-11		145.886		9.42864		-34.5154		-25.0867		0.188063
		27000		2.7e-11		152.907		9.88237		-34.9691		-25.0867		0.184379
		27060		2.706e-11		159.564		10.3126		-35.3993		-25.0867		0.179907
		27120		2.712e-11		160.603		10.3797		-35.4665		-25.0867		0.180585
		27180		2.718e-11		154.956		10.0148		-35.1015		-25.0867		0.187084
		27240		2.724e-11		149.879		9.68669		-34.7734		-25.0867		0.194215
		27300		2.73e-11		147.269		9.51797		-34.6047		-25.0867		0.197622
		27360		2.736e-11		152.147		9.83323		-34.92		-25.0867		0.195596
		27420		2.742e-11		160.965		10.4032		-35.4899		-25.0868		0.19186
		27480		2.748e-11		153.481		9.91949		-35.0062		-25.0867		0.193438
		27540		2.754e-11		149.172		9.641		-34.7277		-25.0867		0.195093
		27600		2.76e-11		155.017		10.0187		-35.1055		-25.0867		0.193527
		27660		2.766e-11		155.011		10.0184		-35.1051		-25.0867		0.193544
		27720		2.772e-11		154.382		9.97773		-35.0645		-25.0867		0.195669
		27780		2.778e-11		150.11		9.7016		-34.7883		-25.0867		0.199104
		27840		2.784e-11		152.502		9.8562		-34.9429		-25.0867		0.200237
		27900		2.79e-11		157.156		10.157		-35.2438		-25.0867		0.200865
		27960		2.796e-11		154.491		9.98474		-35.0715		-25.0867		0.20498
		28020		2.802e-11		147.403		9.52666		-34.6134		-25.0867		0.210178
		28080		2.808e-11		150.312		9.71466		-34.8014		-25.0867		0.21117
		28140		2.814e-11		151.243		9.77483		-34.8616		-25.0867		0.209919
		28200		2.82e-11		152.823		9.87695		-34.9637		-25.0867		0.207685
		28260		2.826e-11		153.781		9.93889		-35.0256		-25.0867		0.205639
		28320		2.832e-11		152.473		9.85434		-34.9411		-25.0867		0.204316
		28380		2.838e-11		156.459		10.112		-35.1987		-25.0867		0.20246
		28440		2.844e-11		152.505		9.85643		-34.9432		-25.0867		0.202669
		28500		2.85e-11		152.735		9.87129		-34.958		-25.0867		0.201952
		28560		2.856e-11		155.09		10.0235		-35.1102		-25.0867		0.200514
		28620		2.862e-11		152.459		9.85341		-34.9401		-25.0867		0.200639
		28680		2.868e-11		152.926		9.88362		-34.9703		-25.0867		0.200532
		28740		2.874e-11		151.123		9.76707		-34.8538		-25.0867		0.200462
		28800		2.88e-11		147.372		9.52467		-34.6114		-25.0867		0.198341
		28860		2.886e-11		156.947		10.1435		-35.2302		-25.0867		0.19177
		28920		2.892e-11		159.14		10.2852		-35.372		-25.0867		0.188061
		28980		2.898e-11		151.255		9.77558		-34.8623		-25.0867		0.189271
		29040		2.904e-11		154.763		10.0024		-35.0891		-25.0867		0.189383
		29100		2.91e-11		154.821		10.0061		-35.0928		-25.0867		0.189947
		29160		2.916e-11		155.011		10.0183		-35.1051		-25.0867		0.191311
		29220		2.922e-11		157.086		10.1525		-35.2392		-25.0867		0.193981
		29280		2.928e-11		151.4		9.78501		-34.8717		-25.0867		0.199386
		29340		2.934e-11		154.057		9.95673		-35.0435		-25.0867		0.203419
		29400		2.94e-11		150.906		9.75303		-34.8398		-25.0867		0.207848
		29460		2.946e-11		147.023		9.50209		-34.5888		-25.0867		0.209966
		29520		2.952e-11		152.639		9.86504		-34.9518		-25.0867		0.206546
		29580		2.958e-11		158.318		10.2321		-35.3188		-25.0867		0.20264
		29640		2.964e-11		152.024		9.82532		-34.912		-25.0867		0.202935
		29700		2.97e-11		153.563		9.92478		-35.0115		-25.0867		0.203451
		29760		2.976e-11		149.22		9.64407		-34.7308		-25.0867		0.204032
		29820		2.982e-11		153.643		9.92992		-35.0167		-25.0867		0.202059
		29880		2.988e-11		156.283		10.1006		-35.1873		-25.0867		0.200702
		29940		2.994e-11		150.499		9.72673		-34.8135		-25.0867		0.202321
		30000		3e-11		145.637		9.41255		-34.4993		-25.0867		0.201397
		30060		3.006e-11		155.924		10.0774		-35.1641		-25.0867		0.193313
		30120		3.012e-11		161.499		10.4377		-35.5244		-25.0867		0.186674
		30180		3.018e-11		152		9.82379		-34.9105		-25.0867		0.186615
		30240		3.024e-11		152.052		9.82712		-34.9139		-25.0867		0.185359
		30300		3.03e-11		157.776		10.1971		-35.2838		-25.0867		0.181505
		30360		3.036e-11		155.96		10.0797		-35.1664		-25.0867		0.180311
		30420		3.042e-11		153.732		9.93571		-35.0224		-25.0867		0.180881
		30480		3.048e-11		158.146		10.221		-35.3077		-25.0867		0.181575
		30540		3.054e-11		151.306		9.77889		-34.8656		-25.0867		0.185438
		30600		3.06e-11		154.215		9.9669		-35.0536		-25.0867		0.187413
		30660		3.066e-11		157.05		10.1502		-35.2369		-25.0867		0.190035
		30720		3.072e-11		151.269		9.77649		-34.8632		-25.0867		0.196187
		30780		3.078e-11		149.059		9.63368		-34.7204		-25.0867		0.201222
		30840		3.084e-11		150.706		9.74014		-34.8269		-25.0867		0.203309
		30900		3.09e-11		153.752		9.93696		-35.0237		-25.0867		0.20365
		30960		3.096e-11		151.303		9.7787		-34.8654		-25.0867		0.204887
		31020		3.102e-11		150.839		9.74871		-34.8354		-25.0867		0.20598
		31080		3.108e-11		150.646		9.73628		-34.823		-25.0867		0.206093
		31140		3.114e-11		148.394		9.59068		-34.6774		-25.0867		0.204617
		31200		3.12e-11		161.971		10.4682		-35.5549		-25.0868		0.199208
		31260		3.126e-11		158.924		10.2712		-35.358		-25.0867		0.200255
		31320		3.132e-11		150.465		9.72457		-34.8113		-25.0867		0.20647
		31380		3.138e-11		153.54		9.92327		-35.01		-25.0867		0.210767
		31440		3.144e-11		149.02		9.63116		-34.7179		-25.0867		0.215645
		31500		3.15e-11		148.398		9.59097		-34.6777		-25.0867		0.21795
		31560		3.156e-11		151.321		9.77988		-34.8666		-25.0868		0.217046
		31620		3.162e-11		147.705		9.54619		-34.6329		-25.0867		0.213736
		31680		3.168e-11		153.184		9.90029		-34.987		-25.0867		0.206019
		31740		3.174e-11		155.276		10.0355		-35.1222		-25.0867		0.19814
		31800		3.18e-11		155.45		10.0468		-35.1335		-25.0867		0.192018
		31860		3.186e-11		155.361		10.041		-35.1277		-25.0867		0.187629
		31920		3.192e-11		153.481		9.91945		-35.0062		-25.0867		0.184372
		31980		3.198e-11		152.609		9.86313		-34.9499		-25.0867		0.180898
		32040		3.204e-11		158.227		10.2262		-35.3129		-25.0867		0.176168
		32100		3.21e-11		160.899		10.3989		-35.4856		-25.0868		0.1751
		32160		3.216e-11		151.03		9.76107		-34.8478		-25.0867		0.179364
		32220		3.222e-11		151.457		9.78869		-34.8754		-25.0867		0.18162
		32280		3.228e-11		157.544		10.1821		-35.2688		-25.0867		0.182824
		32340		3.234e-11		152.975		9.88674		-34.9735		-25.0867		0.187157
		32400		3.24e-11		152.071		9.82833		-34.9151		-25.0867		0.191714
		32460		3.246e-11		146.673		9.47948		-34.5662		-25.0867		0.194982
		32520		3.252e-11		150.666		9.73751		-34.8242		-25.0867		0.193164
		32580		3.258e-11		154.871		10.0093		-35.096		-25.0867		0.188967
		32640		3.264e-11		156.327		10.1034		-35.1901		-25.0867		0.186171
		32700		3.27e-11		157.483		10.1782		-35.2649		-25.0867		0.186067
		32760		3.276e-11		152.919		9.88314		-34.9699		-25.0867		0.188696
		32820		3.282e-11		151.433		9.78714		-34.8739		-25.0867		0.190657
		32880		3.288e-11		150.877		9.75119		-34.8379		-25.0867		0.190467
		32940		3.294e-11		152.764		9.87313		-34.9599		-25.0867		0.188123
		33000		3.3e-11		151.438		9.78747		-34.8742		-25.0867		0.184952
		33060		3.306e-11		149.82		9.68288		-34.7696		-25.0867		0.17982
		33120		3.312e-11		159.061		10.2801		-35.3669		-25.0867		0.172218
		33180		3.318e-11		162.985		10.5337		-35.6205		-25.0867		0.16989
		33240		3.324e-11		154.131		9.96146		-35.0482		-25.0867		0.175386
		33300		3.33e-11		153.785		9.93914		-35.0259		-25.0867		0.181897
		33360		3.336e-11		152.178		9.83523		-34.9219		-25.0867		0.188214
		33420		3.342e-11		154.764		10.0024		-35.0891		-25.0867		0.193933
		33480		3.348e-11		149.229		9.64468		-34.7314		-25.0867		0.200658
		33540		3.354e-11		149.122		9.63774		-34.7245		-25.0867		0.204596
		33600		3.36e-11		148.615		9.605		-34.6917		-25.0867		0.205429
		33660		3.366e-11		151.291		9.77795		-34.8647		-25.0867		0.202978
		33720		3.372e-11		155.085		10.0231		-35.1099		-25.0867		0.199465
		33780		3.378e-11		154.886		10.0103		-35.097		-25.0867		0.197812
		33840		3.384e-11		154.482		9.98419		-35.0709		-25.0867		0.197982
		33900		3.39e-11		152.454		9.85311		-34.9398		-25.0867		0.199437
		33960		3.396e-11		153.768		9.93803		-35.0248		-25.0867		0.200646
		34020		3.402e-11		153.223		9.90283		-34.9895		-25.0867		0.202115
		34080		3.408e-11		153.211		9.90201		-34.9887		-25.0867		0.203787
		34140		3.414e-11		153.019		9.88964		-34.9764		-25.0867		0.205801
		34200		3.42e-11		150.108		9.70147		-34.7882		-25.0867		0.208252
		34260		3.426e-11		147.31		9.52062		-34.6073		-25.0867		0.208987
		34320		3.432e-11		151.155		9.76917		-34.8559		-25.0867		0.205336
		34380		3.438e-11		156.082		10.0876		-35.1743		-25.0867		0.199693
		34440		3.444e-11		157.98		10.2102		-35.297		-25.0867		0.196925
		34500		3.45e-11		150.448		9.72344		-34.8102		-25.0867		0.198524
		34560		3.456e-11		147.528		9.53475		-34.6215		-25.0867		0.197755
		34620		3.462e-11		155.507		10.0504		-35.1371		-25.0867		0.192546
		34680		3.468e-11		158.229		10.2263		-35.3131		-25.0867		0.189417
		34740		3.474e-11		155.396		10.0432		-35.13		-25.0867		0.191092
		34800		3.48e-11		148.86		9.62079		-34.7075		-25.0867		0.194338
		34860		3.486e-11		151.386		9.7841		-34.8708		-25.0867		0.193967
		34920		3.492e-11		154.692		9.99775		-35.0845		-25.0867		0.192233
		34980		3.498e-11		149.062		9.63389		-34.7206		-25.0867		0.191535
		35040		3.504e-11		154.824		10.0063		-35.093		-25.0867		0.187638
		35100		3.51e-11		161.844		10.46		-35.5467		-25.0868		0.18521
		35160		3.516e-11		153.185		9.90034		-34.987		-25.0867		0.189792
		35220		3.522e-11		151.505		9.79177		-34.8785		-25.0867		0.195521
		35280		3.528e-11		150.783		9.7451		-34.8318		-25.0867		0.200119
		35340		3.534e-11		149.561		9.6661		-34.7528		-25.0867		0.202714
		35400		3.54e-11		153.915		9.9475		-35.0342		-25.0867		0.203154
		35460		3.546e-11		152.19		9.83601		-34.9227		-25.0867		0.205069
		35520		3.552e-11		151.493		9.791		-34.8777		-25.0867		0.207324
		35580		3.558e-11		149.275		9.64765		-34.7344		-25.0867		0.208118
		35640		3.564e-11		152.195		9.83639		-34.9231		-25.0867		0.205344
		35700		3.57e-11		158.43		10.2393		-35.3261		-25.0867		0.201549
		35760		3.576e-11		156.409		10.1087		-35.1954		-25.0867		0.202372
		35820		3.582e-11		147.74		9.54842		-34.6351		-25.0867		0.205755
		35880		3.588e-11		148.528		9.59936		-34.6861		-25.0867		0.203997
		35940		3.594e-11		149.991		9.6939		-34.7806		-25.0867		0.196888
		36000		3.6e-11		156.725		10.1291		-35.2159		-25.0867		0.186633
		36060		3.606e-11		158.697		10.2566		-35.3433		-25.0867		0.178953
		36120		3.612e-11		155.594		10.0561		-35.1428		-25.0867		0.175788
		36180		3.618e-11		161.961		10.4675		-35.5543		-25.0867		0.175308
		36240		3.624e-11		157.885		10.2041		-35.2908		-25.0867		0.181834
		36300		3.63e-11		148.767		9.61484		-34.7016		-25.0867		0.192255
		36360		3.636e-11		146.301		9.45544		-34.5422		-25.0867		0.199268
		36420		3.642e-11		149.27		9.6473		-34.734		-25.0867		0.200075
		36480		3.648e-11		155.428		10.0453		-35.1321		-25.0868		0.197893
		36540		3.654e-11		148.365		9.58881		-34.6755		-25.0867		0.197163
		36600		3.66e-11		155.4		10.0435		-35.1302		-25.0867		0.193042
		36660		3.666e-11		159.895		10.334		-35.4208		-25.0867		0.190729
		36720		3.672e-11		153.213		9.90219		-34.9889		-25.0867		0.193694
		36780		3.678e-11		154.877		10.0097		-35.0965		-25.0867		0.197312
		36840		3.684e-11		152.41		9.85027		-34.937		-25.0867		0.202334
		36900		3.69e-11		146.774		9.486		-34.5727		-25.0867		0.206514
		36960		3.696e-11		144.443		9.33537		-34.4221		-25.0867		0.20464
		37020		3.702e-11		156.269		10.0997		-35.1864		-25.0867		0.196286
		37080		3.708e-11		155.778		10.0679		-35.1546		-25.0867		0.191099
		37140		3.714e-11		152.276		9.84163		-34.9284		-25.0867		0.189042
		37200		3.72e-11		154.251		9.96925		-35.056		-25.0867		0.186705
		37260		3.726e-11		154.39		9.97821		-35.0649		-25.0867		0.185655
		37320		3.732e-11		149.907		9.6885		-34.7752		-25.0867		0.185489
		37380		3.738e-11		154.405		9.97921		-35.0659		-25.0867		0.182496
		37440		3.744e-11		157.279		10.165		-35.2517		-25.0867		0.179687
		37500		3.75e-11		157.697		10.192		-35.2787		-25.0867		0.179973
		37560		3.756e-11		154.135		9.96177		-35.0485		-25.0867		0.183961
		37620		3.762e-11		153.713		9.93447		-35.0212		-25.0867		0.189651
		37680		3.768e-11		150.5		9.72685		-34.8136		-25.0867		0.195698
		37740		3.774e-11		151.983		9.82269		-34.9094		-25.0867		0.199452
		37800		3.78e-11		147.454		9.52997		-34.6167		-25.0867		0.201541
		37860		3.786e-11		152.561		9.86		-34.9467		-25.0867		0.199168
		37920		3.792e-11		157.954		10.2086		-35.2953		-25.0867		0.196436
		37980		3.798e-11		151.135		9.76786		-34.8546		-25.0867		0.197899
		38040		3.804e-11		148.08		9.57043		-34.6572		-25.0867		0.197528
		38100		3.81e-11		150.484		9.72576		-34.8125		-25.0867		0.191889
		38160		3.816e-11		154.97		10.0157		-35.1025		-25.0867		0.183173
		38220		3.822e-11		157.212		10.1606		-35.2473		-25.0867		0.175438
		38280		3.828e-11		157.921		10.2065		-35.2932		-25.0867		0.170823
		38340		3.834e-11		160.785		10.3915		-35.4783		-25.0867		0.170383
		38400		3.84e-11		151.64		9.80051		-34.8872		-25.0867		0.175736
		38460		3.846e-11		152.448		9.85271		-34.9395		-25.0867		0.179861
		38520		3.852e-11		152.488		9.85531		-34.942		-25.0867		0.182361
		38580		3.858e-11		151.634		9.80007		-34.8868		-25.0867		0.183168
		38640		3.864e-11		155.137		10.0265		-35.1133		-25.0867		0.182032
		38700		3.87e-11		156.478		10.1132		-35.1999		-25.0867		0.182487
		38760		3.876e-11		152.483		9.85496		-34.9417		-25.0867		0.18546
		38820		3.882e-11		151.08		9.76427		-34.851		-25.0867		0.187659
		38880		3.888e-11		151.541		9.79409		-34.8808		-25.0867		0.187108
		38940		3.894e-11		154.846		10.0077		-35.0944		-25.0867		0.183986
		39000		3.9e-11		156.67		10.1256		-35.2123		-25.0867		0.1822
		39060		3.906e-11		157.75		10.1954		-35.2821		-25.0867		0.183766
		39120		3.912e-11		154.111		9.96021		-35.0469		-25.0867		0.189179
		39180		3.918e-11		149.948		9.69116		-34.7779		-25.0867		0.195444
		39240		3.924e-11		153.174		9.89964		-34.9864		-25.0867		0.198575
		39300		3.93e-11		153.105		9.89517		-34.9819		-25.0867		0.200553
		39360		3.936e-11		147.735		9.54813		-34.6349		-25.0867		0.201043
		39420		3.942e-11		151.221		9.77338		-34.8601		-25.0867		0.196191
		39480		3.948e-11		159.159		10.2865		-35.3732		-25.0867		0.188928
		39540		3.954e-11		159.908		10.3348		-35.4216		-25.0868		0.186401
		39600		3.96e-11		147.673		9.54411		-34.6308		-25.0867		0.188564
		39660		3.966e-11		151.023		9.76063		-34.8474		-25.0867		0.185384
		39720		3.972e-11		158.434		10.2396		-35.3263		-25.0867		0.179841
		39780		3.978e-11		153.768		9.93799		-35.0247		-25.0867		0.178329
		39840		3.984e-11		155.115		10.0251		-35.1118		-25.0868		0.177209
		39900		3.99e-11		156.314		10.1025		-35.1893		-25.0867		0.17656
		39960		3.996e-11		158.042		10.2142		-35.301		-25.0867		0.179064
		40020		4.002e-11		152.179		9.83536		-34.9221		-25.0867		0.185825
		40080		4.008e-11		153.929		9.94842		-35.0352		-25.0867		0.19228
		40140		4.014e-11		152.125		9.83187		-34.9186		-25.0867		0.197913
		40200		4.02e-11		151.155		9.76912		-34.8559		-25.0867		0.201501
		40260		4.026e-11		149.385		9.65476		-34.7415		-25.0867		0.202881
		40320		4.032e-11		152.218		9.83785		-34.9246		-25.0867		0.200974
		40380		4.038e-11		160.537		10.3755		-35.4622		-25.0868		0.198799
		40440		4.044e-11		152.992		9.88788		-34.9746		-25.0867		0.202721
		40500		4.05e-11		148.017		9.56632		-34.653		-25.0867		0.207496
		40560		4.056e-11		153.702		9.93378		-35.0205		-25.0868		0.208888
		40620		4.062e-11		149.673		9.67336		-34.7601		-25.0867		0.210205
		40680		4.068e-11		152.374		9.84791		-34.9346		-25.0867		0.208339
		40740		4.074e-11		154.579		9.99041		-35.0771		-25.0867		0.204787
		40800		4.08e-11		152.24		9.83926		-34.926		-25.0867		0.2018
		40860		4.086e-11		153.896		9.9463		-35.033		-25.0867		0.197729
		40920		4.092e-11		153.008		9.88889		-34.9756		-25.0867		0.19385
		40980		4.098e-11		153.337		9.9102		-34.9969		-25.0867		0.190182
		41040		4.104e-11		154.231		9.96796		-35.0547		-25.0867		0.186876
		41100		4.11e-11		155.502		10.0501		-35.1368		-25.0867		0.184841
		41160		4.116e-11		156.651		10.1244		-35.2111		-25.0867		0.185124
		41220		4.122e-11		153.289		9.90705		-34.9938		-25.0867		0.188513
		41280		4.128e-11		151.589		9.79716		-34.8839		-25.0867		0.192413
		41340		4.134e-11		152.763		9.8731		-34.9598		-25.0867		0.195059
		41400		4.14e-11		155.374		10.0418		-35.1285		-25.0867		0.198123
		41460		4.146e-11		152.172		9.83491		-34.9216		-25.0867		0.203191
		41520		4.152e-11		150.818		9.74739		-34.8341		-25.0867		0.207591
		41580		4.158e-11		147.158		9.5108		-34.5975		-25.0867		0.209294
		41640		4.164e-11		155.056		10.0213		-35.108		-25.0867		0.206167
		41700		4.17e-11		155.979		10.0809		-35.1677		-25.0867		0.204475
		41760		4.176e-11		150.72		9.74106		-34.8278		-25.0867		0.205379
		41820		4.182e-11		156.208		10.0957		-35.1825		-25.0868		0.204965
		41880		4.188e-11		151.86		9.8147		-34.9014		-25.0867		0.206594
		41940		4.194e-11		154.548		9.98842		-35.0752		-25.0867		0.207693
		42000		4.2e-11		152.018		9.82493		-34.9117		-25.0867		0.210289
		42060		4.206e-11		147.879		9.55743		-34.6441		-25.0867		0.212685
		42120		4.212e-11		150.188		9.70665		-34.7934		-25.0867		0.211153
		42180		4.218e-11		149.046		9.63287		-34.7196		-25.0867		0.207104
		42240		4.224e-11		149.423		9.65722		-34.7439		-25.0867		0.19967
		42300		4.23e-11		155.23		10.0325		-35.1192		-25.0867		0.189465
		42360		4.236e-11		162.634		10.511		-35.5977		-25.0867		0.181714
		42420		4.242e-11		158.087		10.2172		-35.3039		-25.0867		0.182059
		42480		4.248e-11		149.514		9.66311		-34.7498		-25.0867		0.186125
		42540		4.254e-11		149.002		9.63001		-34.7167		-25.0867		0.186345
		42600		4.26e-11		158.486		10.2429		-35.3297		-25.0867		0.182545
		42660		4.266e-11		160.642		10.3823		-35.469		-25.0868		0.182693
		42720		4.272e-11		148.73		9.61244		-34.6991		-25.0867		0.188037
		42780		4.278e-11		152.412		9.85036		-34.9371		-25.0867		0.18964
		42840		4.284e-11		156.515		10.1156		-35.2023		-25.0867		0.189814
		42900		4.29e-11		153.605		9.92748		-35.0142		-25.0867		0.192566
		42960		4.296e-11		152.688		9.86824		-34.955		-25.0867		0.195793
		43020		4.302e-11		151.142		9.76833		-34.8551		-25.0867		0.19789
		43080		4.308e-11		155.535		10.0522		-35.1389		-25.0867		0.197802
		43140		4.314e-11		155.918		10.0769		-35.1637		-25.0867		0.199308
		43200		4.32e-11		148.117		9.57281		-34.6595		-25.0867		0.202843
		43260		4.326e-11		153.083		9.89375		-34.9805		-25.0868		0.201799
		43320		4.332e-11		156.07		10.0868		-35.1735		-25.0867		0.199632
		43380		4.338e-11		157.081		10.1521		-35.2389		-25.0867		0.200421
		43440		4.344e-11		150.039		9.69705		-34.7838		-25.0867		0.204042
		43500		4.35e-11		148.65		9.60728		-34.694		-25.0867		0.204938
		43560		4.356e-11		151.943		9.82011		-34.9068		-25.0867		0.201325
		43620		4.362e-11		151.904		9.81757		-34.9043		-25.0867		0.195261
		43680		4.368e-11		158.486		10.2429		-35.3297		-25.0867		0.187449
		43740		4.374e-11		153.28		9.90645		-34.9932		-25.0867		0.18277
		43800		4.38e-11		152.925		9.88351		-34.9702		-25.0867		0.177201
		43860		4.386e-11		160.308		10.3607		-35.4474		-25.0867		0.170592
		43920		4.392e-11		159.013		10.277		-35.3637		-25.0867		0.169248
		43980		4.398e-11		155.051		10.021		-35.1077		-25.0867		0.172577
		44040		4.404e-11		152.819		9.87667		-34.9634		-25.0867		0.177368
		44100		4.41e-11		150.529		9.72872		-34.8154		-25.0867		0.181763
		44160		4.416e-11		152.663		9.8666		-34.9533		-25.0867		0.184328
		44220		4.422e-11		153.241		9.90398		-34.9907		-25.0867		0.186447
		44280		4.428e-11		151.447		9.788		-34.8747		-25.0867		0.188383
		44340		4.434e-11		150.331		9.7159		-34.8026		-25.0867		0.188387
		44400		4.44e-11		155.461		10.0475		-35.1342		-25.0867		0.185972
		44460		4.446e-11		155.359		10.0409		-35.1276		-25.0867		0.18526
		44520		4.452e-11		150.728		9.74157		-34.8283		-25.0867		0.185424
		44580		4.458e-11		158.113		10.2188		-35.3056		-25.0867		0.182993
		44640		4.464e-11		157.473		10.1775		-35.2642		-25.0867		0.183693
		44700		4.47e-11		156.45		10.1114		-35.1981		-25.0867		0.188066
		44760		4.476e-11		152.221		9.83803		-34.9247		-25.0867		0.194152
		44820		4.482e-11		159.331		10.2975		-35.3843		-25.0868		0.199104
		44880		4.488e-11		151.586		9.79698		-34.8837		-25.0867		0.207981
		44940		4.494e-11		151.821		9.8122		-34.8989		-25.0867		0.215287
		45000		4.5e-11		155.765		10.0671		-35.1539		-25.0868		0.2213
		45060		4.506e-11		145.716		9.41764		-34.5043		-25.0867		0.228912
		45120		4.512e-11		146.384		9.46081		-34.5475		-25.0867		0.230591
		45180		4.518e-11		149.106		9.63673		-34.7235		-25.0867		0.22625
		45240		4.524e-11		150.245		9.7103		-34.797		-25.0867		0.217861
		45300		4.53e-11		158.458		10.2411		-35.3279		-25.0867		0.207256
		45360		4.536e-11		154.319		9.97365		-35.0604		-25.0867		0.200955
		45420		4.542e-11		150.434		9.72252		-34.8092		-25.0867		0.195926
		45480		4.548e-11		155.445		10.0464		-35.1331		-25.0867		0.188804
		45540		4.554e-11		158.909		10.2703		-35.357		-25.0867		0.184116
		45600		4.56e-11		151.066		9.76338		-34.8501		-25.0867		0.184024
		45660		4.566e-11		155.249		10.0337		-35.1204		-25.0867		0.183207
		45720		4.572e-11		154.121		9.96086		-35.0476		-25.0867		0.183902
		45780		4.578e-11		151.906		9.81769		-34.9044		-25.0867		0.185314
		45840		4.584e-11		151.67		9.80246		-34.8892		-25.0867		0.185463
		45900		4.59e-11		149.59		9.66801		-34.7547		-25.0867		0.184037
		45960		4.596e-11		159.049		10.2794		-35.3661		-25.0867		0.179727
		46020		4.602e-11		159.985		10.3398		-35.4265		-25.0867		0.179605
		46080		4.608e-11		157.501		10.1793		-35.266		-25.0867		0.184961
		46140		4.614e-11		156.832		10.136		-35.2228		-25.0867		0.193591
		46200		4.62e-11		151.787		9.81002		-34.8968		-25.0867		0.204945
		46260		4.626e-11		147.586		9.53849		-34.6252		-25.0867		0.214455
		46320		4.632e-11		147.719		9.54711		-34.6338		-25.0867		0.218709
		46380		4.638e-11		151.409		9.78556		-34.8723		-25.0867		0.218391
		46440		4.644e-11		149.652		9.67201		-34.7587		-25.0867		0.216403
		46500		4.65e-11		156.179		10.0938		-35.1806		-25.0867		0.212664
		46560		4.656e-11		155.616		10.0575		-35.1442		-25.0867		0.211892
		46620		4.662e-11		148.185		9.57722		-34.6639		-25.0867		0.213808
		46680		4.668e-11		147.129		9.50892		-34.5956		-25.0867		0.211555
		46740		4.674e-11		155.953		10.0793		-35.166		-25.0867		0.204799
		46800		4.68e-11		153.417		9.91531		-35.002		-25.0867		0.201374
		46860		4.686e-11		152.806		9.87584		-34.9626		-25.0867		0.200022
		46920		4.692e-11		154.644		9.99464		-35.0814		-25.0867		0.199091
		46980		4.698e-11		155.296		10.0368		-35.1235		-25.0867		0.199817
		47040		4.704e-11		153.346		9.91075		-34.9975		-25.0867		0.202807
		47100		4.71e-11		143.675		9.28574		-34.3724		-25.0867		0.205637
		47160		4.716e-11		150.475		9.72519		-34.8119		-25.0867		0.199928
		47220		4.722e-11		157.492		10.1787		-35.2654		-25.0867		0.191515
		47280		4.728e-11		159.978		10.3394		-35.4261		-25.0867		0.187831
		47340		4.734e-11		155.865		10.0736		-35.1603		-25.0867		0.190475
		47400		4.74e-11		153.772		9.93831		-35.025		-25.0867		0.195656
		47460		4.746e-11		154.323		9.97387		-35.0606		-25.0867		0.20116
		47520		4.752e-11		146.305		9.45571		-34.5424		-25.0867		0.206754
		47580		4.758e-11		150.927		9.7544		-34.8411		-25.0867		0.206139
		47640		4.764e-11		157.094		10.153		-35.2397		-25.0867		0.20329
		47700		4.77e-11		155.498		10.0498		-35.1366		-25.0867		0.203522
		47760		4.776e-11		147.021		9.50197		-34.5887		-25.0867		0.205274
		47820		4.782e-11		154.899		10.0111		-35.0978		-25.0867		0.202429
		47880		4.788e-11		155.313		10.0379		-35.1246		-25.0867		0.200626
		47940		4.794e-11		153.748		9.9367		-35.0234		-25.0867		0.20095
		48000		4.8e-11		151.784		9.80978		-34.8965		-25.0867		0.201479
		48060		4.806e-11		150.606		9.73366		-34.8204		-25.0867		0.201168
		48120		4.812e-11		156.775		10.1324		-35.2191		-25.0867		0.199622
		48180		4.818e-11		158.548		10.2469		-35.3337		-25.0867		0.20247
		48240		4.824e-11		143.332		9.26357		-34.3503		-25.0867		0.210557
		48300		4.83e-11		146.482		9.46715		-34.5539		-25.0867		0.211599
		48360		4.836e-11		154.601		9.99187		-35.0786		-25.0867		0.207704
		48420		4.842e-11		150.744		9.74256		-34.8293		-25.0867		0.206577
		48480		4.848e-11		149.554		9.6657		-34.7524		-25.0867		0.205634
		48540		4.854e-11		151.931		9.81933		-34.9061		-25.0867		0.203145
		48600		4.86e-11		153.386		9.91332		-35		-25.0867		0.200757
		48660		4.866e-11		158.373		10.2356		-35.3224		-25.0867		0.200035
		48720		4.872e-11		151.191		9.77148		-34.8582		-25.0867		0.204204
		48780		4.878e-11		147.438		9.52892		-34.6156		-25.0867		0.207559
		48840		4.884e-11		149.258		9.64652		-34.7332		-25.0867		0.205935
		48900		4.89e-11		156.039		10.0848		-35.1715		-25.0868		0.201343
		48960		4.896e-11		150.497		9.72659		-34.8133		-25.0867		0.199033
		49020		4.902e-11		155.629		10.0583		-35.145		-25.0867		0.195282
		49080		4.908e-11		158.368		10.2353		-35.322		-25.0867		0.193055
		49140		4.914e-11		153.679		9.93227		-35.019		-25.0867		0.194521
		49200		4.92e-11		150.978		9.75772		-34.8445		-25.0867		0.195672
		49260		4.926e-11		155.06		10.0215		-35.1083		-25.0867		0.193578
		49320		4.932e-11		155.866		10.0736		-35.1603		-25.0867		0.191592
		49380		4.938e-11		157.783		10.1975		-35.2842		-25.0867		0.192024
		49440		4.944e-11		150.416		9.72136		-34.8081		-25.0867		0.196085
		49500		4.95e-11		145.904		9.4298		-34.5165		-25.0867		0.197633
		49560		4.956e-11		151.736		9.80667		-34.8934		-25.0867		0.193957
		49620		4.962e-11		154.632		9.99386		-35.0806		-25.0867		0.189924
		49680		4.968e-11		159.062		10.2801		-35.3669		-25.0867		0.188071
		49740		4.974e-11		155.314		10.0379		-35.1247		-25.0867		0.191348
		49800		4.98e-11		152.004		9.82399		-34.9107		-25.0867		0.196936
		49860		4.986e-11		150.947		9.75573		-34.8425		-25.0867		0.201946
		49920		4.992e-11		151.156		9.76924		-34.856		-25.0867		0.204954
		49980		4.998e-11		152.637		9.86494		-34.9517		-25.0867		0.205986
		50040		5.004e-11		148.478		9.59611		-34.6828		-25.0867		0.206483
		50100		5.01e-11		151.245		9.77495		-34.8617		-25.0867		0.203371
		50160		5.016e-11		153.052		9.89173		-34.9785		-25.0867		0.19845
		50220		5.022e-11		150.886		9.75174		-34.8385		-25.0867		0.193302
		50280		5.028e-11		150.745		9.74264		-34.8293		-25.0867		0.186039
		50340		5.034e-11		158.395		10.2371		-35.3238		-25.0867		0.177413
		50400		5.04e-11		156.083		10.0876		-35.1744		-25.0867		0.173048
		50460		5.046e-11		153.151		9.89818		-34.9849		-25.0867		0.170497
		50520		5.052e-11		160.113		10.3481		-35.4348		-25.0867		0.167211
		50580		5.058e-11		159.425		10.3036		-35.3904		-25.0867		0.168417
		50640		5.064e-11		155.411		10.0442		-35.131		-25.0867		0.174029
		50700		5.07e-11		152.463		9.85368		-34.9404		-25.0867		0.180688
		50760		5.076e-11		150.996		9.75889		-34.8456		-25.0867		0.185935
		50820		5.082e-11		147.868		9.55674		-34.6435		-25.0867		0.188513
		50880		5.088e-11		149.491		9.6616		-34.7483		-25.0867		0.186135
		50940		5.094e-11		155.652		10.0598		-35.1465		-25.0867		0.180871
		51000		5.1e-11		154.797		10.0045		-35.0912		-25.0867		0.177117
		51060		5.106e-11		158.462		10.2414		-35.3281		-25.0867		0.175013
		51120		5.112e-11		152.306		9.84355		-34.9303		-25.0867		0.177115
		51180		5.118e-11		154.769		10.0027		-35.0894		-25.0867		0.178684
		51240		5.124e-11		154.83		10.0067		-35.0934		-25.0867		0.18128
		51300		5.13e-11		147.186		9.51266		-34.5994		-25.0867		0.185375
		51360		5.136e-11		147.313		9.52086		-34.6076		-25.0867		0.184412
		51420		5.142e-11		154.343		9.97517		-35.0619		-25.0867		0.177359
		51480		5.148e-11		158.624		10.2519		-35.3386		-25.0867		0.17032
		51540		5.154e-11		158.859		10.267		-35.3538		-25.0867		0.168298
		51600		5.16e-11		156.583		10.1199		-35.2067		-25.0867		0.171769
		51660		5.166e-11		148.339		9.58712		-34.6738		-25.0867		0.177454
		51720		5.172e-11		154.134		9.96166		-35.0484		-25.0868		0.178376
		51780		5.178e-11		152.733		9.87114		-34.9579		-25.0867		0.17843
		51840		5.184e-11		151.642		9.80059		-34.8873		-25.0867		0.178019
		51900		5.19e-11		159.062		10.2801		-35.3669		-25.0867		0.176988
		51960		5.196e-11		156.292		10.1011		-35.1879		-25.0867		0.180951
		52020		5.202e-11		153.058		9.89217		-34.9789		-25.0867		0.187237
		52080		5.208e-11		153.644		9.92999		-35.0167		-25.0867		0.192543
		52140		5.214e-11		153.559		9.92454		-35.0113		-25.0867		0.197275
		52200		5.22e-11		154.457		9.98254		-35.0693		-25.0867		0.201981
		52260		5.226e-11		147.594		9.53901		-34.6257		-25.0867		0.207553
		52320		5.232e-11		149.883		9.68695		-34.7737		-25.0867		0.209
		52380		5.238e-11		153.004		9.88864		-34.9754		-25.0867		0.20816
		52440		5.244e-11		148.207		9.5786		-34.6653		-25.0867		0.207245
		52500		5.25e-11		153.101		9.89489		-34.9816		-25.0867		0.202929
		52560		5.256e-11		149.706		9.6755		-34.7622		-25.0867		0.198325
		52620		5.262e-11		156.201		10.0953		-35.182		-25.0867		0.191991
		52680		5.268e-11		151.204		9.77232		-34.859		-25.0867		0.18839
		52740		5.274e-11		150.498		9.72672		-34.8134		-25.0867		0.183825
		52800		5.28e-11		160.244		10.3566		-35.4433		-25.0867		0.17719
		52860		5.286e-11		157.265		10.164		-35.2508		-25.0867		0.175962
		52920		5.292e-11		155.169		10.0286		-35.1153		-25.0867		0.178178
		52980		5.298e-11		153.508		9.92122		-35.008		-25.0867		0.181261
		53040		5.304e-11		149.056		9.63346		-34.7202		-25.0867		0.183981
		53100		5.31e-11		153.902		9.94668		-35.0334		-25.0867		0.183129
		53160		5.316e-11		157.796		10.1983		-35.2851		-25.0867		0.182557
		53220		5.322e-11		153.101		9.89489		-34.9816		-25.0867		0.184911
		53280		5.328e-11		154.458		9.98263		-35.0694		-25.0867		0.186942
		53340		5.334e-11		154.652		9.99516		-35.0819		-25.0867		0.189334
		53400		5.34e-11		151.564		9.79558		-34.8823		-25.0867		0.19215
		53460		5.346e-11		156.768		10.1319		-35.2186		-25.0867		0.19417
		53520		5.352e-11		154.889		10.0105		-35.0972		-25.0867		0.198596
		53580		5.358e-11		147.574		9.5377		-34.6244		-25.0867		0.203308
		53640		5.364e-11		152.358		9.84689		-34.9336		-25.0867		0.203537
		53700		5.37e-11		149.292		9.64877		-34.7355		-25.0867		0.202869
		53760		5.376e-11		152.571		9.86064		-34.9474		-25.0867		0.199105
		53820		5.382e-11		152.47		9.85417		-34.9409		-25.0867		0.193784
		53880		5.388e-11		155.731		10.0649		-35.1516		-25.0867		0.187305
		53940		5.394e-11		159.388		10.3013		-35.388		-25.0867		0.182259
		54000		5.4e-11		155.447		10.0465		-35.1332		-25.0867		0.182034
		54060		5.406e-11		152.638		9.86502		-34.9517		-25.0867		0.183543
		54120		5.412e-11		154.351		9.9757		-35.0624		-25.0867		0.18472
		54180		5.418e-11		154.509		9.98594		-35.0727		-25.0867		0.186641
		54240		5.424e-11		151.789		9.81015		-34.8969		-25.0867		0.188271
		54300		5.43e-11		154.755		10.0018		-35.0885		-25.0867		0.187432
		54360		5.436e-11		157.658		10.1895		-35.2762		-25.0867		0.187263
		54420		5.442e-11		155.148		10.0272		-35.114		-25.0867		0.190655
		54480		5.448e-11		151.473		9.7897		-34.8764		-25.0867		0.195737
		54540		5.454e-11		149.673		9.67338		-34.7601		-25.0867		0.199332
		54600		5.46e-11		152.212		9.83747		-34.9242		-25.0867		0.200409
		54660		5.466e-11		152.391		9.84901		-34.9357		-25.0867		0.200563
		54720		5.472e-11		153.65		9.93037		-35.0171		-25.0867		0.200402
		54780		5.478e-11		151.252		9.7754		-34.8621		-25.0867		0.200859
		54840		5.484e-11		151.646		9.80086		-34.8876		-25.0867		0.200286
		54900		5.49e-11		152.907		9.88239		-34.9691		-25.0867		0.198698
		54960		5.496e-11		155.747		10.0659		-35.1527		-25.0867		0.197146
		55020		5.502e-11		158.357		10.2346		-35.3213		-25.0867		0.198412
		55080		5.508e-11		150.892		9.75214		-34.8388		-25.0867		0.203682
		55140		5.514e-11		148.984		9.62884		-34.7156		-25.0867		0.206732
		55200		5.52e-11		151.302		9.77862		-34.8653		-25.0867		0.205716
		55260		5.526e-11		153.384		9.91319		-34.9999		-25.0867		0.203819
		55320		5.532e-11		147.473		9.53119		-34.6179		-25.0867		0.202374
		55380		5.538e-11		152.623		9.86405		-34.9508		-25.0867		0.19593
		55440		5.544e-11		159.143		10.2854		-35.3721		-25.0867		0.188662
		55500		5.55e-11		153.828		9.94193		-35.0286		-25.0867		0.186077
		55560		5.556e-11		154.545		9.98826		-35.075		-25.0867		0.183842
		55620		5.562e-11		158.161		10.2219		-35.3087		-25.0868		0.182263
		55680		5.568e-11		148.976		9.6283		-34.715		-25.0867		0.183867
		55740		5.574e-11		150.274		9.71219		-34.7989		-25.0867		0.181159
		55800		5.58e-11		159.317		10.2967		-35.3834		-25.0867		0.17522
		55860		5.586e-11		158.675		10.2552		-35.3419		-25.0867		0.174056
		55920		5.592e-11		155.866		10.0736		-35.1604		-25.0867		0.177309
		55980		5.598e-11		154.3		9.97244		-35.0592		-25.0867		0.183114
		56040		5.604e-11		151.841		9.8135		-34.9002		-25.0867		0.190179
		56100		5.61e-11		147.962		9.56278		-34.6495		-25.0867		0.195686
		56160		5.616e-11		153.264		9.90542		-34.9922		-25.0867		0.197153
		56220		5.622e-11		152.269		9.84117		-34.9279		-25.0867		0.198331
		56280		5.628e-11		152.682		9.86785		-34.9546		-25.0867		0.199089
		56340		5.634e-11		146.996		9.50035		-34.5871		-25.0867		0.199316
		56400		5.64e-11		151.591		9.79735		-34.8841		-25.0867		0.195225
		56460		5.646e-11		156.352		10.105		-35.1918		-25.0867		0.189919
		56520		5.652e-11		156.438		10.1106		-35.1973		-25.0867		0.187368
		56580		5.658e-11		156.792		10.1335		-35.2202		-25.0867		0.187998
		56640		5.664e-11		150.16		9.70484		-34.7916		-25.0867		0.191207
		56700		5.67e-11		148.739		9.61298		-34.6997		-25.0867		0.191681
		56760		5.676e-11		151.62		9.79919		-34.8859		-25.0867		0.188755
		56820		5.682e-11		152.788		9.87471		-34.9614		-25.0867		0.184947
		56880		5.688e-11		157.566		10.1835		-35.2703		-25.0867		0.182155
		56940		5.694e-11		153.998		9.95288		-35.0396		-25.0867		0.18266
		57000		5.7e-11		157.666		10.1899		-35.2767		-25.0867		0.184218
		57060		5.706e-11		150.805		9.74652		-34.8332		-25.0867		0.18913
		57120		5.712e-11		151.821		9.81221		-34.8989		-25.0867		0.191873
		57180		5.718e-11		156.799		10.1339		-35.2207		-25.0867		0.193302
		57240		5.724e-11		154.052		9.95638		-35.0431		-25.0867		0.19835
		57300		5.73e-11		147.898		9.55861		-34.6453		-25.0867		0.205073
		57360		5.736e-11		145.575		9.40852		-34.4952		-25.0867		0.207801
		57420		5.742e-11		150.909		9.75326		-34.84		-25.0867		0.20466
		57480		5.748e-11		151.52		9.79273		-34.8795		-25.0867		0.199073
		57540		5.754e-11		156.888		10.1397		-35.2264		-25.0867		0.191506
		57600		5.76e-11		158.654		10.2538		-35.3405		-25.0867		0.186545
		57660		5.766e-11		155.606		10.0568		-35.1435		-25.0867		0.1861
		57720		5.772e-11		152.852		9.87881		-34.9655		-25.0867		0.187372
		57780		5.778e-11		153.827		9.94182		-35.0285		-25.0867		0.188139
		57840		5.784e-11		153.903		9.94675		-35.0335		-25.0867		0.189363
		57900		5.79e-11		150.373		9.71861		-34.8053		-25.0867		0.191201
		57960		5.796e-11		153.092		9.89436		-34.9811		-25.0867		0.190954
		58020		5.802e-11		158.051		10.2149		-35.3016		-25.0867		0.191549
		58080		5.808e-11		148.882		9.62224		-34.7089		-25.0867		0.196494
		58140		5.814e-11		146.098		9.44231		-34.529		-25.0867		0.198671
		58200		5.82e-11		149.252		9.64616		-34.7329		-25.0867		0.195173
		58260		5.826e-11		152.783		9.87434		-34.9611		-25.0867		0.18855
		58320		5.832e-11		154.166		9.96373		-35.0504		-25.0867		0.18179
		58380		5.838e-11		159.721		10.3228		-35.4095		-25.0867		0.176716
		58440		5.844e-11		155.622		10.0579		-35.1446		-25.0867		0.1772
		58500		5.85e-11		153.339		9.91029		-34.997		-25.0867		0.180254
		58560		5.856e-11		152.379		9.84825		-34.935		-25.0867		0.18369
		58620		5.862e-11		151.544		9.7943		-34.881		-25.0867		0.186173
		58680		5.868e-11		153.902		9.94669		-35.0334		-25.0867		0.18725
		58740		5.874e-11		150.452		9.72374		-34.8105		-25.0867		0.18896
		58800		5.88e-11		147.678		9.54445		-34.6312		-25.0867		0.188655
		58860		5.886e-11		154.725		9.99988		-35.0866		-25.0867		0.183703
		58920		5.892e-11		159.422		10.3034		-35.3902		-25.0867		0.179702
		58980		5.898e-11		152.113		9.83104		-34.9178		-25.0867		0.180065
		59040		5.904e-11		152.791		9.87491		-34.9616		-25.0867		0.178605
		59100		5.91e-11		158.464		10.2416		-35.3283		-25.0868		0.175599
		59160		5.916e-11		152.035		9.82602		-34.9127		-25.0867		0.175534
		59220		5.922e-11		156.371		10.1063		-35.193		-25.0867		0.174647
		59280		5.928e-11		157.824		10.2002		-35.2869		-25.0867		0.175885
		59340		5.934e-11		153.545		9.9236		-35.0103		-25.0867		0.180969
		59400		5.94e-11		154.257		9.9696		-35.0563		-25.0867		0.186717
		59460		5.946e-11		151.968		9.82172		-34.9085		-25.0867		0.193699
		59520		5.952e-11		143.558		9.27815		-34.3648		-25.0867		0.19919
		59580		5.958e-11		152.419		9.85082		-34.9376		-25.0867		0.196702
		59640		5.964e-11		151.563		9.79554		-34.8823		-25.0867		0.192621
		59700		5.97e-11		153.187		9.9005		-34.9872		-25.0867		0.187414
		59760		5.976e-11		158.18		10.2232		-35.3099		-25.0867		0.182381
		59820		5.982e-11		152.98		9.88706		-34.9738		-25.0867		0.181149
		59880		5.988e-11		154.518		9.98651		-35.0732		-25.0867		0.179927
		59940		5.994e-11		153.824		9.94167		-35.0284		-25.0867		0.179002
