		timesteps		t		Temperature		Kin		Pot		TotalE		MSD
		0		0		652.413		42.1654		-43.9281		-1.76272		0.00743876
		60		6e-14		425.012		27.4685		-29.2312		-1.76274		0.129464
		120		1.2e-13		289.956		18.7399		-20.5026		-1.76277		0.31909
		180		1.8e-13		322.614		20.8506		-22.6132		-1.76267		0.440344
		240		2.4e-13		327.509		21.1669		-22.9296		-1.76265		0.535584
		300		3e-13		319.42		20.6441		-22.4066		-1.76255		0.615465
		360		3.6e-13		322.234		20.826		-22.5886		-1.76262		0.679777
		420		4.2e-13		307.96		19.9035		-21.6661		-1.76261		0.730498
		480		4.8e-13		317.73		20.5349		-22.2976		-1.76264		0.757799
		540		5.4e-13		323.881		20.9324		-22.6951		-1.76267		0.772665
		600		6e-13		323.183		20.8873		-22.65		-1.76269		0.786187
		660		6.6e-13		324.217		20.9542		-22.7168		-1.76266		0.796079
		720		7.2e-13		324.715		20.9864		-22.749		-1.76263		0.801497
		780		7.8e-13		340.329		21.9955		-23.7582		-1.76275		0.800923
		840		8.4e-13		313.479		20.2602		-22.0227		-1.76256		0.801835
		900		9e-13		327.618		21.1739		-22.9366		-1.76264		0.795302
		960		9.6e-13		329.814		21.3159		-23.0785		-1.76263		0.794246
		1020		1.02e-12		326.021		21.0707		-22.8334		-1.76266		0.799871
		1080		1.08e-12		324.666		20.9832		-22.7457		-1.76256		0.804991
		1140		1.14e-12		333.539		21.5566		-23.3193		-1.76264		0.81152
		1200		1.2e-12		338.284		21.8633		-23.6259		-1.76267		0.821762
		1260		1.26e-12		330.031		21.3299		-23.0926		-1.76265		0.840094
		1320		1.32e-12		325.093		21.0108		-22.7734		-1.76268		0.860942
		1380		1.38e-12		338.297		21.8641		-23.6268		-1.76268		0.878025
		1440		1.44e-12		324.254		20.9565		-22.7191		-1.76257		0.904268
		1500		1.5e-12		331.198		21.4053		-23.1679		-1.76261		0.93443
		1560		1.56e-12		336.075		21.7205		-23.4831		-1.76261		0.967964
		1620		1.62e-12		322.137		20.8197		-22.5822		-1.76253		1.00767
		1680		1.68e-12		334.05		21.5896		-23.3522		-1.76259		1.04636
		1740		1.74e-12		323.876		20.9321		-22.6947		-1.7626		1.08908
		1800		1.8e-12		316.536		20.4577		-22.2203		-1.76261		1.12416
		1860		1.86e-12		305.529		19.7463		-21.5089		-1.76255		1.14614
		1920		1.92e-12		321.669		20.7894		-22.5521		-1.76265		1.15337
		1980		1.98e-12		324.185		20.9521		-22.7146		-1.76256		1.15855
		2040		2.04e-12		319.25		20.6331		-22.3957		-1.76262		1.16453
		2100		2.1e-12		324.45		20.9692		-22.7319		-1.76267		1.16901
		2160		2.16e-12		336.969		21.7783		-23.5409		-1.76262		1.17184
		2220		2.22e-12		335.603		21.69		-23.4527		-1.76266		1.18465
		2280		2.28e-12		326.318		21.0899		-22.8525		-1.76262		1.21419
		2340		2.34e-12		326.396		21.095		-22.8576		-1.76259		1.24459
		2400		2.4e-12		317.943		20.5487		-22.3112		-1.76259		1.26489
		2460		2.46e-12		315.839		20.4127		-22.1753		-1.7626		1.2698
		2520		2.52e-12		323.414		20.9022		-22.6649		-1.76267		1.26426
		2580		2.58e-12		334.455		21.6158		-23.3785		-1.76264		1.26681
		2640		2.64e-12		330.398		21.3536		-23.1163		-1.76265		1.28796
		2700		2.7e-12		311.638		20.1411		-21.9037		-1.76259		1.31495
		2760		2.76e-12		312.545		20.1998		-21.9624		-1.76262		1.33779
		2820		2.82e-12		323.218		20.8895		-22.6522		-1.76264		1.35442
		2880		2.88e-12		321.955		20.8079		-22.5705		-1.76257		1.37744
		2940		2.94e-12		323.804		20.9274		-22.6901		-1.76261		1.40427
		3000		3e-12		326.243		21.0851		-22.8477		-1.7626		1.44125
		3060		3.06e-12		317.296		20.5068		-22.2694		-1.76257		1.49133
		3120		3.12e-12		331.482		21.4237		-23.1864		-1.76269		1.54069
		3180		3.18e-12		321.212		20.7599		-22.5225		-1.76258		1.58854
		3240		3.24e-12		325.285		21.0231		-22.7857		-1.76259		1.61579
		3300		3.3e-12		326.017		21.0705		-22.8331		-1.76261		1.62265
		3360		3.36e-12		316.16		20.4334		-22.196		-1.76257		1.6267
		3420		3.42e-12		332.762		21.5064		-23.2691		-1.76272		1.63563
		3480		3.48e-12		320.739		20.7294		-22.492		-1.76263		1.65879
		3540		3.54e-12		327.5		21.1663		-22.9289		-1.76261		1.68288
		3600		3.6e-12		331.032		21.3946		-23.1572		-1.76263		1.70774
		3660		3.66e-12		317.545		20.5229		-22.2856		-1.76265		1.75193
		3720		3.72e-12		319.707		20.6626		-22.4253		-1.76264		1.8101
		3780		3.78e-12		317.777		20.5379		-22.3005		-1.76259		1.88009
		3840		3.84e-12		311.157		20.1101		-21.8727		-1.7626		1.94295
		3900		3.9e-12		315.393		20.3839		-22.1466		-1.76272		1.98096
		3960		3.96e-12		314.322		20.3146		-22.0772		-1.76263		2.00548
		4020		4.02e-12		323.859		20.931		-22.6937		-1.76272		2.04339
		4080		4.08e-12		312.662		20.2074		-21.97		-1.76267		2.10837
		4140		4.14e-12		319.447		20.6458		-22.4085		-1.76266		2.17902
		4200		4.2e-12		321.61		20.7856		-22.5483		-1.76263		2.23001
		4260		4.26e-12		325.868		21.0609		-22.8234		-1.76255		2.26424
		4320		4.32e-12		320.158		20.6918		-22.4544		-1.76261		2.30525
		4380		4.38e-12		313.234		20.2443		-22.0069		-1.76261		2.35302
		4440		4.44e-12		313.126		20.2373		-22		-1.76263		2.39119
		4500		4.5e-12		318.747		20.6006		-22.3633		-1.76267		2.42831
		4560		4.56e-12		310.778		20.0856		-21.8482		-1.7626		2.47391
		4620		4.62e-12		308.076		19.9109		-21.6736		-1.76264		2.52505
		4680		4.68e-12		304.229		19.6623		-21.425		-1.76262		2.56427
		4740		4.74e-12		319.867		20.673		-22.4356		-1.76266		2.59625
		4800		4.8e-12		315.714		20.4046		-22.1671		-1.76254		2.63068
		4860		4.86e-12		321.746		20.7945		-22.5571		-1.76261		2.65516
		4920		4.92e-12		321.568		20.7829		-22.5456		-1.76265		2.67844
		4980		4.98e-12		315.641		20.3999		-22.1625		-1.76262		2.71229
		5040		5.04e-12		319.672		20.6604		-22.423		-1.76264		2.75554
		5100		5.1e-12		312.771		20.2144		-21.977		-1.76261		2.79974
		5160		5.16e-12		298.881		19.3167		-21.0793		-1.76258		2.85529
		5220		5.22e-12		302.107		19.5252		-21.2879		-1.76266		2.91678
		5280		5.28e-12		295.728		19.1129		-20.8755		-1.7626		2.97629
		5340		5.34e-12		317.155		20.4978		-22.2605		-1.76274		3.02023
		5400		5.4e-12		298.141		19.2688		-21.0313		-1.76251		3.06237
		5460		5.46e-12		307.214		19.8552		-21.6178		-1.76263		3.10132
		5520		5.52e-12		315.073		20.3631		-22.1259		-1.76271		3.13386
		5580		5.58e-12		294.772		19.0511		-20.8136		-1.76252		3.17177
		5640		5.64e-12		299.259		19.3411		-21.1038		-1.76263		3.22709
		5700		5.7e-12		305.045		19.7151		-21.4777		-1.76262		3.29944
		5760		5.76e-12		310.537		20.07		-21.8326		-1.76266		3.37889
		5820		5.82e-12		299.449		19.3534		-21.116		-1.76266		3.46665
		5880		5.88e-12		290.856		18.798		-20.5606		-1.76259		3.55866
		5940		5.94e-12		301.628		19.4942		-21.2568		-1.76261		3.65697
		6000		6e-12		286.732		18.5315		-20.294		-1.76258		3.75288
		6060		6.06e-12		290.262		18.7597		-20.5224		-1.76269		3.84006
		6120		6.12e-12		289.861		18.7337		-20.4963		-1.76259		3.9347
		6180		6.18e-12		318.133		20.561		-22.3236		-1.76268		4.03534
		6240		6.24e-12		300.885		19.4462		-21.2087		-1.76257		4.15935
		6300		6.3e-12		290.636		18.7838		-20.5464		-1.76257		4.30287
		6360		6.36e-12		292.825		18.9253		-20.6879		-1.76257		4.43954
		6420		6.42e-12		301.638		19.4949		-21.2575		-1.76261		4.55481
		6480		6.48e-12		303.176		19.5943		-21.3569		-1.76261		4.65317
		6540		6.54e-12		302.22		19.5325		-21.2951		-1.76261		4.77284
		6600		6.6e-12		292.303		18.8915		-20.6541		-1.76262		4.91947
		6660		6.66e-12		280.082		18.1017		-19.8642		-1.76254		5.08243
		6720		6.72e-12		292.626		18.9124		-20.675		-1.76258		5.23469
		6780		6.78e-12		289.095		18.6842		-20.4468		-1.76256		5.36558
		6840		6.84e-12		295.059		19.0697		-20.8323		-1.76262		5.44608
		6900		6.9e-12		289.202		18.6911		-20.4537		-1.76258		5.51128
		6960		6.96e-12		285.445		18.4483		-20.2109		-1.76259		5.57337
		7020		7.02e-12		300.382		19.4137		-21.1763		-1.76262		5.62709
		7080		7.08e-12		305.666		19.7552		-21.5179		-1.76266		5.67633
		7140		7.14e-12		282.453		18.2549		-20.0175		-1.76258		5.7521
		7200		7.2e-12		295.962		19.128		-20.8907		-1.76266		5.84284
		7260		7.26e-12		299.84		19.3787		-21.1413		-1.76263		5.94413
		7320		7.32e-12		289.303		18.6977		-20.4603		-1.76262		6.05559
		7380		7.38e-12		283.796		18.3417		-20.1043		-1.76251		6.17737
		7440		7.44e-12		306.026		19.7784		-21.5411		-1.76267		6.3058
		7500		7.5e-12		300.758		19.438		-21.2007		-1.76267		6.43724
		7560		7.56e-12		299.454		19.3537		-21.1163		-1.76259		6.55432
		7620		7.62e-12		308.976		19.9691		-21.7317		-1.76262		6.64844
		7680		7.68e-12		294.234		19.0164		-20.779		-1.76262		6.72169
		7740		7.74e-12		299.368		19.3482		-21.1108		-1.76264		6.81864
		7800		7.8e-12		303.555		19.6188		-21.3814		-1.76266		6.95572
		7860		7.86e-12		297.399		19.2209		-20.9835		-1.76262		7.10456
		7920		7.92e-12		290.041		18.7453		-20.5079		-1.76253		7.25568
		7980		7.98e-12		283.722		18.337		-20.0995		-1.76253		7.36602
		8040		8.04e-12		294.396		19.0268		-20.7894		-1.76256		7.42833
		8100		8.1e-12		297.831		19.2488		-21.0114		-1.76256		7.47408
		8160		8.16e-12		298.767		19.3093		-21.072		-1.76266		7.53058
		8220		8.22e-12		290.487		18.7742		-20.5367		-1.76253		7.59298
		8280		8.28e-12		294.764		19.0506		-20.8133		-1.76264		7.65759
		8340		8.34e-12		278.374		17.9913		-19.7538		-1.76252		7.75181
		8400		8.4e-12		304.507		19.6803		-21.443		-1.76266		7.88583
		8460		8.46e-12		294.958		19.0631		-20.8258		-1.76262		8.06904
		8520		8.52e-12		295.421		19.0931		-20.8556		-1.76258		8.22923
		8580		8.58e-12		302.512		19.5514		-21.3139		-1.76254		8.34955
		8640		8.64e-12		300.357		19.4121		-21.1747		-1.76257		8.47914
		8700		8.7e-12		283.986		18.354		-20.1165		-1.76249		8.60094
		8760		8.76e-12		296.229		19.1452		-20.9079		-1.76261		8.72365
		8820		8.82e-12		305.133		19.7208		-21.4834		-1.76261		8.85107
		8880		8.88e-12		297.497		19.2273		-20.9898		-1.76259		8.99604
		8940		8.94e-12		301.848		19.5084		-21.271		-1.76262		9.16127
		9000		9e-12		300.11		19.3961		-21.1587		-1.76261		9.33393
		9060		9.06e-12		299.026		19.3261		-21.0887		-1.76267		9.51733
		9120		9.12e-12		287.341		18.5709		-20.3334		-1.76254		9.69782
		9180		9.18e-12		295.798		19.1175		-20.8801		-1.76264		9.86086
		9240		9.24e-12		282.305		18.2454		-20.008		-1.76258		9.98306
		9300		9.3e-12		282.617		18.2655		-20.0281		-1.76261		10.0588
		9360		9.36e-12		300.353		19.4118		-21.1744		-1.76264		10.1258
		9420		9.42e-12		296.558		19.1665		-20.9292		-1.76261		10.2177
		9480		9.48e-12		282.273		18.2433		-20.0059		-1.7626		10.3438
		9540		9.54e-12		283.865		18.3462		-20.1087		-1.76254		10.4713
		9600		9.6e-12		298.572		19.2967		-21.0593		-1.7626		10.6145
		9660		9.66e-12		306.557		19.8128		-21.5754		-1.76267		10.7594
		9720		9.72e-12		292.735		18.9195		-20.682		-1.76251		10.8708
		9780		9.78e-12		303.427		19.6105		-21.3731		-1.76262		10.9846
		9840		9.84e-12		296.654		19.1728		-20.9354		-1.76261		11.088
		9900		9.9e-12		300.152		19.3988		-21.1615		-1.76265		11.1888
		9960		9.96e-12		295.707		19.1115		-20.8743		-1.76271		11.3019
		10020		1.002e-11		286.524		18.5181		-20.2807		-1.76264		11.4037
		10080		1.008e-11		294.19		19.0135		-20.7761		-1.76261		11.4903
		10140		1.014e-11		301.134		19.4623		-21.225		-1.76268		11.6055
		10200		1.02e-11		294.043		19.004		-20.7665		-1.76255		11.7211
		10260		1.026e-11		300.655		19.4314		-21.194		-1.76263		11.822
		10320		1.032e-11		286.562		18.5205		-20.283		-1.76256		11.8999
		10380		1.038e-11		292.731		18.9192		-20.6818		-1.76259		11.925
		10440		1.044e-11		301.032		19.4557		-21.2183		-1.76263		11.951
		10500		1.05e-11		295.75		19.1143		-20.877		-1.76266		12.0494
		10560		1.056e-11		291.032		18.8094		-20.572		-1.76263		12.162
		10620		1.062e-11		297.729		19.2422		-21.0049		-1.76266		12.2345
		10680		1.068e-11		292.678		18.9158		-20.6784		-1.76258		12.2973
		10740		1.074e-11		301.877		19.5103		-21.2729		-1.76265		12.3539
		10800		1.08e-11		293.71		18.9825		-20.7451		-1.76255		12.4302
		10860		1.086e-11		293.874		18.9931		-20.7558		-1.76265		12.5456
		10920		1.092e-11		298.442		19.2883		-21.051		-1.76265		12.6471
		10980		1.098e-11		302.383		19.543		-21.3056		-1.76266		12.6994
		11040		1.104e-11		288.549		18.6489		-20.4115		-1.7626		12.7625
		11100		1.11e-11		292.853		18.9271		-20.6897		-1.76259		12.8311
		11160		1.116e-11		312.066		20.1688		-21.9316		-1.76274		12.9353
		11220		1.122e-11		300.364		19.4125		-21.1752		-1.76262		13.119
		11280		1.128e-11		287.229		18.5636		-20.3262		-1.7626		13.3055
		11340		1.134e-11		291.91		18.8661		-20.6287		-1.76262		13.395
		11400		1.14e-11		297.474		19.2258		-20.9884		-1.76261		13.4386
		11460		1.146e-11		289.322		18.6989		-20.4615		-1.76261		13.5162
		11520		1.152e-11		292.65		18.914		-20.6766		-1.76262		13.636
		11580		1.158e-11		290.44		18.7712		-20.5338		-1.76261		13.8002
		11640		1.164e-11		297.767		19.2447		-21.0073		-1.76265		13.9634
		11700		1.17e-11		306.018		19.778		-21.5406		-1.76263		14.0603
		11760		1.176e-11		299.825		19.3777		-21.1403		-1.76258		14.1541
		11820		1.182e-11		288.962		18.6756		-20.4382		-1.76261		14.2874
		11880		1.188e-11		290.532		18.7771		-20.5397		-1.76261		14.4163
		11940		1.194e-11		294.958		19.0631		-20.8258		-1.76268		14.5349
		12000		1.2e-11		282.665		18.2686		-20.0312		-1.76254		14.6241
		12060		1.206e-11		313.294		20.2482		-22.0109		-1.76272		14.6835
		12120		1.212e-11		291.665		18.8503		-20.6129		-1.76257		14.7857
		12180		1.218e-11		285.313		18.4398		-20.2023		-1.76257		14.8706
		12240		1.224e-11		297.699		19.2403		-21.0029		-1.76261		14.9279
		12300		1.23e-11		286.994		18.5484		-20.311		-1.76254		14.9966
		12360		1.236e-11		291.072		18.812		-20.5746		-1.76263		15.0779
		12420		1.242e-11		287.579		18.5862		-20.3488		-1.7626		15.1366
		12480		1.248e-11		294.046		19.0042		-20.7668		-1.76262		15.1484
		12540		1.254e-11		300.147		19.3985		-21.1611		-1.76261		15.1361
		12600		1.26e-11		289.869		18.7343		-20.4968		-1.76252		15.1382
		12660		1.266e-11		302.187		19.5303		-21.293		-1.76266		15.1421
		12720		1.272e-11		289.248		18.6941		-20.4566		-1.76252		15.1484
		12780		1.278e-11		292.568		18.9087		-20.6713		-1.7626		15.1427
		12840		1.284e-11		293.669		18.9798		-20.7425		-1.76265		15.1093
		12900		1.29e-11		282.553		18.2614		-20.024		-1.7626		15.1185
		12960		1.296e-11		289.924		18.7378		-20.5004		-1.76261		15.1804
		13020		1.302e-11		296.768		19.1801		-20.9427		-1.76257		15.2474
		13080		1.308e-11		287.178		18.5603		-20.3228		-1.76256		15.3401
		13140		1.314e-11		298.659		19.3023		-21.065		-1.76265		15.4298
		13200		1.32e-11		284.979		18.4182		-20.1807		-1.76257		15.5271
		13260		1.326e-11		288.013		18.6143		-20.3769		-1.76262		15.665
		13320		1.332e-11		285.084		18.425		-20.1876		-1.7626		15.8122
		13380		1.338e-11		289.474		18.7087		-20.4713		-1.76262		15.9567
		13440		1.344e-11		289.576		18.7153		-20.4779		-1.76258		16.0952
		13500		1.35e-11		284.046		18.3579		-20.1205		-1.76262		16.2211
		13560		1.356e-11		284.125		18.363		-20.1256		-1.76259		16.3482
		13620		1.362e-11		296.78		19.1809		-20.9435		-1.76262		16.4933
		13680		1.368e-11		290.658		18.7852		-20.5477		-1.76251		16.628
		13740		1.374e-11		294.696		19.0462		-20.8088		-1.76261		16.7046
		13800		1.38e-11		297.138		19.204		-20.9666		-1.76258		16.7508
		13860		1.386e-11		305.269		19.7295		-21.4921		-1.76259		16.7996
		13920		1.392e-11		297.208		19.2085		-20.9711		-1.76259		16.9058
		13980		1.398e-11		305.803		19.7641		-21.5267		-1.76263		17.0128
		14040		1.404e-11		306.573		19.8138		-21.5764		-1.76261		17.1119
		14100		1.41e-11		290.154		18.7527		-20.5153		-1.76262		17.2453
		14160		1.416e-11		283.219		18.3044		-20.067		-1.76262		17.385
		14220		1.422e-11		292.796		18.9234		-20.686		-1.76261		17.5181
		14280		1.428e-11		293.183		18.9484		-20.711		-1.7626		17.6341
		14340		1.434e-11		289.964		18.7404		-20.503		-1.76262		17.7609
		14400		1.44e-11		279.168		18.0426		-19.8052		-1.76255		17.9142
		14460		1.446e-11		300.431		19.4168		-21.1795		-1.76271		18.0476
		14520		1.452e-11		304.222		19.6619		-21.4245		-1.76262		18.1343
		14580		1.458e-11		294.769		19.0509		-20.8135		-1.7626		18.186
		14640		1.464e-11		290.719		18.7892		-20.5518		-1.76261		18.2287
		14700		1.47e-11		291.213		18.8211		-20.5837		-1.76259		18.2912
		14760		1.476e-11		304.177		19.6589		-21.4215		-1.76261		18.3803
		14820		1.482e-11		292.461		18.9017		-20.6643		-1.76259		18.4528
		14880		1.488e-11		281.914		18.2201		-19.9827		-1.76254		18.5239
		14940		1.494e-11		292.309		18.8919		-20.6545		-1.7626		18.5985
		15000		1.5e-11		300.951		19.4505		-21.2131		-1.7626		18.6734
		15060		1.506e-11		296.211		19.1441		-20.9067		-1.76261		18.7639
		15120		1.512e-11		290.961		18.8048		-20.5674		-1.76261		18.8189
		15180		1.518e-11		288.427		18.6411		-20.4036		-1.76255		18.8795
		15240		1.524e-11		292.891		18.9296		-20.6921		-1.76258		18.9979
		15300		1.53e-11		292.966		18.9344		-20.697		-1.7626		19.0987
		15360		1.536e-11		295.618		19.1058		-20.8685		-1.76264		19.1391
		15420		1.542e-11		289.244		18.6938		-20.4565		-1.76262		19.1152
		15480		1.548e-11		308.595		19.9445		-21.7072		-1.76266		19.0982
		15540		1.554e-11		306.449		19.8058		-21.5685		-1.76265		19.1048
		15600		1.56e-11		287.631		18.5896		-20.3522		-1.76254		19.1371
		15660		1.566e-11		315.013		20.3593		-22.1219		-1.76264		19.2027
		15720		1.572e-11		304.721		19.6941		-21.4567		-1.76253		19.3106
		15780		1.578e-11		303.939		19.6435		-21.4061		-1.76259		19.4472
		15840		1.584e-11		298.22		19.274		-21.0365		-1.76257		19.6348
		15900		1.59e-11		313.435		20.2573		-22.02		-1.76268		19.8079
		15960		1.596e-11		301.598		19.4923		-21.2549		-1.76263		19.9505
		16020		1.602e-11		289.445		18.7068		-20.4693		-1.76251		20.0563
		16080		1.608e-11		307.268		19.8587		-21.6214		-1.76267		20.0948
		16140		1.614e-11		287.796		18.6003		-20.3629		-1.76257		20.0901
		16200		1.62e-11		290.911		18.8016		-20.5642		-1.76258		20.1132
		16260		1.626e-11		308.019		19.9073		-21.67		-1.76268		20.1903
		16320		1.632e-11		305.808		19.7643		-21.5269		-1.76259		20.2753
		16380		1.638e-11		296.838		19.1846		-20.9472		-1.76257		20.3389
		16440		1.644e-11		298.96		19.3218		-21.0844		-1.76262		20.3802
		16500		1.65e-11		301.613		19.4932		-21.2559		-1.76263		20.3666
		16560		1.656e-11		292.363		18.8954		-20.658		-1.76254		20.3224
		16620		1.662e-11		295.133		19.0745		-20.837		-1.76256		20.3361
		16680		1.668e-11		311.941		20.1608		-21.9234		-1.76266		20.4406
		16740		1.674e-11		301.365		19.4772		-21.2399		-1.76267		20.5378
		16800		1.68e-11		286.476		18.515		-20.2775		-1.76259		20.5451
		16860		1.686e-11		288.27		18.6309		-20.3935		-1.76256		20.5503
		16920		1.692e-11		293.115		18.944		-20.7066		-1.76264		20.618
		16980		1.698e-11		292.733		18.9193		-20.6819		-1.7626		20.7326
		17040		1.704e-11		299.29		19.3431		-21.1057		-1.76264		20.8343
		17100		1.71e-11		298.991		19.3238		-21.0865		-1.76268		20.8995
		17160		1.716e-11		283.537		18.325		-20.0875		-1.76252		20.9193
		17220		1.722e-11		297.087		19.2007		-20.9633		-1.76259		20.929
		17280		1.728e-11		300.626		19.4294		-21.1921		-1.76264		20.9965
		17340		1.734e-11		295.249		19.082		-20.8445		-1.76257		21.0865
		17400		1.74e-11		299.124		19.3324		-21.095		-1.76264		21.1445
		17460		1.746e-11		289.588		18.7161		-20.4787		-1.76261		21.1454
		17520		1.752e-11		289.964		18.7404		-20.5029		-1.76256		21.0878
		17580		1.758e-11		303.749		19.6313		-21.3939		-1.76262		21.0433
		17640		1.764e-11		301.886		19.5109		-21.2735		-1.76257		21.0344
		17700		1.77e-11		311.974		20.1628		-21.9255		-1.76264		21.0719
		17760		1.776e-11		304.452		19.6768		-21.4394		-1.7626		21.1589
		17820		1.782e-11		283.507		18.323		-20.0856		-1.76256		21.2171
		17880		1.788e-11		287.315		18.5692		-20.3318		-1.76262		21.2294
		17940		1.794e-11		295.052		19.0692		-20.8318		-1.76262		21.2644
		18000		1.8e-11		299.85		19.3793		-21.142		-1.76264		21.3569
		18060		1.806e-11		294.759		19.0502		-20.8128		-1.76255		21.4824
		18120		1.812e-11		302.057		19.5219		-21.2846		-1.76264		21.6227
		18180		1.818e-11		297.671		19.2385		-21.0011		-1.7626		21.7777
		18240		1.824e-11		299.207		19.3378		-21.1004		-1.76266		21.9771
		18300		1.83e-11		300.655		19.4314		-21.194		-1.76267		22.2433
		18360		1.836e-11		287.421		18.576		-20.3387		-1.76264		22.4828
		18420		1.842e-11		283.445		18.319		-20.0816		-1.7626		22.5792
		18480		1.848e-11		298.467		19.2899		-21.0525		-1.76264		22.5824
		18540		1.854e-11		300.17		19.4		-21.1626		-1.76263		22.631
		18600		1.86e-11		294.121		19.009		-20.7715		-1.76251		22.743
		18660		1.866e-11		305.066		19.7164		-21.4791		-1.76263		22.8526
		18720		1.872e-11		300.673		19.4325		-21.195		-1.76252		22.9262
		18780		1.878e-11		287.943		18.6097		-20.3723		-1.76255		22.9843
		18840		1.884e-11		291.828		18.8608		-20.6234		-1.76262		23.1021
		18900		1.89e-11		293.968		18.9991		-20.7618		-1.76263		23.2804
		18960		1.896e-11		277.13		17.9109		-19.6735		-1.76257		23.4642
		19020		1.902e-11		291.009		18.8079		-20.5705		-1.76262		23.591
		19080		1.908e-11		309.363		19.9942		-21.7568		-1.76268		23.7768
		19140		1.914e-11		294.101		19.0077		-20.7703		-1.76253		24.0147
		19200		1.92e-11		298.686		19.3041		-21.0667		-1.76263		24.1345
		19260		1.926e-11		295.317		19.0863		-20.849		-1.76263		24.1192
		19320		1.932e-11		303.467		19.6131		-21.3757		-1.76269		24.0518
		19380		1.938e-11		287.033		18.5509		-20.3135		-1.76257		24.0551
		19440		1.944e-11		299.951		19.3858		-21.1485		-1.7627		24.12
		19500		1.95e-11		288.437		18.6417		-20.4043		-1.76255		24.189
		19560		1.956e-11		295.012		19.0667		-20.8293		-1.76263		24.2263
		19620		1.962e-11		287.179		18.5604		-20.323		-1.76262		24.2229
		19680		1.968e-11		290.437		18.7709		-20.5335		-1.76259		24.2407
		19740		1.974e-11		305.064		19.7163		-21.479		-1.76267		24.3429
		19800		1.98e-11		291.255		18.8238		-20.5864		-1.76253		24.4836
		19860		1.986e-11		307.188		19.8535		-21.6162		-1.76264		24.6241
		19920		1.992e-11		300.069		19.3935		-21.1561		-1.76265		24.742
		19980		1.998e-11		293.36		18.9599		-20.7224		-1.76258		24.8615
		20040		2.004e-11		305.071		19.7167		-21.4794		-1.76262		25.013
		20100		2.01e-11		292.771		18.9218		-20.6843		-1.76253		25.239
		20160		2.016e-11		301.893		19.5113		-21.2739		-1.76259		25.4859
		20220		2.022e-11		302.082		19.5235		-21.2861		-1.76261		25.7111
		20280		2.028e-11		306.004		19.777		-21.5397		-1.76264		25.8688
		20340		2.034e-11		289.759		18.7271		-20.4897		-1.76257		25.9566
		20400		2.04e-11		293.978		18.9998		-20.7625		-1.76267		26.0584
		20460		2.046e-11		289.249		18.6942		-20.4568		-1.76261		26.1978
		20520		2.052e-11		295.135		19.0746		-20.8372		-1.76264		26.3303
		20580		2.058e-11		291.872		18.8637		-20.6263		-1.76258		26.4298
		20640		2.064e-11		309.81		20.023		-21.7858		-1.76272		26.4805
		20700		2.07e-11		296.898		19.1885		-20.9511		-1.76256		26.502
		20760		2.076e-11		304.177		19.6589		-21.4216		-1.76266		26.5603
		20820		2.082e-11		304.506		19.6802		-21.4429		-1.76265		26.6867
		20880		2.088e-11		304.094		19.6536		-21.4163		-1.76272		26.7718
		20940		2.094e-11		285.456		18.449		-20.2116		-1.76258		26.7574
		21000		2.1e-11		291.747		18.8556		-20.6182		-1.76265		26.7431
		21060		2.106e-11		308.644		19.9477		-21.7104		-1.76272		26.8249
		21120		2.112e-11		286.451		18.5133		-20.2759		-1.76254		26.9272
		21180		2.118e-11		295.244		19.0816		-20.8443		-1.76268		26.9746
		21240		2.124e-11		290.614		18.7824		-20.5451		-1.76267		27.0271
		21300		2.13e-11		292.879		18.9288		-20.6914		-1.76264		27.0691
		21360		2.136e-11		303.443		19.6115		-21.3742		-1.76268		27.0883
		21420		2.142e-11		301.07		19.4582		-21.2208		-1.76263		27.1444
		21480		2.148e-11		296.955		19.1922		-20.9547		-1.76255		27.17
		21540		2.154e-11		298.668		19.3029		-21.0655		-1.76263		27.1431
		21600		2.16e-11		307.6		19.8802		-21.6428		-1.76265		27.1805
		21660		2.166e-11		307.324		19.8623		-21.6249		-1.76258		27.2967
		21720		2.172e-11		304.407		19.6739		-21.4364		-1.76259		27.4364
		21780		2.178e-11		300.088		19.3947		-21.1572		-1.76255		27.5664
		21840		2.184e-11		297.746		19.2433		-21.0059		-1.76261		27.6548
		21900		2.19e-11		296.095		19.1366		-20.8993		-1.76269		27.6825
		21960		2.196e-11		303.712		19.6289		-21.3916		-1.76264		27.7208
		22020		2.202e-11		296.499		19.1627		-20.9254		-1.76263		27.7964
		22080		2.208e-11		298.043		19.2625		-21.0251		-1.7626		27.8715
		22140		2.214e-11		305.274		19.7299		-21.4925		-1.76266		27.9542
		22200		2.22e-11		289.105		18.6848		-20.4475		-1.76262		28.0275
		22260		2.226e-11		296.331		19.1519		-20.9145		-1.76264		28.0481
		22320		2.232e-11		297.344		19.2173		-20.9798		-1.76251		27.9848
		22380		2.238e-11		315.018		20.3596		-22.1223		-1.76264		27.8819
		22440		2.244e-11		295.724		19.1127		-20.8752		-1.76256		27.82
		22500		2.25e-11		291.434		18.8354		-20.598		-1.7626		27.8419
		22560		2.256e-11		298.903		19.3181		-21.0807		-1.76266		27.9131
		22620		2.262e-11		299.901		19.3826		-21.1453		-1.76263		27.9691
		22680		2.268e-11		290.683		18.7868		-20.5494		-1.76257		28.0526
		22740		2.274e-11		292.778		18.9222		-20.6849		-1.7626		28.1594
		22800		2.28e-11		305.072		19.7168		-21.4794		-1.76259		28.2465
		22860		2.286e-11		302.546		19.5535		-21.3161		-1.76256		28.2861
		22920		2.292e-11		302.274		19.5359		-21.2986		-1.76263		28.3136
		22980		2.298e-11		281.989		18.2249		-19.9875		-1.76254		28.428
		23040		2.304e-11		287.787		18.5997		-20.3623		-1.76262		28.5843
		23100		2.31e-11		293.897		18.9946		-20.7572		-1.76264		28.7
		23160		2.316e-11		304.075		19.6523		-21.415		-1.76268		28.7882
		23220		2.322e-11		294.037		19.0036		-20.7662		-1.76259		28.8726
		23280		2.328e-11		294.869		19.0574		-20.82		-1.76259		28.9951
		23340		2.334e-11		300.389		19.4141		-21.1767		-1.76261		29.1622
		23400		2.34e-11		294.62		19.0413		-20.804		-1.76275		29.3603
		23460		2.346e-11		275.716		17.8195		-19.5822		-1.76264		29.48
		23520		2.352e-11		288.135		18.6222		-20.3848		-1.76264		29.5087
		23580		2.358e-11		298.149		19.2694		-21.032		-1.76258		29.4952
		23640		2.364e-11		304.081		19.6527		-21.4154		-1.76266		29.5192
		23700		2.37e-11		297.677		19.2389		-21.0015		-1.76264		29.6032
		23760		2.376e-11		297.03		19.197		-20.9596		-1.76259		29.6736
		23820		2.382e-11		306.998		19.8412		-21.6039		-1.76266		29.7138
		23880		2.388e-11		294.109		19.0082		-20.7708		-1.76253		29.7242
		23940		2.394e-11		299.365		19.3479		-21.1106		-1.76266		29.6992
		24000		2.4e-11		299.629		19.365		-21.1277		-1.76267		29.7477
		24060		2.406e-11		284.908		18.4136		-20.1761		-1.7625		29.8827
		24120		2.412e-11		302.224		19.5327		-21.2954		-1.76267		29.9922
		24180		2.418e-11		296.216		19.1444		-20.9071		-1.76264		30.1287
		24240		2.424e-11		281.389		18.1862		-19.9488		-1.76256		30.275
		24300		2.43e-11		285.717		18.4659		-20.2285		-1.76261		30.3739
		24360		2.436e-11		297.433		19.2231		-20.9858		-1.76265		30.4589
		24420		2.442e-11		291.517		18.8408		-20.6033		-1.76254		30.5531
		24480		2.448e-11		303.999		19.6474		-21.4101		-1.76267		30.6573
		24540		2.454e-11		289.783		18.7287		-20.4912		-1.76256		30.7456
		24600		2.46e-11		298.39		19.2849		-21.0476		-1.76268		30.832
		24660		2.466e-11		295.557		19.1019		-20.8645		-1.76266		30.9646
		24720		2.472e-11		288.225		18.628		-20.3906		-1.7626		31.1729
		24780		2.478e-11		290.051		18.746		-20.5085		-1.76254		31.387
		24840		2.484e-11		299.469		19.3547		-21.1173		-1.76266		31.5096
		24900		2.49e-11		287.011		18.5495		-20.3121		-1.76257		31.5922
		24960		2.496e-11		299.187		19.3364		-21.0991		-1.76266		31.6582
		25020		2.502e-11		285.918		18.4789		-20.2415		-1.76263		31.7304
		25080		2.508e-11		278.064		17.9713		-19.7338		-1.76254		31.7756
		25140		2.514e-11		301.169		19.4646		-21.2273		-1.76272		31.8401
		25200		2.52e-11		292.478		18.9028		-20.6653		-1.7625		31.9241
		25260		2.526e-11		311.33		20.1213		-21.8839		-1.7626		32.0085
		25320		2.532e-11		304.528		19.6816		-21.4442		-1.76262		32.0885
		25380		2.538e-11		299.713		19.3704		-21.133		-1.76257		32.2041
		25440		2.544e-11		284.28		18.373		-20.1355		-1.76252		32.3269
		25500		2.55e-11		306.456		19.8062		-21.5689		-1.76266		32.4374
		25560		2.556e-11		298.966		19.3221		-21.0847		-1.76258		32.5353
		25620		2.562e-11		305.285		19.7306		-21.4932		-1.76269		32.6065
		25680		2.568e-11		297.885		19.2523		-21.0148		-1.76255		32.68
		25740		2.574e-11		308.176		19.9174		-21.6801		-1.76266		32.8401
		25800		2.58e-11		287.889		18.6063		-20.3689		-1.76267		33.0589
		25860		2.586e-11		294.796		19.0526		-20.8154		-1.76275		33.1833
		25920		2.592e-11		294.791		19.0524		-20.8149		-1.76257		33.1686
		25980		2.598e-11		300.181		19.4007		-21.1634		-1.76265		33.1149
		26040		2.604e-11		287.295		18.5679		-20.3305		-1.76263		33.092
		26100		2.61e-11		286.004		18.4844		-20.247		-1.76259		33.041
		26160		2.616e-11		299.308		19.3443		-21.107		-1.76272		32.9897
		26220		2.622e-11		294.874		19.0577		-20.8203		-1.7626		33.0693
		26280		2.628e-11		296.667		19.1736		-20.9361		-1.76252		33.2513
		26340		2.634e-11		305.413		19.7388		-21.5015		-1.76266		33.3976
		26400		2.64e-11		308.653		19.9482		-21.7109		-1.76267		33.527
		26460		2.646e-11		292.018		18.8731		-20.6356		-1.76254		33.694
		26520		2.652e-11		293.503		18.9691		-20.7317		-1.76263		33.9198
		26580		2.658e-11		299.581		19.3619		-21.1246		-1.76267		34.1121
		26640		2.664e-11		294.494		19.0332		-20.7958		-1.76262		34.1875
		26700		2.67e-11		291.594		18.8457		-20.6083		-1.76261		34.2107
		26760		2.676e-11		312.152		20.1744		-21.9371		-1.76268		34.2871
		26820		2.682e-11		299.504		19.3569		-21.1196		-1.76262		34.4625
		26880		2.688e-11		289.545		18.7133		-20.4758		-1.76256		34.626
		26940		2.694e-11		304.409		19.674		-21.4366		-1.76267		34.7522
		27000		2.7e-11		290.374		18.7669		-20.5295		-1.76263		34.8763
		27060		2.706e-11		288.811		18.6658		-20.4284		-1.76259		34.9882
		27120		2.712e-11		294.756		19.0501		-20.8127		-1.7626		35.0333
		27180		2.718e-11		301.857		19.509		-21.2717		-1.76265		35.1272
		27240		2.724e-11		285.25		18.4357		-20.1983		-1.76255		35.2711
		27300		2.73e-11		301.618		19.4936		-21.2562		-1.76265		35.4206
		27360		2.736e-11		300.018		19.3902		-21.1527		-1.76259		35.4908
		27420		2.742e-11		291.643		18.8489		-20.6115		-1.7626		35.4552
		27480		2.748e-11		294.04		19.0038		-20.7664		-1.76261		35.4134
		27540		2.754e-11		298.554		19.2956		-21.0582		-1.76263		35.4176
		27600		2.76e-11		303		19.5829		-21.3455		-1.76262		35.4911
		27660		2.766e-11		289.298		18.6973		-20.4599		-1.76257		35.5962
		27720		2.772e-11		292.48		18.903		-20.6656		-1.76257		35.6753
		27780		2.778e-11		297.355		19.2181		-20.9807		-1.7626		35.7154
		27840		2.784e-11		294.977		19.0643		-20.827		-1.76263		35.7176
		27900		2.79e-11		279.621		18.0719		-19.8344		-1.76252		35.8114
		27960		2.796e-11		295.096		19.0721		-20.8347		-1.76267		36.0267
		28020		2.802e-11		286.28		18.5023		-20.2649		-1.76263		36.2332
		28080		2.808e-11		289.152		18.6879		-20.4505		-1.76259		36.3659
		28140		2.814e-11		291.83		18.861		-20.6236		-1.76261		36.423
		28200		2.82e-11		293.007		18.937		-20.6997		-1.76266		36.4563
		28260		2.826e-11		289.018		18.6793		-20.4419		-1.7626		36.4897
		28320		2.832e-11		297.74		19.2429		-21.0055		-1.76263		36.5128
		28380		2.838e-11		299.573		19.3614		-21.1241		-1.76272		36.5672
		28440		2.844e-11		284.174		18.3662		-20.1287		-1.76258		36.6509
		28500		2.85e-11		286.073		18.4889		-20.2515		-1.76256		36.7602
		28560		2.856e-11		286.19		18.4965		-20.2591		-1.76264		36.8106
		28620		2.862e-11		295.005		19.0662		-20.8289		-1.76268		36.7879
		28680		2.868e-11		285.472		18.45		-20.2126		-1.76259		36.7367
		28740		2.874e-11		291.475		18.838		-20.6007		-1.76264		36.7195
		28800		2.88e-11		285.934		18.4799		-20.2425		-1.76261		36.722
		28860		2.886e-11		294.797		19.0527		-20.8153		-1.76261		36.7325
		28920		2.892e-11		309.283		19.989		-21.7516		-1.76269		36.7552
		28980		2.898e-11		298.24		19.2753		-21.0379		-1.76264		36.8229
		29040		2.904e-11		281.512		18.1941		-19.9567		-1.76259		36.8591
		29100		2.91e-11		291.96		18.8694		-20.6321		-1.76269		36.844
		29160		2.916e-11		288.154		18.6234		-20.386		-1.76259		36.9112
		29220		2.922e-11		297.879		19.2519		-21.0146		-1.76267		37.0395
		29280		2.928e-11		299.005		19.3247		-21.0873		-1.76265		37.0613
		29340		2.934e-11		294.337		19.023		-20.7856		-1.76261		36.9586
		29400		2.94e-11		302.892		19.5759		-21.3386		-1.76273		36.9105
		29460		2.946e-11		292.929		18.932		-20.6946		-1.76262		36.9509
		29520		2.952e-11		302.015		19.5192		-21.2818		-1.76258		36.9847
		29580		2.958e-11		306.046		19.7798		-21.5424		-1.76261		36.9722
		29640		2.964e-11		292.084		18.8774		-20.6399		-1.76252		36.9811
		29700		2.97e-11		300.454		19.4184		-21.1811		-1.76273		37.0093
		29760		2.976e-11		293.643		18.9781		-20.7408		-1.76264		37.0447
		29820		2.982e-11		299.858		19.3798		-21.1424		-1.76263		37.1145
		29880		2.988e-11		286.703		18.5296		-20.2921		-1.76255		37.279
		29940		2.994e-11		299.405		19.3505		-21.1132		-1.76266		37.5278
		30000		3e-11		295.096		19.072		-20.8347		-1.76267		37.7673
		30060		3.006e-11		289.034		18.6803		-20.4429		-1.76264		37.9176
		30120		3.012e-11		299.222		19.3387		-21.1014		-1.76268		37.9876
		30180		3.018e-11		291.467		18.8375		-20.6001		-1.76259		38.0817
		30240		3.024e-11		300.087		19.3946		-21.1573		-1.76268		38.2658
		30300		3.03e-11		291.723		18.854		-20.6166		-1.76256		38.3904
		30360		3.036e-11		298.875		19.3163		-21.0789		-1.76265		38.4164
		30420		3.042e-11		293.711		18.9825		-20.7451		-1.76258		38.5008
		30480		3.048e-11		296.433		19.1585		-20.9211		-1.76262		38.611
		30540		3.054e-11		292.321		18.8927		-20.6554		-1.76262		38.6458
		30600		3.06e-11		294.429		19.029		-20.7916		-1.76267		38.6006
		30660		3.066e-11		275.529		17.8074		-19.57		-1.76256		38.5702
		30720		3.072e-11		293.927		18.9965		-20.7592		-1.76266		38.5478
		30780		3.078e-11		291.817		18.8601		-20.6227		-1.76257		38.5405
		30840		3.084e-11		295.602		19.1048		-20.8674		-1.76265		38.5187
		30900		3.09e-11		288.884		18.6706		-20.4332		-1.76261		38.517
		30960		3.096e-11		287.86		18.6044		-20.367		-1.76262		38.5844
		31020		3.102e-11		294.287		19.0197		-20.7824		-1.76265		38.7736
		31080		3.108e-11		288.391		18.6387		-20.4013		-1.76258		39.0106
		31140		3.114e-11		289.936		18.7386		-20.5012		-1.76262		39.1784
		31200		3.12e-11		285.957		18.4814		-20.244		-1.76257		39.282
		31260		3.126e-11		289.615		18.7178		-20.4804		-1.76257		39.3036
		31320		3.132e-11		291.858		18.8628		-20.6254		-1.76258		39.328
		31380		3.138e-11		299.672		19.3678		-21.1304		-1.76261		39.3643
		31440		3.144e-11		307.532		19.8758		-21.6384		-1.76266		39.4066
		31500		3.15e-11		293.674		18.9802		-20.7427		-1.76254		39.492
		31560		3.156e-11		305.872		19.7685		-21.5312		-1.76265		39.5946
		31620		3.162e-11		289.956		18.7398		-20.5024		-1.76256		39.6933
		31680		3.168e-11		297.637		19.2363		-20.9989		-1.76262		39.7956
		31740		3.174e-11		303.138		19.5918		-21.3545		-1.76268		39.8318
		31800		3.18e-11		295.653		19.1081		-20.8707		-1.7626		39.8986
		31860		3.186e-11		292.637		18.9131		-20.6757		-1.76262		40.0949
		31920		3.192e-11		284.561		18.3912		-20.1539		-1.76267		40.368
		31980		3.198e-11		284.498		18.3871		-20.1497		-1.76258		40.5193
		32040		3.204e-11		299.562		19.3607		-21.1233		-1.76264		40.5889
		32100		3.21e-11		289.83		18.7317		-20.4943		-1.76256		40.6574
		32160		3.216e-11		292.242		18.8876		-20.6502		-1.76263		40.8389
		32220		3.222e-11		291.85		18.8622		-20.6248		-1.76255		41.0709
		32280		3.228e-11		300.381		19.4136		-21.1763		-1.76266		41.2054
		32340		3.234e-11		285.763		18.4688		-20.2314		-1.76256		41.3096
		32400		3.24e-11		292.394		18.8974		-20.66		-1.76258		41.3359
		32460		3.246e-11		304.361		19.6709		-21.4335		-1.76264		41.2334
		32520		3.252e-11		299.871		19.3807		-21.1433		-1.76263		41.1193
		32580		3.258e-11		293.217		18.9506		-20.7132		-1.76259		41.08
		32640		3.264e-11		294.39		19.0264		-20.7891		-1.7627		41.0998
		32700		3.27e-11		279.929		18.0918		-19.8544		-1.76262		41.157
		32760		3.276e-11		295.813		19.1184		-20.881		-1.76264		41.1747
		32820		3.282e-11		298.556		19.2957		-21.0583		-1.76266		41.2066
		32880		3.288e-11		286.807		18.5363		-20.2989		-1.76256		41.3932
		32940		3.294e-11		298.533		19.2942		-21.0568		-1.76266		41.6928
		33000		3.3e-11		292.768		18.9216		-20.6841		-1.76257		41.9305
		33060		3.306e-11		303.485		19.6142		-21.3768		-1.76263		42.03
		33120		3.312e-11		299.303		19.3439		-21.1065		-1.76262		42.1308
		33180		3.318e-11		306.236		19.792		-21.5547		-1.76269		42.2755
		33240		3.324e-11		306.13		19.7852		-21.5479		-1.76267		42.3629
		33300		3.33e-11		293.975		18.9996		-20.7622		-1.76261		42.41
		33360		3.336e-11		296.785		19.1812		-20.9439		-1.76268		42.4576
		33420		3.342e-11		289.591		18.7163		-20.4789		-1.76264		42.5929
		33480		3.348e-11		290.468		18.773		-20.5356		-1.76267		42.7675
		33540		3.354e-11		300.506		19.4217		-21.1843		-1.76264		42.9867
		33600		3.36e-11		297.563		19.2315		-20.9941		-1.76259		43.2187
		33660		3.366e-11		297.048		19.1982		-20.9608		-1.76261		43.4163
		33720		3.372e-11		302.571		19.5552		-21.3178		-1.76262		43.6304
		33780		3.378e-11		290.045		18.7456		-20.5082		-1.76259		43.9016
		33840		3.384e-11		283.014		18.2912		-20.0537		-1.76258		44.138
		33900		3.39e-11		293.21		18.9501		-20.7128		-1.7627		44.3812
		33960		3.396e-11		284.006		18.3553		-20.1178		-1.76251		44.6368
		34020		3.402e-11		300.172		19.4001		-21.1628		-1.76263		44.8256
		34080		3.408e-11		285.604		18.4586		-20.2211		-1.76257		44.8951
		34140		3.414e-11		299.447		19.3532		-21.1158		-1.76259		44.8313
		34200		3.42e-11		296.248		19.1465		-20.9091		-1.76255		44.7205
		34260		3.426e-11		304.202		19.6606		-21.4233		-1.76268		44.7333
		34320		3.432e-11		308.094		19.9121		-21.6748		-1.76269		44.8617
		34380		3.438e-11		290.531		18.777		-20.5395		-1.76251		44.9698
		34440		3.444e-11		300.494		19.4209		-21.1835		-1.76261		45.1278
		34500		3.45e-11		297.099		19.2015		-20.9641		-1.7626		45.3965
		34560		3.456e-11		302.679		19.5622		-21.3248		-1.76266		45.635
		34620		3.462e-11		293.276		18.9544		-20.717		-1.76258		45.8225
		34680		3.468e-11		299.383		19.3491		-21.1117		-1.76263		45.9869
		34740		3.474e-11		298.149		19.2694		-21.032		-1.76262		46.1453
		34800		3.48e-11		298.754		19.3085		-21.0711		-1.76264		46.2968
		34860		3.486e-11		295.559		19.102		-20.8647		-1.76266		46.3467
		34920		3.492e-11		291.972		18.8702		-20.6328		-1.76263		46.3139
		34980		3.498e-11		288.535		18.648		-20.4106		-1.76262		46.3618
		35040		3.504e-11		296.849		19.1854		-20.9481		-1.76271		46.4733
		35100		3.51e-11		295.741		19.1137		-20.8764		-1.76261		46.5491
		35160		3.516e-11		300.237		19.4043		-21.167		-1.76265		46.5848
		35220		3.522e-11		281.959		18.223		-19.9856		-1.76259		46.6696
		35280		3.528e-11		296.126		19.1386		-20.9013		-1.76263		46.8041
		35340		3.534e-11		304.163		19.6581		-21.4207		-1.76261		46.984
		35400		3.54e-11		296.154		19.1404		-20.903		-1.76264		47.1739
		35460		3.546e-11		283.89		18.3478		-20.1104		-1.76262		47.2573
		35520		3.552e-11		293.288		18.9552		-20.7178		-1.76268		47.3005
		35580		3.558e-11		289.998		18.7426		-20.5052		-1.76259		47.4069
		35640		3.564e-11		298.234		19.2749		-21.0376		-1.76268		47.5737
		35700		3.57e-11		291.531		18.8417		-20.6043		-1.76261		47.6253
		35760		3.576e-11		293.452		18.9658		-20.7284		-1.76259		47.5894
		35820		3.582e-11		304.164		19.6581		-21.4208		-1.76266		47.5969
		35880		3.588e-11		297.002		19.1952		-20.9579		-1.76262		47.6173
		35940		3.594e-11		297.821		19.2482		-21.0108		-1.76261		47.6666
		36000		3.6e-11		303.39		19.6081		-21.3708		-1.7627		47.7642
		36060		3.606e-11		292.753		18.9206		-20.6832		-1.76256		47.8973
		36120		3.612e-11		299.373		19.3485		-21.1111		-1.76265		48.1003
		36180		3.618e-11		292.949		18.9333		-20.696		-1.76263		48.2092
		36240		3.624e-11		302.951		19.5797		-21.3424		-1.76268		48.1104
		36300		3.63e-11		289.714		18.7242		-20.4868		-1.76258		47.9498
		36360		3.636e-11		291.024		18.8089		-20.5715		-1.76261		47.8715
		36420		3.642e-11		298.169		19.2707		-21.0333		-1.76264		48.0055
		36480		3.648e-11		297.025		19.1967		-20.9594		-1.76262		48.3165
		36540		3.654e-11		291.454		18.8367		-20.5993		-1.7626		48.5759
		36600		3.66e-11		287.865		18.6047		-20.3673		-1.76258		48.7979
		36660		3.666e-11		299.088		19.33		-21.0927		-1.76264		48.887
		36720		3.672e-11		307.403		19.8674		-21.63		-1.76261		48.904
		36780		3.678e-11		303.228		19.5976		-21.3603		-1.76269		48.9459
		36840		3.684e-11		283.051		18.2936		-20.0561		-1.76257		49.0251
		36900		3.69e-11		294.157		19.0114		-20.774		-1.76261		49.1349
		36960		3.696e-11		287.881		18.6057		-20.3683		-1.76256		49.2509
		37020		3.702e-11		293.596		18.9751		-20.7378		-1.76267		49.412
		37080		3.708e-11		275.285		17.7916		-19.5542		-1.76252		49.6256
		37140		3.714e-11		299.362		19.3477		-21.1104		-1.76265		49.7573
		37200		3.72e-11		301.333		19.4751		-21.2378		-1.76264		49.8348
		37260		3.726e-11		281.219		18.1752		-19.9378		-1.76265		49.8887
		37320		3.732e-11		282.227		18.2404		-20.003		-1.76264		49.8736
		37380		3.738e-11		293.424		18.964		-20.7266		-1.76257		49.8234
		37440		3.744e-11		291.914		18.8664		-20.629		-1.76259		49.7645
		37500		3.75e-11		299.021		19.3257		-21.0884		-1.76267		49.7695
		37560		3.756e-11		285.273		18.4372		-20.1997		-1.76253		49.8617
		37620		3.762e-11		292.178		18.8835		-20.6461		-1.76262		50.0362
		37680		3.768e-11		289.927		18.738		-20.5006		-1.76259		50.2011
		37740		3.774e-11		285.905		18.4781		-20.2407		-1.76261		50.3205
		37800		3.78e-11		290.045		18.7456		-20.5082		-1.76263		50.5177
		37860		3.786e-11		290.796		18.7942		-20.5568		-1.76259		50.6656
		37920		3.792e-11		291.272		18.8249		-20.5876		-1.76268		50.6988
		37980		3.798e-11		275.493		17.8051		-19.5677		-1.76256		50.7248
		38040		3.804e-11		294.068		19.0056		-20.7683		-1.76267		50.7768
		38100		3.81e-11		283.611		18.3298		-20.0923		-1.76256		50.861
		38160		3.816e-11		285.087		18.4252		-20.1878		-1.76266		50.8671
		38220		3.822e-11		278.593		18.0054		-19.7681		-1.76264		50.7933
		38280		3.828e-11		281.106		18.1679		-19.9304		-1.76257		50.805
		38340		3.834e-11		296.608		19.1698		-20.9324		-1.76266		50.9459
		38400		3.84e-11		287.594		18.5872		-20.3498		-1.76258		51.1646
		38460		3.846e-11		292.553		18.9077		-20.6703		-1.76264		51.3044
		38520		3.852e-11		291.882		18.8644		-20.6269		-1.76259		51.4497
		38580		3.858e-11		303.36		19.6061		-21.3688		-1.76261		51.5274
		38640		3.864e-11		286.055		18.4877		-20.2503		-1.76257		51.5673
		38700		3.87e-11		296.913		19.1895		-20.9522		-1.76267		51.6399
		38760		3.876e-11		285.354		18.4424		-20.205		-1.76256		51.8125
		38820		3.882e-11		291.298		18.8266		-20.5892		-1.7626		51.9839
		38880		3.888e-11		294.197		19.014		-20.7766		-1.7626		52.0508
		38940		3.894e-11		298.592		19.298		-21.0607		-1.76265		52.1158
		39000		3.9e-11		297.904		19.2535		-21.0162		-1.76263		52.2377
		39060		3.906e-11		292.403		18.898		-20.6606		-1.76262		52.4253
		39120		3.912e-11		290.166		18.7534		-20.516		-1.76261		52.5668
		39180		3.918e-11		291.52		18.841		-20.6036		-1.76259		52.6211
		39240		3.924e-11		296.849		19.1854		-20.948		-1.76262		52.6334
		39300		3.93e-11		300.453		19.4182		-21.1809		-1.76263		52.68
		39360		3.936e-11		290.034		18.7449		-20.5075		-1.76262		52.8022
		39420		3.942e-11		279.137		18.0406		-19.8032		-1.76257		52.9631
		39480		3.948e-11		289.273		18.6957		-20.4584		-1.76262		53.0824
		39540		3.954e-11		293.265		18.9537		-20.7163		-1.76257		53.1493
		39600		3.96e-11		301.312		19.4738		-21.2365		-1.76268		53.2653
		39660		3.966e-11		288.877		18.6701		-20.4327		-1.7626		53.4311
		39720		3.972e-11		299.769		19.3741		-21.1367		-1.76267		53.5426
		39780		3.978e-11		296.693		19.1752		-20.9378		-1.76253		53.5763
		39840		3.984e-11		308.505		19.9387		-21.7014		-1.7627		53.5317
		39900		3.99e-11		288.018		18.6146		-20.3773		-1.76265		53.5581
		39960		3.996e-11		282.528		18.2598		-20.0224		-1.76261		53.6761
		40020		4.002e-11		284.313		18.3752		-20.1378		-1.76262		53.709
		40080		4.008e-11		293.997		19.001		-20.7637		-1.76262		53.6925
		40140		4.014e-11		307.619		19.8814		-21.6441		-1.76264		53.7945
		40200		4.02e-11		306.347		19.7992		-21.5618		-1.76264		53.9339
		40260		4.026e-11		290.759		18.7917		-20.5543		-1.76255		54.0191
		40320		4.032e-11		284.696		18.3999		-20.1625		-1.76256		54.0145
		40380		4.038e-11		294.452		19.0305		-20.7931		-1.76263		54.0085
		40440		4.044e-11		281.999		18.2256		-19.9882		-1.76258		54.0994
		40500		4.05e-11		285.232		18.4346		-20.1972		-1.76263		54.2666
		40560		4.056e-11		286.727		18.5312		-20.2937		-1.76257		54.4077
		40620		4.062e-11		293.954		18.9983		-20.7609		-1.76265		54.4893
		40680		4.068e-11		302.398		19.544		-21.3065		-1.76257		54.5821
		40740		4.074e-11		294.978		19.0644		-20.827		-1.76258		54.7128
		40800		4.08e-11		287.552		18.5845		-20.3471		-1.76263		54.8312
		40860		4.086e-11		291.1		18.8138		-20.5764		-1.76261		54.9019
		40920		4.092e-11		289.493		18.7099		-20.4725		-1.76262		54.9377
		40980		4.098e-11		284.634		18.3959		-20.1585		-1.76261		54.9321
		41040		4.104e-11		289.195		18.6907		-20.4533		-1.76266		54.9474
		41100		4.11e-11		275.25		17.7894		-19.552		-1.76252		54.9983
		41160		4.116e-11		283.613		18.3299		-20.0926		-1.76267		54.9882
		41220		4.122e-11		284.783		18.4055		-20.1682		-1.76261		54.9526
		41280		4.128e-11		285.763		18.4689		-20.2315		-1.76262		54.8834
		41340		4.134e-11		291.126		18.8155		-20.5781		-1.76264		54.7818
		41400		4.14e-11		305.902		19.7705		-21.5331		-1.76264		54.7651
		41460		4.146e-11		307.847		19.8961		-21.6588		-1.76261		54.8723
		41520		4.152e-11		295.053		19.0693		-20.8318		-1.76256		54.9602
		41580		4.158e-11		296.546		19.1658		-20.9284		-1.76266		54.9321
		41640		4.164e-11		293.499		18.9688		-20.7314		-1.76258		54.903
		41700		4.17e-11		299.518		19.3578		-21.1205		-1.76263		54.9611
		41760		4.176e-11		304.344		19.6698		-21.4324		-1.76264		55.0519
		41820		4.182e-11		302.464		19.5482		-21.3108		-1.76257		55.1188
		41880		4.188e-11		303.434		19.6109		-21.3736		-1.76262		55.214
		41940		4.194e-11		300.392		19.4143		-21.177		-1.76268		55.3338
		42000		4.2e-11		297.124		19.2031		-20.9658		-1.76268		55.4682
		42060		4.206e-11		290.862		18.7984		-20.5611		-1.76265		55.5366
		42120		4.212e-11		282.953		18.2873		-20.0499		-1.76258		55.576
		42180		4.218e-11		286.496		18.5162		-20.2788		-1.7626		55.6714
		42240		4.224e-11		295.976		19.1289		-20.8915		-1.76262		55.8536
		42300		4.23e-11		299.525		19.3583		-21.121		-1.76266		56.0861
		42360		4.236e-11		299.071		19.3289		-21.0915		-1.76259		56.3404
		42420		4.242e-11		304.913		19.7065		-21.4692		-1.76264		56.5729
		42480		4.248e-11		297.904		19.2535		-21.0161		-1.76256		56.7297
		42540		4.254e-11		290.846		18.7974		-20.5599		-1.76257		56.8399
		42600		4.26e-11		290.033		18.7448		-20.5074		-1.76258		56.8796
		42660		4.266e-11		310.858		20.0907		-21.8534		-1.7627		56.9373
		42720		4.272e-11		299.392		19.3497		-21.1123		-1.76259		57.0981
		42780		4.278e-11		301.279		19.4717		-21.2343		-1.7626		57.2618
		42840		4.284e-11		294.647		19.043		-20.8056		-1.76261		57.4025
		42900		4.29e-11		285.207		18.4329		-20.1955		-1.7626		57.5554
		42960		4.296e-11		290.054		18.7462		-20.5088		-1.76262		57.684
		43020		4.302e-11		282.692		18.2704		-20.0329		-1.76255		57.8135
		43080		4.308e-11		290.334		18.7643		-20.5269		-1.76261		57.9897
		43140		4.314e-11		290.206		18.756		-20.5186		-1.76258		58.1598
		43200		4.32e-11		296.933		19.1908		-20.9534		-1.76261		58.2113
		43260		4.326e-11		293.84		18.9909		-20.7535		-1.7626		58.2071
		43320		4.332e-11		287.895		18.6066		-20.3692		-1.76257		58.2347
		43380		4.338e-11		294.148		19.0108		-20.7734		-1.76264		58.3145
		43440		4.344e-11		294.362		19.0246		-20.7873		-1.76264		58.4285
		43500		4.35e-11		297.025		19.1967		-20.9594		-1.76265		58.5364
		43560		4.356e-11		287.154		18.5588		-20.3213		-1.76254		58.6559
		43620		4.362e-11		305.161		19.7226		-21.4852		-1.7626		58.7698
		43680		4.368e-11		311.176		20.1113		-21.8739		-1.76265		58.8873
		43740		4.374e-11		279.553		18.0675		-19.83		-1.76252		58.9706
		43800		4.38e-11		296.664		19.1734		-20.9361		-1.76266		59.0383
		43860		4.386e-11		304.867		19.7035		-21.4662		-1.76263		59.1285
		43920		4.392e-11		302.67		19.5616		-21.3243		-1.7627		59.2194
		43980		4.398e-11		286.417		18.5112		-20.2738		-1.76262		59.3321
		44040		4.404e-11		290.856		18.798		-20.5607		-1.76262		59.4586
		44100		4.41e-11		287.906		18.6074		-20.37		-1.76256		59.5887
		44160		4.416e-11		303.242		19.5985		-21.3612		-1.7627		59.7389
		44220		4.422e-11		286.714		18.5304		-20.2929		-1.76255		59.97
		44280		4.428e-11		289.587		18.716		-20.4786		-1.76257		60.2849
		44340		4.434e-11		292.83		18.9256		-20.6882		-1.76255		60.4435
		44400		4.44e-11		304.296		19.6666		-21.4293		-1.76265		60.4723
		44460		4.446e-11		304.128		19.6558		-21.4184		-1.76266		60.462
		44520		4.452e-11		298.561		19.296		-21.0586		-1.76258		60.4895
		44580		4.458e-11		302.12		19.526		-21.2887		-1.76268		60.5764
		44640		4.464e-11		291.512		18.8404		-20.603		-1.7626		60.6221
		44700		4.47e-11		303.816		19.6356		-21.3982		-1.7626		60.6216
		44760		4.476e-11		304.262		19.6644		-21.427		-1.76261		60.6534
		44820		4.482e-11		289.944		18.7391		-20.5017		-1.76261		60.715
		44880		4.488e-11		287.375		18.5731		-20.3357		-1.76264		60.7775
		44940		4.494e-11		291.729		18.8545		-20.6171		-1.76268		60.7814
		45000		4.5e-11		295.61		19.1053		-20.8679		-1.76261		60.792
		45060		4.506e-11		307.782		19.8919		-21.6546		-1.76265		60.8667
		45120		4.512e-11		291.174		18.8186		-20.5812		-1.76262		60.8425
		45180		4.518e-11		295.698		19.111		-20.8736		-1.76257		60.76
		45240		4.524e-11		309.334		19.9922		-21.7549		-1.76271		60.7661
		45300		4.53e-11		293.7		18.9818		-20.7444		-1.76261		60.9129
		45360		4.536e-11		296.506		19.1632		-20.9258		-1.76259		61.0946
		45420		4.542e-11		300.497		19.4211		-21.1837		-1.76259		61.2389
		45480		4.548e-11		303.463		19.6128		-21.3755		-1.76262		61.3613
		45540		4.554e-11		296.08		19.1356		-20.8982		-1.7626		61.4315
		45600		4.56e-11		299.611		19.3639		-21.1265		-1.76265		61.4677
		45660		4.566e-11		301.838		19.5078		-21.2704		-1.76263		61.5765
		45720		4.572e-11		287.017		18.5499		-20.3124		-1.76253		61.7755
		45780		4.578e-11		297.85		19.25		-21.0127		-1.76267		61.935
		45840		4.584e-11		293.432		18.9645		-20.7271		-1.76261		61.908
		45900		4.59e-11		297.931		19.2553		-21.0179		-1.76266		61.8472
		45960		4.596e-11		300.441		19.4175		-21.1802		-1.76264		61.8965
		46020		4.602e-11		296.641		19.1719		-20.9345		-1.76256		62.036
		46080		4.608e-11		300.275		19.4068		-21.1694		-1.76265		62.2492
		46140		4.614e-11		288.336		18.6351		-20.3977		-1.76261		62.4891
		46200		4.62e-11		279.889		18.0892		-19.8518		-1.76256		62.7044
		46260		4.626e-11		293.202		18.9497		-20.7122		-1.76258		62.8572
		46320		4.632e-11		293.756		18.9855		-20.748		-1.76256		63.006
		46380		4.638e-11		299.214		19.3382		-21.1008		-1.76264		63.1587
		46440		4.644e-11		310.17		20.0463		-21.8089		-1.76263		63.3915
		46500		4.65e-11		307.311		19.8615		-21.6241		-1.76261		63.6197
		46560		4.656e-11		288.611		18.6529		-20.4155		-1.7626		63.728
		46620		4.662e-11		282.87		18.2819		-20.0445		-1.76263		63.7597
		46680		4.668e-11		283.64		18.3316		-20.0942		-1.7626		63.7591
		46740		4.674e-11		299.084		19.3298		-21.0924		-1.76266		63.7596
		46800		4.68e-11		289.113		18.6854		-20.4479		-1.76254		63.8362
		46860		4.686e-11		301.753		19.5023		-21.2649		-1.76268		63.9737
		46920		4.692e-11		299.459		19.354		-21.1167		-1.76264		64.1697
		46980		4.698e-11		294.071		19.0058		-20.7684		-1.76259		64.4234
		47040		4.704e-11		294.531		19.0355		-20.7982		-1.76263		64.6483
		47100		4.71e-11		297.474		19.2258		-20.9884		-1.7626		64.8239
		47160		4.716e-11		298.578		19.2971		-21.0597		-1.76263		64.8934
		47220		4.722e-11		297.125		19.2032		-20.9658		-1.76268		64.9332
		47280		4.728e-11		296.328		19.1517		-20.9143		-1.76263		64.9439
		47340		4.734e-11		296.202		19.1435		-20.9062		-1.76261		64.8847
		47400		4.74e-11		277.637		17.9437		-19.7062		-1.76256		64.8784
		47460		4.746e-11		287.375		18.573		-20.3357		-1.76266		65.0134
		47520		4.752e-11		292.326		18.8931		-20.6556		-1.76258		65.2089
		47580		4.758e-11		291.048		18.8104		-20.5731		-1.76263		65.2887
		47640		4.764e-11		293.818		18.9895		-20.7521		-1.76264		65.2399
		47700		4.77e-11		289.969		18.7407		-20.5033		-1.7626		65.2726
		47760		4.776e-11		296.559		19.1666		-20.9293		-1.76264		65.4998
		47820		4.782e-11		287.43		18.5766		-20.3392		-1.76264		65.856
		47880		4.788e-11		287.606		18.588		-20.3507		-1.76266		66.2144
		47940		4.794e-11		293.152		18.9464		-20.709		-1.76263		66.43
		48000		4.8e-11		280.777		18.1466		-19.9092		-1.7626		66.4016
		48060		4.806e-11		285.929		18.4796		-20.2422		-1.76262		66.3142
		48120		4.812e-11		289.089		18.6838		-20.4464		-1.7626		66.3659
		48180		4.818e-11		286.323		18.5051		-20.2677		-1.76257		66.4493
		48240		4.824e-11		289.347		18.7005		-20.4631		-1.76262		66.4328
		48300		4.83e-11		279.856		18.0871		-19.8497		-1.76255		66.3343
		48360		4.836e-11		300.061		19.393		-21.1556		-1.76268		66.3036
		48420		4.842e-11		294.47		19.0316		-20.7942		-1.76257		66.4202
		48480		4.848e-11		301.97		19.5163		-21.2789		-1.76262		66.5929
		48540		4.854e-11		290.794		18.794		-20.5566		-1.76253		66.8022
		48600		4.86e-11		309.828		20.0242		-21.7869		-1.76271		66.9537
		48660		4.866e-11		293.658		18.9791		-20.7417		-1.76258		67.0479
		48720		4.872e-11		298.76		19.3088		-21.0715		-1.76269		67.1488
		48780		4.878e-11		298.015		19.2607		-21.0233		-1.76258		67.3411
		48840		4.884e-11		305.082		19.7174		-21.4801		-1.76268		67.5233
		48900		4.89e-11		289.883		18.7351		-20.4977		-1.76256		67.6376
		48960		4.896e-11		298.224		19.2742		-21.0369		-1.76266		67.7422
		49020		4.902e-11		279.221		18.0461		-19.8086		-1.76256		67.8913
		49080		4.908e-11		286.092		18.4901		-20.2528		-1.76261		68.1535
		49140		4.914e-11		304.93		19.7076		-21.4704		-1.76271		68.4833
		49200		4.92e-11		288.921		18.6729		-20.4356		-1.7626		68.7693
		49260		4.926e-11		293.928		18.9966		-20.7592		-1.76268		69.012
		49320		4.932e-11		292.443		18.9006		-20.6632		-1.76256		69.1787
		49380		4.938e-11		291.884		18.8645		-20.6271		-1.7626		69.2846
		49440		4.944e-11		289.406		18.7043		-20.4669		-1.76261		69.3914
		49500		4.95e-11		306.508		19.8096		-21.5723		-1.76267		69.5482
		49560		4.956e-11		296.962		19.1927		-20.9553		-1.76261		69.7691
		49620		4.962e-11		299.922		19.3839		-21.1466		-1.76263		69.9002
		49680		4.968e-11		300.431		19.4168		-21.1794		-1.76262		70.0022
		49740		4.974e-11		306.954		19.8385		-21.6011		-1.76269		70.125
		49800		4.98e-11		295.71		19.1118		-20.8744		-1.76263		70.2744
		49860		4.986e-11		295.874		19.1224		-20.8849		-1.76255		70.4349
		49920		4.992e-11		308.89		19.9635		-21.7262		-1.76267		70.5838
		49980		4.998e-11		286.72		18.5307		-20.2933		-1.76256		70.723
		50040		5.004e-11		289.964		18.7404		-20.503		-1.7626		70.8082
		50100		5.01e-11		299.82		19.3773		-21.1399		-1.76257		70.8532
		50160		5.016e-11		296.477		19.1613		-20.9239		-1.76257		70.8854
		50220		5.022e-11		294.203		19.0144		-20.7769		-1.76258		70.9659
		50280		5.028e-11		307.68		19.8854		-21.6481		-1.7627		71.1922
		50340		5.034e-11		297.221		19.2094		-20.972		-1.76257		71.4526
		50400		5.04e-11		303.705		19.6285		-21.391		-1.76256		71.6559
		50460		5.046e-11		302.564		19.5547		-21.3174		-1.76264		71.7766
		50520		5.052e-11		290.733		18.7901		-20.5526		-1.76257		71.8187
		50580		5.058e-11		297.068		19.1995		-20.9621		-1.76262		71.8151
		50640		5.064e-11		290.86		18.7983		-20.5609		-1.76266		71.8152
		50700		5.07e-11		289.445		18.7068		-20.4694		-1.76259		71.8172
		50760		5.076e-11		298.992		19.3239		-21.0865		-1.7626		71.8877
		50820		5.082e-11		301.352		19.4764		-21.239		-1.7626		72.0612
		50880		5.088e-11		302.101		19.5248		-21.2874		-1.7626		72.241
		50940		5.094e-11		308.421		19.9332		-21.6958		-1.76261		72.2864
		51000		5.1e-11		301.692		19.4983		-21.2609		-1.76257		72.2657
		51060		5.106e-11		295.913		19.1248		-20.8874		-1.76258		72.3134
		51120		5.112e-11		290.65		18.7847		-20.5473		-1.76255		72.3344
		51180		5.118e-11		301.245		19.4695		-21.2321		-1.76265		72.3744
		51240		5.124e-11		300.778		19.4393		-21.2019		-1.76266		72.5484
		51300		5.13e-11		295.661		19.1085		-20.8711		-1.76261		72.7934
		51360		5.136e-11		299.737		19.372		-21.1345		-1.76256		73.0089
		51420		5.142e-11		304.54		19.6824		-21.4451		-1.76268		73.2118
		51480		5.148e-11		299.79		19.3755		-21.1381		-1.76266		73.32
		51540		5.154e-11		298.07		19.2643		-21.0268		-1.76259		73.3162
		51600		5.16e-11		298.865		19.3156		-21.0783		-1.76264		73.3243
		51660		5.166e-11		298.401		19.2856		-21.0482		-1.76262		73.3711
		51720		5.172e-11		306.477		19.8076		-21.5703		-1.7627		73.4242
		51780		5.178e-11		297.743		19.2431		-21.0057		-1.76262		73.4881
		51840		5.184e-11		288.892		18.6711		-20.4337		-1.76258		73.6071
		51900		5.19e-11		293.466		18.9667		-20.7293		-1.76257		73.7227
		51960		5.196e-11		297.948		19.2564		-21.019		-1.76261		73.8433
		52020		5.202e-11		289.308		18.698		-20.4606		-1.76264		74.0539
		52080		5.208e-11		288.292		18.6323		-20.3949		-1.76262		74.2239
		52140		5.214e-11		300.552		19.4247		-21.1873		-1.76264		74.2529
		52200		5.22e-11		294.764		19.0506		-20.8132		-1.76263		74.2163
		52260		5.226e-11		295.874		19.1223		-20.885		-1.76265		74.2757
		52320		5.232e-11		306.106		19.7836		-21.5462		-1.76263		74.424
		52380		5.238e-11		301.644		19.4952		-21.2578		-1.76256		74.5795
		52440		5.244e-11		298.072		19.2644		-21.027		-1.76263		74.6699
		52500		5.25e-11		277.624		17.9429		-19.7054		-1.76253		74.6884
		52560		5.256e-11		286.5		18.5165		-20.2791		-1.76259		74.7694
		52620		5.262e-11		290.635		18.7837		-20.5463		-1.76259		74.9101
		52680		5.268e-11		295.976		19.1289		-20.8916		-1.76265		74.9468
		52740		5.274e-11		299.193		19.3368		-21.0995		-1.76266		74.9267
		52800		5.28e-11		284.596		18.3934		-20.1559		-1.7625		74.8653
		52860		5.286e-11		294.713		19.0473		-20.81		-1.76266		74.7764
		52920		5.292e-11		286.749		18.5326		-20.2952		-1.76258		74.8199
		52980		5.298e-11		292.033		18.8741		-20.6367		-1.76262		74.952
		53040		5.304e-11		287.415		18.5756		-20.3382		-1.76252		75.0646
		53100		5.31e-11		297.904		19.2536		-21.0162		-1.76265		75.1421
		53160		5.316e-11		288.881		18.6704		-20.433		-1.76264		75.2024
		53220		5.322e-11		304.161		19.6579		-21.4206		-1.76267		75.2068
		53280		5.328e-11		290.049		18.7458		-20.5084		-1.76257		75.1749
		53340		5.334e-11		302.7		19.5635		-21.3262		-1.7627		75.145
		53400		5.34e-11		287.273		18.5665		-20.329		-1.76255		75.2018
		53460		5.346e-11		283.069		18.2947		-20.0573		-1.76258		75.5042
		53520		5.352e-11		288.272		18.631		-20.3936		-1.76258		75.9247
		53580		5.358e-11		304.46		19.6772		-21.4399		-1.76267		76.2578
		53640		5.364e-11		299.369		19.3482		-21.1108		-1.76259		76.4689
		53700		5.37e-11		306.277		19.7947		-21.5573		-1.76262		76.5564
		53760		5.376e-11		310.228		20.05		-21.8126		-1.76263		76.5734
		53820		5.382e-11		304.1		19.654		-21.4166		-1.76263		76.5868
		53880		5.388e-11		294.958		19.0631		-20.8257		-1.76262		76.6374
		53940		5.394e-11		298.034		19.262		-21.0246		-1.76267		76.6911
		54000		5.4e-11		285.423		18.4469		-20.2094		-1.76254		76.7953
		54060		5.406e-11		302.41		19.5448		-21.3075		-1.76269		76.9986
		54120		5.412e-11		291.928		18.8673		-20.6299		-1.76257		77.2674
		54180		5.418e-11		292.33		18.8933		-20.6559		-1.76261		77.4166
		54240		5.424e-11		296.942		19.1914		-20.954		-1.76265		77.4415
		54300		5.43e-11		289.411		18.7046		-20.4673		-1.76264		77.447
		54360		5.436e-11		277.71		17.9484		-19.711		-1.76255		77.4714
		54420		5.442e-11		292.957		18.9338		-20.6965		-1.76269		77.5038
		54480		5.448e-11		288.917		18.6727		-20.4353		-1.76256		77.5852
		54540		5.454e-11		297.53		19.2293		-20.992		-1.76264		77.7081
		54600		5.46e-11		296.555		19.1664		-20.929		-1.76262		77.8403
		54660		5.466e-11		301.002		19.4537		-21.2164		-1.76264		78.064
		54720		5.472e-11		301.472		19.4841		-21.2468		-1.76263		78.275
		54780		5.478e-11		289.429		18.7058		-20.4685		-1.76263		78.3345
		54840		5.484e-11		283.77		18.3401		-20.1027		-1.7626		78.3547
		54900		5.49e-11		298.593		19.2981		-21.0607		-1.76262		78.4203
		54960		5.496e-11		301.189		19.4658		-21.2284		-1.7626		78.564
		55020		5.502e-11		296.593		19.1688		-20.9313		-1.7625		78.8844
		55080		5.508e-11		297.966		19.2575		-21.0201		-1.7626		79.2391
		55140		5.514e-11		284.44		18.3833		-20.1459		-1.76258		79.4219
		55200		5.52e-11		290.384		18.7675		-20.5301		-1.7626		79.5005
		55260		5.526e-11		295.462		19.0957		-20.8583		-1.76263		79.6164
		55320		5.532e-11		296.723		19.1772		-20.9399		-1.76265		79.7084
		55380		5.538e-11		297.813		19.2477		-21.0103		-1.76265		79.78
		55440		5.544e-11		293.569		18.9734		-20.736		-1.76262		79.7438
		55500		5.55e-11		299.482		19.3555		-21.1181		-1.76262		79.6264
		55560		5.556e-11		299.164		19.335		-21.0976		-1.7626		79.552
		55620		5.562e-11		300.71		19.4349		-21.1975		-1.76264		79.6134
		55680		5.568e-11		290.101		18.7492		-20.5118		-1.76254		79.8128
		55740		5.574e-11		302.316		19.5387		-21.3013		-1.76265		80.0141
		55800		5.58e-11		290.488		18.7743		-20.5369		-1.7626		80.1588
		55860		5.586e-11		299.858		19.3798		-21.1424		-1.76261		80.2337
		55920		5.592e-11		300.611		19.4285		-21.1911		-1.76257		80.3121
		55980		5.598e-11		289.546		18.7134		-20.4759		-1.76256		80.5038
		56040		5.604e-11		301.235		19.4688		-21.2315		-1.76261		80.7332
		56100		5.61e-11		304.785		19.6982		-21.4609		-1.76266		80.9727
		56160		5.616e-11		284.61		18.3943		-20.1568		-1.76248		81.0929
		56220		5.622e-11		302.481		19.5494		-21.312		-1.76267		80.9825
		56280		5.628e-11		305.88		19.769		-21.5317		-1.76266		80.8912
		56340		5.634e-11		312.283		20.1829		-21.9455		-1.76264		80.835
		56400		5.64e-11		300.752		19.4376		-21.2002		-1.7626		80.7466
		56460		5.646e-11		299.307		19.3442		-21.1068		-1.76262		80.6964
		56520		5.652e-11		305.095		19.7183		-21.481		-1.76267		80.75
		56580		5.658e-11		295.349		19.0884		-20.851		-1.76258		80.8725
		56640		5.664e-11		310.574		20.0724		-21.8351		-1.76268		80.9857
		56700		5.67e-11		297.197		19.2078		-20.9704		-1.76255		81.0608
		56760		5.676e-11		287.917		18.6081		-20.3706		-1.76256		81.0904
		56820		5.682e-11		293.172		18.9477		-20.7104		-1.76267		81.1566
		56880		5.688e-11		291.225		18.8219		-20.5844		-1.76251		81.3111
		56940		5.694e-11		307.507		19.8742		-21.6368		-1.76262		81.4399
		57000		5.7e-11		294.719		19.0477		-20.8103		-1.76263		81.5591
		57060		5.706e-11		295.443		19.0945		-20.8571		-1.76268		81.6643
		57120		5.712e-11		290.176		18.7541		-20.5167		-1.76266		81.7441
		57180		5.718e-11		283.347		18.3127		-20.0753		-1.76261		81.8469
		57240		5.724e-11		296.034		19.1327		-20.8953		-1.76267		81.9987
		57300		5.73e-11		296.619		19.1705		-20.9331		-1.76261		82.2278
		57360		5.736e-11		300.865		19.4449		-21.2075		-1.76265		82.433
		57420		5.742e-11		289.245		18.6939		-20.4564		-1.76252		82.5533
		57480		5.748e-11		296.663		19.1733		-20.9359		-1.76264		82.6233
		57540		5.754e-11		298.119		19.2674		-21.0301		-1.76264		82.6373
		57600		5.76e-11		290.719		18.7892		-20.5518		-1.7626		82.6589
		57660		5.766e-11		284.962		18.4171		-20.1797		-1.76261		82.709
		57720		5.772e-11		292.304		18.8916		-20.6542		-1.76262		82.7598
		57780		5.778e-11		288.142		18.6226		-20.3852		-1.7626		82.8693
		57840		5.784e-11		289.534		18.7126		-20.4752		-1.76266		82.9331
		57900		5.79e-11		285.407		18.4459		-20.2085		-1.76263		82.9032
		57960		5.796e-11		289.024		18.6796		-20.4423		-1.76267		82.9039
		58020		5.802e-11		293.704		18.9821		-20.7447		-1.76265		83.0267
		58080		5.808e-11		294.008		19.0018		-20.7644		-1.76267		83.1896
		58140		5.814e-11		285.569		18.4563		-20.2189		-1.7626		83.2356
		58200		5.82e-11		295.968		19.1284		-20.891		-1.76264		83.2059
		58260		5.826e-11		284.598		18.3935		-20.1562		-1.76263		83.1712
		58320		5.832e-11		280.546		18.1317		-19.8943		-1.76257		83.3362
		58380		5.838e-11		293.299		18.9559		-20.7186		-1.76266		83.594
		58440		5.844e-11		292.421		18.8992		-20.6617		-1.76256		83.7971
		58500		5.85e-11		305.877		19.7688		-21.5315		-1.7627		83.9209
		58560		5.856e-11		285.525		18.4535		-20.216		-1.76255		84.0984
		58620		5.862e-11		292.273		18.8896		-20.6522		-1.76261		84.1625
		58680		5.868e-11		299.006		19.3247		-21.0874		-1.76264		84.077
		58740		5.874e-11		300.805		19.441		-21.2036		-1.76261		83.9957
		58800		5.88e-11		287.487		18.5803		-20.3429		-1.76257		84.0629
		58860		5.886e-11		299.562		19.3607		-21.1234		-1.76267		84.3197
		58920		5.892e-11		297.545		19.2304		-20.993		-1.76265		84.7246
		58980		5.898e-11		284.51		18.3879		-20.1504		-1.76254		85.0978
		59040		5.904e-11		295.336		19.0876		-20.8502		-1.76261		85.3539
		59100		5.91e-11		296.056		19.1341		-20.8967		-1.76263		85.4958
		59160		5.916e-11		300.053		19.3925		-21.1551		-1.76264		85.5527
		59220		5.922e-11		290.011		18.7434		-20.506		-1.76262		85.599
		59280		5.928e-11		290.333		18.7642		-20.5269		-1.76264		85.6408
		59340		5.934e-11		292.592		18.9102		-20.6729		-1.76262		85.7025
		59400		5.94e-11		293.395		18.9621		-20.7248		-1.76263		85.6776
		59460		5.946e-11		288.588		18.6515		-20.414		-1.76256		85.615
		59520		5.952e-11		309.006		19.971		-21.7338		-1.76273		85.6687
		59580		5.958e-11		283.904		18.3487		-20.1112		-1.76252		85.8756
		59640		5.964e-11		297.548		19.2305		-20.9932		-1.76273		86.0882
		59700		5.97e-11		291.783		18.8579		-20.6205		-1.76259		86.2102
		59760		5.976e-11		300.025		19.3906		-21.1533		-1.76266		86.2739
		59820		5.982e-11		290.493		18.7746		-20.5372		-1.7626		86.3198
		59880		5.988e-11		295.446		19.0947		-20.8573		-1.76265		86.3532
		59940		5.994e-11		290.068		18.7471		-20.5097		-1.7626		86.4994
