		timesteps		t		Temperature		Kin		Pot		TotalE		MSD
		0		0		629.454		40.6816		-43.9281		-3.24651		0.00743876
		60		6e-14		412.002		26.6277		-29.8743		-3.24662		0.125217
		120		1.2e-13		258.781		16.725		-19.9715		-3.24649		0.306021
		180		1.8e-13		317.166		20.4984		-23.745		-3.24656		0.403839
		240		2.4e-13		309.235		19.9859		-23.2323		-3.24642		0.477899
		300		3e-13		310.611		20.0748		-23.3212		-3.24644		0.532776
		360		3.6e-13		316.365		20.4467		-23.6931		-3.24646		0.572933
		420		4.2e-13		309.707		20.0164		-23.2628		-3.2464		0.606761
		480		4.8e-13		335.021		21.6524		-24.8989		-3.24652		0.628021
		540		5.4e-13		316.554		20.4589		-23.7053		-3.24642		0.653587
		600		6e-13		309.049		19.9738		-23.2202		-3.24644		0.672135
		660		6.6e-13		322.281		20.829		-24.0754		-3.24646		0.676158
		720		7.2e-13		315.138		20.3673		-23.6137		-3.24638		0.675889
		780		7.8e-13		327.217		21.148		-24.3945		-3.24647		0.669198
		840		8.4e-13		326.923		21.1291		-24.3755		-3.24642		0.665609
		900		9e-13		332.783		21.5078		-24.7542		-3.24644		0.662782
		960		9.6e-13		323.371		20.8995		-24.1459		-3.24641		0.666692
		1020		1.02e-12		321.268		20.7635		-24.01		-3.24645		0.672174
		1080		1.08e-12		326.705		21.115		-24.3614		-3.24647		0.673606
		1140		1.14e-12		329.865		21.3192		-24.5656		-3.24646		0.674466
		1200		1.2e-12		321.849		20.8011		-24.0475		-3.2464		0.675641
		1260		1.26e-12		319.392		20.6423		-23.8887		-3.24642		0.674227
		1320		1.32e-12		317.139		20.4967		-23.7431		-3.24639		0.666967
		1380		1.38e-12		320.574		20.7187		-23.9651		-3.24643		0.65309
		1440		1.44e-12		332.229		21.4719		-24.7184		-3.24649		0.636647
		1500		1.5e-12		327.191		21.1464		-24.3928		-3.24641		0.626935
		1560		1.56e-12		324.395		20.9656		-24.2121		-3.24647		0.623647
		1620		1.62e-12		327.135		21.1428		-24.3892		-3.24642		0.618716
		1680		1.68e-12		321.296		20.7653		-24.0117		-3.2464		0.615026
		1740		1.74e-12		317.098		20.494		-23.7404		-3.24637		0.608646
		1800		1.8e-12		325.384		21.0296		-24.276		-3.2464		0.594329
		1860		1.86e-12		341.803		22.0907		-25.3372		-3.24646		0.578337
		1920		1.92e-12		333.797		21.5733		-24.8197		-3.24642		0.572362
		1980		1.98e-12		335.801		21.7028		-24.9493		-3.24645		0.570134
		2040		2.04e-12		328.996		21.263		-24.5094		-3.24638		0.572003
		2100		2.1e-12		324.008		20.9406		-24.187		-3.24641		0.571791
		2160		2.16e-12		325.612		21.0443		-24.2908		-3.24642		0.563251
		2220		2.22e-12		341.547		22.0742		-25.3207		-3.24651		0.548358
		2280		2.28e-12		331		21.3925		-24.6389		-3.24643		0.538333
		2340		2.34e-12		333.433		21.5498		-24.7962		-3.24646		0.525444
		2400		2.4e-12		342.588		22.1415		-25.388		-3.24651		0.511379
		2460		2.46e-12		318.886		20.6096		-23.856		-3.24638		0.500944
		2520		2.52e-12		333.611		21.5613		-24.8077		-3.24644		0.478784
		2580		2.58e-12		347.652		22.4688		-25.7151		-3.24639		0.454589
		2640		2.64e-12		358.964		23.1998		-26.4464		-3.24652		0.44156
		2700		2.7e-12		344.357		22.2558		-25.5023		-3.24648		0.44539
		2760		2.76e-12		332.51		21.4901		-24.7365		-3.24637		0.453434
		2820		2.82e-12		338.058		21.8487		-25.0951		-3.24644		0.460114
		2880		2.88e-12		331.343		21.4147		-24.6611		-3.24644		0.471118
		2940		2.94e-12		331.208		21.406		-24.6524		-3.24647		0.479811
		3000		3e-12		337.078		21.7853		-25.0318		-3.24649		0.48585
		3060		3.06e-12		320.36		20.7049		-23.9512		-3.24633		0.494231
		3120		3.12e-12		342.107		22.1104		-25.3569		-3.24647		0.495574
		3180		3.18e-12		338.195		21.8576		-25.104		-3.24646		0.502821
		3240		3.24e-12		329.737		21.3109		-24.5573		-3.24642		0.51415
		3300		3.3e-12		333.716		21.568		-24.8144		-3.24637		0.523404
		3360		3.36e-12		331.307		21.4123		-24.6588		-3.24642		0.535759
		3420		3.42e-12		328.082		21.204		-24.4504		-3.24643		0.549175
		3480		3.48e-12		333.79		21.5729		-24.8193		-3.24644		0.561926
		3540		3.54e-12		327.023		21.1355		-24.382		-3.24649		0.581691
		3600		3.6e-12		305.409		19.7386		-22.9849		-3.24634		0.597544
		3660		3.66e-12		335.794		21.7023		-24.9488		-3.2465		0.592603
		3720		3.72e-12		325.45		21.0338		-24.2802		-3.24639		0.590434
		3780		3.78e-12		320.098		20.6879		-23.9343		-3.24643		0.58711
		3840		3.84e-12		319.904		20.6754		-23.9219		-3.24644		0.578095
		3900		3.9e-12		323.948		20.9368		-24.1832		-3.24642		0.564841
		3960		3.96e-12		324.857		20.9955		-24.2419		-3.24638		0.549622
		4020		4.02e-12		335.579		21.6885		-24.9349		-3.24644		0.534446
		4080		4.08e-12		329.398		21.289		-24.5354		-3.24644		0.527247
		4140		4.14e-12		318.825		20.6057		-23.8521		-3.2464		0.519167
		4200		4.2e-12		334.159		21.5967		-24.8432		-3.24651		0.503947
		4260		4.26e-12		332.71		21.5031		-24.7495		-3.24645		0.493702
		4320		4.32e-12		323.235		20.8907		-24.1371		-3.24641		0.486237
		4380		4.38e-12		334.914		21.6455		-24.892		-3.24646		0.472164
		4440		4.44e-12		337.93		21.8404		-25.0868		-3.24638		0.461319
		4500		4.5e-12		343.577		22.2054		-25.4518		-3.24648		0.459016
		4560		4.56e-12		326.429		21.0971		-24.3435		-3.24637		0.464656
		4620		4.62e-12		332.555		21.493		-24.7395		-3.24646		0.465618
		4680		4.68e-12		336.241		21.7312		-24.9777		-3.24649		0.464126
		4740		4.74e-12		336.284		21.734		-24.9805		-3.24649		0.464318
		4800		4.8e-12		325.443		21.0334		-24.2798		-3.24642		0.465748
		4860		4.86e-12		338.382		21.8696		-25.1161		-3.24647		0.459264
		4920		4.92e-12		332.127		21.4654		-24.7118		-3.24639		0.454194
		4980		4.98e-12		338.595		21.8834		-25.1299		-3.24647		0.448693
		5040		5.04e-12		335.255		21.6676		-24.9139		-3.24639		0.446969
		5100		5.1e-12		336.87		21.7719		-25.0183		-3.2464		0.448804
		5160		5.16e-12		339.877		21.9662		-25.2127		-3.24644		0.456379
		5220		5.22e-12		327.748		21.1823		-24.4288		-3.24644		0.469157
		5280		5.28e-12		325.111		21.0119		-24.2583		-3.2464		0.475042
		5340		5.34e-12		335.553		21.6868		-24.9333		-3.24645		0.474654
		5400		5.4e-12		322.24		20.8264		-24.0728		-3.24639		0.474374
		5460		5.46e-12		344.953		22.2943		-25.5408		-3.24653		0.464017
		5520		5.52e-12		347.786		22.4774		-25.7239		-3.2465		0.46176
		5580		5.58e-12		324.73		20.9873		-24.2337		-3.24639		0.473113
		5640		5.64e-12		314.455		20.3232		-23.5696		-3.24635		0.478313
		5700		5.7e-12		341.458		22.0684		-25.3149		-3.24648		0.468641
		5760		5.76e-12		339.713		21.9556		-25.2021		-3.24646		0.464716
		5820		5.82e-12		337.988		21.8442		-25.0906		-3.24644		0.465707
		5880		5.88e-12		341.027		22.0406		-25.287		-3.24643		0.472201
		5940		5.94e-12		332.438		21.4855		-24.7319		-3.2464		0.488448
		6000		6e-12		327.696		21.179		-24.4254		-3.24641		0.507372
		6060		6.06e-12		331.161		21.403		-24.6494		-3.24645		0.524071
		6120		6.12e-12		320.722		20.7282		-23.9747		-3.24643		0.540642
		6180		6.18e-12		322.792		20.862		-24.1085		-3.24643		0.55183
		6240		6.24e-12		331.569		21.4293		-24.6758		-3.24643		0.560265
		6300		6.3e-12		322.203		20.824		-24.0704		-3.24638		0.57317
		6360		6.36e-12		321.579		20.7836		-24.0301		-3.24645		0.58258
		6420		6.42e-12		321.896		20.8041		-24.0505		-3.24642		0.582696
		6480		6.48e-12		334.704		21.6319		-24.8784		-3.2465		0.576093
		6540		6.54e-12		324.177		20.9515		-24.198		-3.24647		0.574915
		6600		6.6e-12		318.715		20.5985		-23.8449		-3.24635		0.570774
		6660		6.66e-12		337.781		21.8308		-25.0772		-3.24644		0.561865
		6720		6.72e-12		333.291		21.5406		-24.787		-3.24642		0.561981
		6780		6.78e-12		332.773		21.5071		-24.7536		-3.24641		0.564871
		6840		6.84e-12		334.964		21.6487		-24.8952		-3.24645		0.56975
		6900		6.9e-12		328.472		21.2291		-24.4756		-3.24642		0.580772
		6960		6.96e-12		319.965		20.6793		-23.9258		-3.24645		0.59529
		7020		7.02e-12		319.092		20.6229		-23.8693		-3.24644		0.605315
		7080		7.08e-12		325.181		21.0164		-24.2629		-3.24645		0.610901
		7140		7.14e-12		317.828		20.5412		-23.7876		-3.24641		0.613921
		7200		7.2e-12		331.469		21.4228		-24.6693		-3.2465		0.607882
		7260		7.26e-12		324.283		20.9584		-24.2048		-3.2464		0.602365
		7320		7.32e-12		329.589		21.3013		-24.5478		-3.2465		0.596381
		7380		7.38e-12		325.244		21.0205		-24.267		-3.24645		0.590614
		7440		7.44e-12		326.92		21.1288		-24.3752		-3.24639		0.582721
		7500		7.5e-12		341.16		22.0491		-25.2956		-3.2465		0.57422
		7560		7.56e-12		317.53		20.522		-23.7684		-3.2464		0.573529
		7620		7.62e-12		322.359		20.8341		-24.0805		-3.24644		0.567957
		7680		7.68e-12		348.714		22.5374		-25.7838		-3.24648		0.558359
		7740		7.74e-12		329.137		21.2721		-24.5186		-3.24646		0.564487
		7800		7.8e-12		310.486		20.0667		-23.3131		-3.24642		0.568653
		7860		7.86e-12		330.735		21.3754		-24.6218		-3.24641		0.552284
		7920		7.92e-12		347.57		22.4634		-25.7099		-3.24648		0.532972
		7980		7.98e-12		338.222		21.8593		-25.1058		-3.24648		0.525465
		8040		8.04e-12		330.973		21.3908		-24.6372		-3.24647		0.523116
		8100		8.1e-12		328.126		21.2068		-24.4532		-3.24639		0.515707
		8160		8.16e-12		335.785		21.7018		-24.9481		-3.24637		0.503618
		8220		8.22e-12		335.559		21.6872		-24.9336		-3.24642		0.494862
		8280		8.28e-12		339.455		21.939		-25.1855		-3.2465		0.486555
		8340		8.34e-12		338.712		21.891		-25.1374		-3.24641		0.479122
		8400		8.4e-12		337.428		21.808		-25.0543		-3.24638		0.474871
		8460		8.46e-12		340.869		22.0304		-25.2768		-3.24646		0.472502
		8520		8.52e-12		331.251		21.4088		-24.6553		-3.24647		0.474794
		8580		8.58e-12		333.388		21.5469		-24.7933		-3.24648		0.474151
		8640		8.64e-12		338.472		21.8754		-25.1218		-3.24641		0.470734
		8700		8.7e-12		340.538		22.009		-25.2554		-3.24645		0.472658
		8760		8.76e-12		333.115		21.5292		-24.7757		-3.24647		0.480435
		8820		8.82e-12		334.711		21.6324		-24.8788		-3.24643		0.487386
		8880		8.88e-12		334.115		21.5938		-24.8403		-3.24644		0.495768
		8940		8.94e-12		331.487		21.424		-24.6704		-3.24645		0.503261
		9000		9e-12		336.996		21.7801		-25.0265		-3.24646		0.508978
		9060		9.06e-12		324.079		20.9452		-24.1917		-3.24642		0.517248
		9120		9.12e-12		335.975		21.7141		-24.9605		-3.24647		0.520751
		9180		9.18e-12		333.601		21.5607		-24.8071		-3.2464		0.526885
		9240		9.24e-12		331.97		21.4552		-24.7016		-3.24638		0.535668
		9300		9.3e-12		327.805		21.1861		-24.4325		-3.24643		0.546458
		9360		9.36e-12		329.874		21.3197		-24.5662		-3.2465		0.557115
		9420		9.42e-12		320.353		20.7044		-23.9508		-3.24641		0.569011
		9480		9.48e-12		325.418		21.0318		-24.2783		-3.24651		0.575874
		9540		9.54e-12		324.532		20.9745		-24.221		-3.24649		0.57999
		9600		9.6e-12		322.781		20.8614		-24.1078		-3.2464		0.581414
		9660		9.66e-12		332.524		21.491		-24.7375		-3.24645		0.579597
		9720		9.72e-12		328.941		21.2595		-24.5059		-3.2464		0.583455
		9780		9.78e-12		321.392		20.7716		-24.018		-3.2464		0.592716
		9840		9.84e-12		322.419		20.8379		-24.0843		-3.24639		0.599552
		9900		9.9e-12		332.884		21.5143		-24.7607		-3.24644		0.602919
		9960		9.96e-12		325.76		21.0538		-24.3003		-3.24647		0.610169
		10020		1.002e-11		316.531		20.4574		-23.7038		-3.24636		0.614362
		10080		1.008e-11		342.531		22.1378		-25.3842		-3.24646		0.611113
		10140		1.014e-11		331.055		21.3961		-24.6425		-3.24641		0.61995
		10200		1.02e-11		322.363		20.8343		-24.0808		-3.24647		0.633604
		10260		1.026e-11		320.989		20.7455		-23.9919		-3.24639		0.64199
		10320		1.032e-11		333.615		21.5616		-24.808		-3.24639		0.646097
		10380		1.038e-11		335.033		21.6532		-24.8996		-3.2464		0.656995
		10440		1.044e-11		321.67		20.7895		-24.036		-3.24645		0.675213
		10500		1.05e-11		311.943		20.1608		-23.4073		-3.24644		0.69015
		10560		1.056e-11		318.861		20.608		-23.8544		-3.24643		0.694285
		10620		1.062e-11		314.64		20.3352		-23.5815		-3.24633		0.696282
		10680		1.068e-11		325.939		21.0655		-24.3119		-3.2464		0.696056
		10740		1.074e-11		320.9		20.7398		-23.9861		-3.24637		0.698385
		10800		1.08e-11		331.051		21.3958		-24.6423		-3.24648		0.698222
		10860		1.086e-11		331.998		21.457		-24.7035		-3.24647		0.70352
		10920		1.092e-11		313.968		20.2918		-23.5382		-3.2464		0.715715
		10980		1.098e-11		319.703		20.6624		-23.9089		-3.24646		0.722159
		11040		1.104e-11		314.993		20.358		-23.6044		-3.24641		0.724444
		11100		1.11e-11		315.28		20.3766		-23.623		-3.24645		0.722409
		11160		1.116e-11		319.011		20.6177		-23.8641		-3.24639		0.713662
		11220		1.122e-11		330.445		21.3566		-24.603		-3.24638		0.703026
		11280		1.128e-11		329.579		21.3007		-24.5471		-3.24642		0.701732
		11340		1.134e-11		324.488		20.9717		-24.2181		-3.24643		0.710897
		11400		1.14e-11		321.674		20.7898		-24.0362		-3.24642		0.724329
		11460		1.146e-11		302.798		19.5699		-22.8162		-3.24634		0.736939
		11520		1.152e-11		321.085		20.7517		-23.9982		-3.24642		0.737363
		11580		1.158e-11		326.854		21.1246		-24.371		-3.24643		0.738142
		11640		1.164e-11		311.628		20.1405		-23.3869		-3.2464		0.742394
		11700		1.17e-11		322.223		20.8252		-24.0717		-3.24649		0.743075
		11760		1.176e-11		311.786		20.1507		-23.3971		-3.24637		0.746001
		11820		1.182e-11		321.004		20.7465		-23.9929		-3.24645		0.744942
		11880		1.188e-11		318.719		20.5988		-23.8452		-3.24638		0.744032
		11940		1.194e-11		319.538		20.6517		-23.8981		-3.2464		0.746699
		12000		1.2e-11		317.874		20.5442		-23.7906		-3.24644		0.752696
		12060		1.206e-11		326.075		21.0743		-24.3207		-3.24644		0.753474
		12120		1.212e-11		313.272		20.2468		-23.4931		-3.24637		0.757339
		12180		1.218e-11		320.385		20.7065		-23.9529		-3.24646		0.758404
		12240		1.224e-11		318.767		20.6019		-23.8483		-3.24642		0.755701
		12300		1.23e-11		328.231		21.2135		-24.46		-3.24648		0.754433
		12360		1.236e-11		328.344		21.2209		-24.4673		-3.24643		0.76125
		12420		1.242e-11		329.636		21.3044		-24.5508		-3.24645		0.777878
		12480		1.248e-11		311.762		20.1492		-23.3956		-3.24637		0.804131
		12540		1.254e-11		321.571		20.7831		-24.0296		-3.24652		0.824007
		12600		1.26e-11		297.067		19.1994		-22.4458		-3.24639		0.84573
		12660		1.266e-11		303.326		19.604		-22.8504		-3.24641		0.854406
		12720		1.272e-11		325.396		21.0303		-24.2768		-3.24646		0.849457
		12780		1.278e-11		330.041		21.3306		-24.577		-3.24641		0.854807
		12840		1.284e-11		312.912		20.2235		-23.4699		-3.24633		0.879508
		12900		1.29e-11		314.287		20.3124		-23.5589		-3.24649		0.910735
		12960		1.296e-11		313.622		20.2694		-23.5158		-3.24645		0.938543
		13020		1.302e-11		309.463		20.0006		-23.2471		-3.24645		0.961604
		13080		1.308e-11		310.319		20.0559		-23.3024		-3.24645		0.97512
		13140		1.314e-11		315.531		20.3927		-23.6392		-3.24643		0.981309
		13200		1.32e-11		304.698		19.6926		-22.939		-3.24637		0.986193
		13260		1.326e-11		322.385		20.8357		-24.0823		-3.24652		0.982709
		13320		1.332e-11		293.541		18.9716		-22.2179		-3.24637		0.981782
		13380		1.338e-11		315.177		20.3699		-23.6164		-3.24655		0.968481
		13440		1.344e-11		309.218		19.9848		-23.2311		-3.24636		0.958775
		13500		1.35e-11		321.146		20.7557		-24.0022		-3.24651		0.951084
		13560		1.356e-11		313.483		20.2604		-23.5068		-3.24643		0.942709
		13620		1.362e-11		313.679		20.273		-23.5195		-3.2464		0.933709
		13680		1.368e-11		317.93		20.5478		-23.7944		-3.24654		0.929321
		13740		1.374e-11		303.65		19.6249		-22.8713		-3.24643		0.928025
		13800		1.38e-11		307.681		19.8854		-23.1318		-3.24645		0.923251
		13860		1.386e-11		311.66		20.1426		-23.389		-3.2464		0.914454
		13920		1.392e-11		320.578		20.7189		-23.9653		-3.24642		0.898667
		13980		1.398e-11		327.553		21.1697		-24.4161		-3.2464		0.889374
		14040		1.404e-11		330.261		21.3448		-24.5912		-3.24647		0.886854
		14100		1.41e-11		318.034		20.5545		-23.8009		-3.24635		0.88968
		14160		1.416e-11		318.309		20.5723		-23.8187		-3.2464		0.900395
		14220		1.422e-11		311.281		20.1181		-23.3645		-3.24639		0.913916
		14280		1.428e-11		322.407		20.8371		-24.0836		-3.24642		0.924876
		14340		1.434e-11		317.914		20.5468		-23.7932		-3.24641		0.935996
		14400		1.44e-11		310.787		20.0862		-23.3326		-3.24636		0.943588
		14460		1.446e-11		318.234		20.5675		-23.8139		-3.24645		0.943621
		14520		1.452e-11		313.035		20.2314		-23.4778		-3.24641		0.946063
		14580		1.458e-11		323.371		20.8995		-24.1459		-3.24641		0.94623
		14640		1.464e-11		328.694		21.2435		-24.4899		-3.24644		0.944665
		14700		1.47e-11		329.108		21.2702		-24.5167		-3.24645		0.933126
		14760		1.476e-11		325.404		21.0308		-24.2772		-3.24635		0.923671
		14820		1.482e-11		347.685		22.4709		-25.7174		-3.24652		0.929939
		14880		1.488e-11		317.08		20.4928		-23.7392		-3.24638		0.962797
		14940		1.494e-11		319.13		20.6254		-23.8719		-3.24649		0.991823
		15000		1.5e-11		312.872		20.2209		-23.4673		-3.24645		1.01012
		15060		1.506e-11		314.78		20.3442		-23.5906		-3.24641		1.01397
		15120		1.512e-11		321.084		20.7517		-23.9981		-3.24647		1.0134
		15180		1.518e-11		314.293		20.3127		-23.5591		-3.24638		1.01783
		15240		1.524e-11		338.073		21.8496		-25.0961		-3.24649		1.02613
		15300		1.53e-11		325.982		21.0682		-24.3146		-3.24639		1.04242
		15360		1.536e-11		315.593		20.3968		-23.6432		-3.24638		1.06117
		15420		1.542e-11		318.302		20.5719		-23.8183		-3.24638		1.07836
		15480		1.548e-11		326.323		21.0903		-24.3367		-3.24647		1.08814
		15540		1.554e-11		317.196		20.5004		-23.7468		-3.24642		1.08608
		15600		1.56e-11		335.431		21.6789		-24.9254		-3.24645		1.06625
		15660		1.566e-11		323.184		20.8874		-24.1337		-3.24632		1.05679
		15720		1.572e-11		333.609		21.5611		-24.8076		-3.24646		1.06701
		15780		1.578e-11		335.484		21.6823		-24.9288		-3.24643		1.08862
		15840		1.584e-11		324.106		20.9469		-24.1934		-3.24643		1.11162
		15900		1.59e-11		314.856		20.3491		-23.5956		-3.24643		1.12739
		15960		1.596e-11		326.649		21.1113		-24.3578		-3.24647		1.1319
		16020		1.602e-11		321.011		20.7469		-23.9933		-3.24641		1.13531
		16080		1.608e-11		323.039		20.878		-24.1244		-3.24641		1.13609
		16140		1.614e-11		325.144		21.0141		-24.2605		-3.24645		1.13731
		16200		1.62e-11		305.371		19.7361		-22.9825		-3.24641		1.1423
		16260		1.626e-11		325.019		21.006		-24.2525		-3.24653		1.13842
		16320		1.632e-11		323.237		20.8908		-24.1372		-3.24643		1.13169
		16380		1.638e-11		332.624		21.4975		-24.7439		-3.24646		1.11654
		16440		1.644e-11		332.884		21.5143		-24.7607		-3.24641		1.10454
		16500		1.65e-11		324.669		20.9834		-24.2297		-3.24638		1.11111
		16560		1.656e-11		323.624		20.9158		-24.1623		-3.24646		1.13387
		16620		1.662e-11		315.444		20.3872		-23.6336		-3.24647		1.15957
		16680		1.668e-11		310.259		20.0521		-23.2985		-3.24644		1.16325
		16740		1.674e-11		311.632		20.1408		-23.3872		-3.24646		1.15718
		16800		1.68e-11		313.005		20.2295		-23.476		-3.24645		1.15527
		16860		1.686e-11		326.662		21.1122		-24.3586		-3.24645		1.1467
		16920		1.692e-11		323.903		20.9339		-24.1803		-3.24639		1.13283
		16980		1.698e-11		327.491		21.1658		-24.4122		-3.24644		1.11558
		17040		1.704e-11		313.844		20.2837		-23.5301		-3.24635		1.10506
		17100		1.71e-11		324.25		20.9562		-24.2028		-3.24653		1.09798
		17160		1.716e-11		319.303		20.6366		-23.883		-3.24644		1.09555
		17220		1.722e-11		336.244		21.7314		-24.978		-3.24652		1.09581
		17280		1.728e-11		336.566		21.7523		-24.9988		-3.24648		1.1082
		17340		1.734e-11		327.809		21.1863		-24.4327		-3.2464		1.12418
		17400		1.74e-11		330.394		21.3534		-24.5998		-3.24641		1.1313
		17460		1.746e-11		328.607		21.2379		-24.4843		-3.24641		1.13651
		17520		1.752e-11		329.377		21.2876		-24.5341		-3.24644		1.15659
		17580		1.758e-11		317.601		20.5266		-23.773		-3.24637		1.20024
		17640		1.764e-11		315.344		20.3807		-23.6271		-3.2464		1.23429
		17700		1.77e-11		323.792		20.9267		-24.1731		-3.2464		1.24173
		17760		1.776e-11		319.923		20.6766		-23.923		-3.24644		1.24876
		17820		1.782e-11		317.297		20.5069		-23.7534		-3.24646		1.25317
		17880		1.788e-11		324.019		20.9413		-24.1878		-3.24645		1.24565
		17940		1.794e-11		315.185		20.3704		-23.6168		-3.24642		1.23205
		18000		1.8e-11		325.085		21.0102		-24.2567		-3.24647		1.20191
		18060		1.806e-11		329.187		21.2753		-24.5218		-3.24644		1.16797
		18120		1.812e-11		322.114		20.8182		-24.0647		-3.24646		1.14527
		18180		1.818e-11		313.817		20.282		-23.5284		-3.24637		1.13508
		18240		1.824e-11		325.554		21.0406		-24.287		-3.24641		1.13445
		18300		1.83e-11		321.604		20.7853		-24.0317		-3.24645		1.13909
		18360		1.836e-11		323.661		20.9182		-24.1647		-3.24647		1.13115
		18420		1.842e-11		336.452		21.7449		-24.9914		-3.24651		1.1069
		18480		1.848e-11		328.404		21.2248		-24.4712		-3.24641		1.09097
		18540		1.854e-11		331.882		21.4495		-24.696		-3.24644		1.08178
		18600		1.86e-11		320.123		20.6895		-23.9359		-3.2464		1.07945
		18660		1.866e-11		320.265		20.6987		-23.9452		-3.24649		1.08227
		18720		1.872e-11		313.159		20.2395		-23.4859		-3.24639		1.07914
		18780		1.878e-11		338.115		21.8523		-25.0988		-3.24647		1.06588
		18840		1.884e-11		332.963		21.5194		-24.7658		-3.24643		1.06214
		18900		1.89e-11		338.588		21.883		-25.1295		-3.24651		1.05981
		18960		1.896e-11		324.151		20.9499		-24.1962		-3.24637		1.06619
		19020		1.902e-11		332.036		21.4595		-24.706		-3.2465		1.07766
		19080		1.908e-11		327.696		21.179		-24.4255		-3.24644		1.08854
		19140		1.914e-11		328.786		21.2495		-24.4958		-3.24638		1.08849
		19200		1.92e-11		333.097		21.5281		-24.7745		-3.2464		1.08419
		19260		1.926e-11		330.965		21.3903		-24.6367		-3.24643		1.08463
		19320		1.932e-11		331.046		21.3955		-24.642		-3.24643		1.08379
		19380		1.938e-11		326.821		21.1224		-24.3688		-3.24638		1.08506
		19440		1.944e-11		335.762		21.7003		-24.9468		-3.24647		1.0847
		19500		1.95e-11		326.049		21.0726		-24.319		-3.24642		1.08339
		19560		1.956e-11		326.681		21.1134		-24.3598		-3.2464		1.07268
		19620		1.962e-11		338.492		21.8768		-25.1232		-3.24645		1.05411
		19680		1.968e-11		326.14		21.0784		-24.3248		-3.24635		1.0354
		19740		1.974e-11		345.656		22.3397		-25.5862		-3.24645		1.0117
		19800		1.98e-11		339.286		21.928		-25.1745		-3.24645		1.01019
		19860		1.986e-11		328.132		21.2072		-24.4536		-3.24642		1.02558
		19920		1.992e-11		330.015		21.3289		-24.5754		-3.24651		1.05755
		19980		1.998e-11		301.702		19.499		-22.7454		-3.24637		1.09725
		20040		2.004e-11		321.25		20.7624		-24.0088		-3.24645		1.11021
		20100		2.01e-11		334.501		21.6188		-24.8653		-3.2465		1.11495
		20160		2.016e-11		319.373		20.6411		-23.8875		-3.2464		1.13073
		20220		2.022e-11		313.639		20.2705		-23.5169		-3.24642		1.14586
		20280		2.028e-11		328.824		21.2519		-24.4983		-3.24644		1.14713
		20340		2.034e-11		333.889		21.5793		-24.8256		-3.24638		1.14937
		20400		2.04e-11		329.536		21.2979		-24.5443		-3.24639		1.15325
		20460		2.046e-11		326.386		21.0943		-24.3407		-3.2464		1.15314
		20520		2.052e-11		329.935		21.3237		-24.5702		-3.24649		1.15129
		20580		2.058e-11		323.575		20.9127		-24.1591		-3.24638		1.14889
		20640		2.064e-11		344.473		22.2633		-25.5098		-3.24648		1.14603
		20700		2.07e-11		346.972		22.4248		-25.6712		-3.24641		1.15403
		20760		2.076e-11		338.836		21.899		-25.1454		-3.24642		1.16904
		20820		2.082e-11		347.377		22.451		-25.6974		-3.24648		1.18176
		20880		2.088e-11		327.501		21.1664		-24.4128		-3.24638		1.194
		20940		2.094e-11		322.829		20.8644		-24.1109		-3.24649		1.20352
		21000		2.1e-11		325.894		21.0625		-24.3089		-3.24643		1.20988
		21060		2.106e-11		317.849		20.5426		-23.7889		-3.2463		1.20825
		21120		2.112e-11		340.563		22.0106		-25.2571		-3.24649		1.19453
		21180		2.118e-11		323.739		20.9233		-24.1696		-3.24637		1.18593
		21240		2.124e-11		341.033		22.041		-25.2874		-3.2464		1.16626
		21300		2.13e-11		350.696		22.6655		-25.9119		-3.24644		1.15699
		21360		2.136e-11		344.827		22.2862		-25.5326		-3.24641		1.17046
		21420		2.142e-11		338.207		21.8583		-25.1047		-3.24642		1.20404
		21480		2.148e-11		329.288		21.2819		-24.5283		-3.2464		1.25244
		21540		2.154e-11		336.582		21.7533		-24.9997		-3.24645		1.30499
		21600		2.16e-11		334.099		21.5928		-24.8393		-3.24647		1.36531
		21660		2.166e-11		315.711		20.4044		-23.6507		-3.24635		1.41023
		21720		2.172e-11		321.909		20.805		-24.0513		-3.24639		1.4201
		21780		2.178e-11		339.274		21.9273		-25.1738		-3.24656		1.40847
		21840		2.184e-11		317.918		20.5471		-23.7935		-3.24643		1.40133
		21900		2.19e-11		321.474		20.7768		-24.0233		-3.24645		1.40672
		21960		2.196e-11		321.171		20.7573		-24.0037		-3.24637		1.42649
		22020		2.202e-11		322.793		20.8621		-24.1086		-3.24645		1.45756
		22080		2.208e-11		319.866		20.6729		-23.9193		-3.24641		1.48252
		22140		2.214e-11		329.116		21.2708		-24.5172		-3.24638		1.4978
		22200		2.22e-11		338.469		21.8753		-25.1218		-3.24652		1.5187
		22260		2.226e-11		314.096		20.3		-23.5464		-3.24639		1.54382
		22320		2.232e-11		320.843		20.7361		-23.9825		-3.24637		1.56317
		22380		2.238e-11		327.954		21.1957		-24.4421		-3.24646		1.58292
		22440		2.244e-11		319.94		20.6777		-23.9241		-3.24643		1.59889
		22500		2.25e-11		323.933		20.9358		-24.1823		-3.24649		1.62154
		22560		2.256e-11		306.913		19.8358		-23.0822		-3.24638		1.6431
		22620		2.262e-11		328.286		21.2171		-24.4636		-3.24643		1.64947
		22680		2.268e-11		321.376		20.7705		-24.0169		-3.24642		1.6608
		22740		2.274e-11		314.443		20.3224		-23.5689		-3.24646		1.65922
		22800		2.28e-11		313.774		20.2792		-23.5256		-3.24638		1.64577
		22860		2.286e-11		333.14		21.5308		-24.7773		-3.24649		1.64786
		22920		2.292e-11		306.567		19.8134		-23.0597		-3.24633		1.67257
		22980		2.298e-11		314.531		20.3281		-23.5746		-3.24649		1.68468
		23040		2.304e-11		321.919		20.8056		-24.0521		-3.24649		1.68479
		23100		2.31e-11		316.964		20.4854		-23.7318		-3.24644		1.67872
		23160		2.316e-11		316.64		20.4644		-23.7109		-3.24646		1.67549
		23220		2.322e-11		317.417		20.5146		-23.7611		-3.24643		1.66958
		23280		2.328e-11		316.399		20.4489		-23.6953		-3.24646		1.65988
		23340		2.334e-11		307.112		19.8486		-23.095		-3.24639		1.65482
		23400		2.34e-11		321.158		20.7565		-24.0029		-3.24646		1.63966
		23460		2.346e-11		326.497		21.1015		-24.3479		-3.24644		1.62255
		23520		2.352e-11		323.856		20.9308		-24.1772		-3.24638		1.60853
		23580		2.358e-11		333.445		21.5505		-24.797		-3.24649		1.60842
		23640		2.364e-11		308.633		19.947		-23.1933		-3.24638		1.62754
		23700		2.37e-11		321.839		20.8004		-24.0469		-3.24648		1.63731
		23760		2.376e-11		320.143		20.6908		-23.9373		-3.24644		1.64009
		23820		2.382e-11		326.928		21.1294		-24.3758		-3.24646		1.63878
		23880		2.388e-11		323.951		20.937		-24.1834		-3.2464		1.64299
		23940		2.394e-11		314.452		20.323		-23.5694		-3.2464		1.6462
		24000		2.4e-11		320.393		20.707		-23.9534		-3.24647		1.63761
		24060		2.406e-11		314.722		20.3405		-23.5869		-3.24639		1.62732
		24120		2.412e-11		312.859		20.2201		-23.4665		-3.24638		1.60935
		24180		2.418e-11		329.257		21.2799		-24.5264		-3.24649		1.58102
		24240		2.424e-11		326.32		21.09		-24.3365		-3.24644		1.5513
		24300		2.43e-11		335.565		21.6876		-24.934		-3.24641		1.51706
		24360		2.436e-11		340.647		22.016		-25.2624		-3.24636		1.47991
		24420		2.442e-11		351.388		22.7102		-25.9567		-3.24648		1.4638
		24480		2.448e-11		338.422		21.8722		-25.1186		-3.24642		1.47309
		24540		2.454e-11		328.111		21.2058		-24.4522		-3.24634		1.48766
		24600		2.46e-11		336.917		21.7749		-25.0213		-3.24639		1.50488
		24660		2.466e-11		327.861		21.1896		-24.436		-3.24641		1.53611
		24720		2.472e-11		315.98		20.4218		-23.6682		-3.24641		1.5712
		24780		2.478e-11		311.96		20.162		-23.4084		-3.24642		1.61129
		24840		2.484e-11		316.345		20.4454		-23.6918		-3.24643		1.66091
		24900		2.49e-11		323.109		20.8825		-24.1289		-3.24642		1.70737
		24960		2.496e-11		304.827		19.701		-22.9474		-3.24638		1.7542
		25020		2.502e-11		313.301		20.2486		-23.495		-3.24643		1.78159
		25080		2.508e-11		325.495		21.0367		-24.2832		-3.24645		1.79895
		25140		2.514e-11		317.737		20.5353		-23.7817		-3.24639		1.82127
		25200		2.52e-11		327.702		21.1794		-24.4258		-3.24647		1.8324
		25260		2.526e-11		319.113		20.6242		-23.8706		-3.24638		1.83202
		25320		2.532e-11		319.791		20.6681		-23.9145		-3.24644		1.81508
		25380		2.538e-11		322.287		20.8294		-24.0758		-3.24642		1.78397
		25440		2.544e-11		330.618		21.3678		-24.6142		-3.24638		1.75302
		25500		2.55e-11		337.654		21.8226		-25.069		-3.24643		1.7295
		25560		2.556e-11		339.881		21.9665		-25.2129		-3.24642		1.7085
		25620		2.562e-11		339.735		21.9571		-25.2036		-3.24646		1.69794
		25680		2.568e-11		327.314		21.1543		-24.4007		-3.24641		1.71563
		25740		2.574e-11		317.723		20.5344		-23.7809		-3.24645		1.75005
		25800		2.58e-11		309.925		20.0304		-23.2769		-3.24646		1.77168
		25860		2.586e-11		314.35		20.3165		-23.5629		-3.24643		1.77312
		25920		2.592e-11		320.658		20.7241		-23.9705		-3.24641		1.7684
		25980		2.598e-11		328.587		21.2366		-24.483		-3.2464		1.75957
		26040		2.604e-11		336.665		21.7587		-25.0051		-3.24642		1.74712
		26100		2.61e-11		327.48		21.1651		-24.4115		-3.24641		1.73425
		26160		2.616e-11		320.314		20.7019		-23.9483		-3.24638		1.72414
		26220		2.622e-11		324.212		20.9538		-24.2003		-3.24644		1.7357
		26280		2.628e-11		315.665		20.4014		-23.6479		-3.24646		1.76456
		26340		2.634e-11		316.392		20.4484		-23.6948		-3.24642		1.78642
		26400		2.64e-11		324.692		20.9849		-24.2313		-3.24644		1.80306
		26460		2.646e-11		331.575		21.4297		-24.6762		-3.24651		1.82929
		26520		2.652e-11		309.145		19.98		-23.2264		-3.24643		1.8765
		26580		2.658e-11		316.489		20.4547		-23.7011		-3.24642		1.90559
		26640		2.664e-11		324.295		20.9592		-24.2057		-3.24647		1.91748
		26700		2.67e-11		313.901		20.2874		-23.5338		-3.24637		1.94046
		26760		2.676e-11		321.095		20.7524		-23.9988		-3.24643		1.9756
		26820		2.682e-11		319.018		20.6181		-23.8646		-3.24648		2.01876
		26880		2.688e-11		306.24		19.7923		-23.0387		-3.24641		2.04984
		26940		2.694e-11		313.742		20.2772		-23.5236		-3.24641		2.06503
		27000		2.7e-11		326.737		21.117		-24.3635		-3.2465		2.06415
		27060		2.706e-11		313.514		20.2624		-23.5089		-3.24643		2.06138
		27120		2.712e-11		315.752		20.407		-23.6534		-3.24641		2.06713
		27180		2.718e-11		316.598		20.4617		-23.7082		-3.24644		2.07237
		27240		2.724e-11		323.202		20.8885		-24.135		-3.24646		2.0686
		27300		2.73e-11		327.03		21.136		-24.3824		-3.24646		2.06077
		27360		2.736e-11		316.067		20.4274		-23.6739		-3.2465		2.06192
		27420		2.742e-11		307.579		19.8788		-23.1252		-3.24645		2.06504
		27480		2.748e-11		319.724		20.6638		-23.9103		-3.24648		2.06637
		27540		2.754e-11		318.87		20.6086		-23.855		-3.24644		2.07375
		27600		2.76e-11		332.224		21.4716		-24.7181		-3.24646		2.08508
		27660		2.766e-11		329.859		21.3188		-24.5652		-3.24641		2.09645
		27720		2.772e-11		311.105		20.1067		-23.353		-3.24631		2.10336
		27780		2.778e-11		327.886		21.1913		-24.4378		-3.24649		2.09394
		27840		2.784e-11		310.596		20.0738		-23.3202		-3.2464		2.08686
		27900		2.79e-11		333.53		21.5561		-24.8026		-3.24654		2.08692
		27960		2.796e-11		316.454		20.4524		-23.6987		-3.24633		2.10329
		28020		2.802e-11		310.656		20.0777		-23.3241		-3.24639		2.12758
		28080		2.808e-11		322.559		20.847		-24.0934		-3.24638		2.14246
		28140		2.814e-11		334.265		21.6036		-24.85		-3.24646		2.14753
		28200		2.82e-11		311.545		20.1351		-23.3815		-3.24638		2.16671
		28260		2.826e-11		317.92		20.5472		-23.7936		-3.24644		2.17688
		28320		2.832e-11		320.712		20.7276		-23.9741		-3.24652		2.17988
		28380		2.838e-11		301.526		19.4876		-22.734		-3.2464		2.18484
		28440		2.844e-11		320.279		20.6997		-23.9462		-3.24649		2.16738
		28500		2.85e-11		324.231		20.955		-24.2014		-3.24639		2.15746
		28560		2.856e-11		336.011		21.7164		-24.9628		-3.24642		2.1886
		28620		2.862e-11		318.731		20.5996		-23.846		-3.24636		2.25096
		28680		2.868e-11		322.744		20.8589		-24.1054		-3.24646		2.3017
		28740		2.874e-11		323.989		20.9394		-24.1859		-3.24647		2.32808
		28800		2.88e-11		307.267		19.8587		-23.105		-3.24631		2.33955
		28860		2.886e-11		323.933		20.9358		-24.1822		-3.24645		2.33778
		28920		2.892e-11		321.358		20.7693		-24.0158		-3.24645		2.34386
		28980		2.898e-11		318.887		20.6097		-23.8561		-3.24646		2.35505
		29040		2.904e-11		311.974		20.1629		-23.4093		-3.24641		2.36601
		29100		2.91e-11		313.42		20.2563		-23.5028		-3.24648		2.36866
		29160		2.916e-11		304.582		19.6851		-22.9315		-3.24641		2.3695
		29220		2.922e-11		321.264		20.7633		-24.0097		-3.24644		2.35237
		29280		2.928e-11		327.25		21.1502		-24.3966		-3.24639		2.32944
		29340		2.934e-11		334.792		21.6376		-24.884		-3.24643		2.3268
		29400		2.94e-11		328.86		21.2542		-24.5006		-3.2464		2.35171
		29460		2.946e-11		327.186		21.146		-24.3925		-3.24644		2.37749
		29520		2.952e-11		310.86		20.0909		-23.3373		-3.2464		2.40137
		29580		2.958e-11		327.163		21.1445		-24.391		-3.24649		2.40586
		29640		2.964e-11		325.66		21.0474		-24.2938		-3.24643		2.40707
		29700		2.97e-11		323.923		20.9351		-24.1816		-3.24646		2.3955
		29760		2.976e-11		327.412		21.1607		-24.4071		-3.24642		2.37863
		29820		2.982e-11		329.614		21.3029		-24.5494		-3.24644		2.38458
		29880		2.988e-11		320.818		20.7345		-23.9808		-3.24637		2.40532
		29940		2.994e-11		322.993		20.8751		-24.1215		-3.24646		2.42741
		30000		3e-11		318.337		20.5741		-23.8205		-3.24641		2.44916
		30060		3.006e-11		317.292		20.5066		-23.753		-3.24638		2.46075
		30120		3.012e-11		317.707		20.5334		-23.7798		-3.24639		2.46779
		30180		3.018e-11		315.71		20.4044		-23.6508		-3.24641		2.47496
		30240		3.024e-11		322.703		20.8563		-24.1027		-3.24646		2.47587
		30300		3.03e-11		324.519		20.9737		-24.2201		-3.24641		2.46858
		30360		3.036e-11		322.14		20.8199		-24.0663		-3.24644		2.44727
		30420		3.042e-11		313.963		20.2914		-23.5378		-3.24635		2.42179
		30480		3.048e-11		338.965		21.9073		-25.1539		-3.24652		2.40558
		30540		3.054e-11		324		20.9401		-24.1866		-3.24643		2.40548
		30600		3.06e-11		315.036		20.3608		-23.6072		-3.24644		2.41409
		30660		3.066e-11		325.594		21.0432		-24.2896		-3.24645		2.41569
		30720		3.072e-11		317.181		20.4994		-23.7458		-3.24642		2.41707
		30780		3.078e-11		315.518		20.3919		-23.6383		-3.2464		2.43096
		30840		3.084e-11		323.691		20.9202		-24.1666		-3.2464		2.47144
		30900		3.09e-11		325.655		21.0471		-24.2935		-3.24643		2.52097
		30960		3.096e-11		315.468		20.3887		-23.6351		-3.24637		2.56096
		31020		3.102e-11		308.981		19.9694		-23.2158		-3.24637		2.57691
		31080		3.108e-11		324.243		20.9558		-24.2023		-3.24649		2.57718
		31140		3.114e-11		317.718		20.5341		-23.7805		-3.24638		2.57453
		31200		3.12e-11		339.432		21.9375		-25.1841		-3.24654		2.56567
		31260		3.126e-11		327.138		21.143		-24.3893		-3.24636		2.55503
		31320		3.132e-11		342.253		22.1198		-25.3663		-3.24649		2.5495
		31380		3.138e-11		318.955		20.614		-23.8604		-3.24634		2.55248
		31440		3.144e-11		327.639		21.1753		-24.4218		-3.24645		2.54264
		31500		3.15e-11		329.199		21.2762		-24.5226		-3.24642		2.51876
		31560		3.156e-11		316.661		20.4658		-23.7122		-3.24641		2.49836
		31620		3.162e-11		321.098		20.7526		-23.999		-3.24644		2.47744
		31680		3.168e-11		328.897		21.2566		-24.5031		-3.24644		2.4705
		31740		3.174e-11		337.435		21.8084		-25.0549		-3.24653		2.48893
		31800		3.18e-11		314.921		20.3534		-23.5997		-3.24639		2.53523
		31860		3.186e-11		327.247		21.15		-24.3965		-3.24651		2.5531
		31920		3.192e-11		322.223		20.8253		-24.0717		-3.24643		2.55164
		31980		3.198e-11		321.601		20.785		-24.0314		-3.24638		2.56337
		32040		3.204e-11		333.18		21.5334		-24.7799		-3.24648		2.58976
		32100		3.21e-11		326.685		21.1136		-24.36		-3.24638		2.63172
		32160		3.216e-11		319.422		20.6442		-23.8906		-3.24639		2.67974
		32220		3.222e-11		309.514		20.0039		-23.2503		-3.24638		2.70956
		32280		3.228e-11		313.555		20.265		-23.5115		-3.24645		2.69835
		32340		3.234e-11		321.713		20.7923		-24.0388		-3.24648		2.67988
		32400		3.24e-11		330.438		21.3562		-24.6026		-3.24641		2.68391
		32460		3.246e-11		330.904		21.3863		-24.6328		-3.24646		2.70273
		32520		3.252e-11		321.839		20.8005		-24.0469		-3.24641		2.72015
		32580		3.258e-11		321.325		20.7672		-24.0136		-3.24642		2.72676
		32640		3.264e-11		335.232		21.6661		-24.9125		-3.24647		2.73594
		32700		3.27e-11		325.554		21.0405		-24.2869		-3.2464		2.76247
		32760		3.276e-11		319.616		20.6568		-23.9032		-3.24645		2.79595
		32820		3.282e-11		311.542		20.135		-23.3813		-3.24638		2.83486
		32880		3.288e-11		328.869		21.2548		-24.5013		-3.24648		2.86254
		32940		3.294e-11		325.886		21.062		-24.3085		-3.24647		2.88266
		33000		3.3e-11		315.995		20.4228		-23.6692		-3.24639		2.90179
		33060		3.306e-11		336.357		21.7387		-24.9852		-3.24646		2.91061
		33120		3.312e-11		322.813		20.8634		-24.1099		-3.24646		2.91483
		33180		3.318e-11		315.253		20.3748		-23.6213		-3.24646		2.91509
		33240		3.324e-11		323.507		20.9082		-24.1547		-3.24648		2.90942
		33300		3.33e-11		311.705		20.1455		-23.3918		-3.2463		2.91395
		33360		3.336e-11		330.455		21.3573		-24.6038		-3.24648		2.91241
		33420		3.342e-11		312.23		20.1794		-23.4258		-3.24639		2.9198
		33480		3.348e-11		316.308		20.443		-23.6894		-3.2464		2.94135
		33540		3.354e-11		316.728		20.4702		-23.7166		-3.2464		2.97395
		33600		3.36e-11		310.557		20.0713		-23.3176		-3.24634		3.00089
		33660		3.366e-11		324.382		20.9648		-24.2112		-3.24643		3.00419
		33720		3.372e-11		309.128		19.979		-23.2254		-3.2464		3.01488
		33780		3.378e-11		317.375		20.5119		-23.7584		-3.2465		3.03299
		33840		3.384e-11		311.558		20.136		-23.3823		-3.24634		3.05389
		33900		3.39e-11		311.354		20.1228		-23.3692		-3.2464		3.06639
		33960		3.396e-11		317.896		20.5456		-23.792		-3.24642		3.08454
		34020		3.402e-11		336.452		21.7449		-24.9914		-3.24645		3.10812
		34080		3.408e-11		327.919		21.1934		-24.4398		-3.24638		3.13107
		34140		3.414e-11		328.188		21.2108		-24.4572		-3.24643		3.14408
		34200		3.42e-11		321.406		20.7725		-24.019		-3.24647		3.14779
		34260		3.426e-11		309.181		19.9824		-23.2288		-3.24642		3.14514
		34320		3.432e-11		330.272		21.3455		-24.5919		-3.24649		3.12641
		34380		3.438e-11		317.221		20.502		-23.7484		-3.24639		3.11332
		34440		3.444e-11		331.363		21.416		-24.6625		-3.24652		3.09708
		34500		3.45e-11		321.732		20.7935		-24.0399		-3.24635		3.09853
		34560		3.456e-11		322.6		20.8497		-24.0961		-3.24646		3.11269
		34620		3.462e-11		314.538		20.3286		-23.575		-3.24636		3.11941
		34680		3.468e-11		311.398		20.1257		-23.3721		-3.24645		3.12601
		34740		3.474e-11		317.063		20.4918		-23.7382		-3.24643		3.15045
		34800		3.48e-11		327.872		21.1903		-24.4368		-3.24646		3.18774
		34860		3.486e-11		318.445		20.5811		-23.8276		-3.24643		3.23221
		34920		3.492e-11		316.076		20.428		-23.6745		-3.24644		3.25731
		34980		3.498e-11		320.885		20.7388		-23.9852		-3.2464		3.25347
		35040		3.504e-11		326.894		21.1272		-24.3736		-3.24645		3.2499
		35100		3.51e-11		318.902		20.6106		-23.857		-3.24639		3.25699
		35160		3.516e-11		314.396		20.3194		-23.5657		-3.24633		3.25654
		35220		3.522e-11		321.634		20.7872		-24.0337		-3.24646		3.25546
		35280		3.528e-11		324.472		20.9706		-24.217		-3.24642		3.2501
		35340		3.534e-11		329.062		21.2673		-24.5137		-3.24639		3.26274
		35400		3.54e-11		326.567		21.106		-24.3525		-3.24649		3.29017
		35460		3.546e-11		310.09		20.0411		-23.2875		-3.24643		3.3194
		35520		3.552e-11		306.198		19.7896		-23.036		-3.24647		3.35759
		35580		3.558e-11		305.956		19.774		-23.0204		-3.24645		3.39013
		35640		3.564e-11		306.823		19.83		-23.0763		-3.24636		3.39045
		35700		3.57e-11		320.575		20.7188		-23.9653		-3.24649		3.35894
		35760		3.576e-11		315.204		20.3716		-23.618		-3.2464		3.30753
		35820		3.582e-11		327.619		21.174		-24.4205		-3.24647		3.25729
		35880		3.588e-11		313.541		20.2641		-23.5105		-3.2464		3.21697
		35940		3.594e-11		315.667		20.4015		-23.648		-3.24648		3.1839
		36000		3.6e-11		312.908		20.2232		-23.4697		-3.24645		3.1675
		36060		3.606e-11		306.377		19.8012		-23.0476		-3.24642		3.1717
		36120		3.612e-11		310.938		20.0959		-23.3423		-3.24644		3.18869
		36180		3.618e-11		303.078		19.5879		-22.8343		-3.24639		3.19232
		36240		3.624e-11		311.455		20.1293		-23.3758		-3.24646		3.187
		36300		3.63e-11		313.104		20.2359		-23.4823		-3.24638		3.18007
		36360		3.636e-11		307.051		19.8447		-23.0912		-3.24646		3.17188
		36420		3.642e-11		289.596		18.7166		-21.963		-3.24638		3.17267
		36480		3.648e-11		311.317		20.1204		-23.3669		-3.24646		3.1458
		36540		3.654e-11		312.859		20.2201		-23.4665		-3.24641		3.12084
		36600		3.66e-11		324.106		20.947		-24.1935		-3.24647		3.11037
		36660		3.666e-11		318.541		20.5873		-23.8337		-3.24638		3.11863
		36720		3.672e-11		327.865		21.1899		-24.4363		-3.24644		3.12889
		36780		3.678e-11		333.032		21.5239		-24.7703		-3.24646		3.1332
		36840		3.684e-11		312.086		20.1701		-23.4166		-3.24644		3.14485
		36900		3.69e-11		304.528		19.6816		-22.928		-3.2464		3.1507
		36960		3.696e-11		324.519		20.9737		-24.2202		-3.24649		3.14129
		37020		3.702e-11		322.235		20.8261		-24.0725		-3.24642		3.13745
		37080		3.708e-11		312.743		20.2126		-23.459		-3.24642		3.14959
		37140		3.714e-11		320.473		20.7122		-23.9587		-3.2465		3.17768
		37200		3.72e-11		308.527		19.9401		-23.1865		-3.24637		3.21171
		37260		3.726e-11		301.131		19.4621		-22.7085		-3.24639		3.227
		37320		3.732e-11		316.801		20.4748		-23.7213		-3.24645		3.23656
		37380		3.738e-11		309.489		20.0023		-23.2486		-3.24634		3.2616
		37440		3.744e-11		320.599		20.7203		-23.9669		-3.24655		3.31102
		37500		3.75e-11		305.221		19.7264		-22.9728		-3.24637		3.37095
		37560		3.756e-11		315.46		20.3882		-23.6347		-3.2465		3.43071
		37620		3.762e-11		314.013		20.2946		-23.5411		-3.24646		3.48503
		37680		3.768e-11		310.627		20.0758		-23.3223		-3.24647		3.52921
		37740		3.774e-11		300.593		19.4273		-22.6737		-3.24636		3.56421
		37800		3.78e-11		312.852		20.2196		-23.466		-3.24642		3.57709
		37860		3.786e-11		308.288		19.9247		-23.171		-3.24637		3.58172
		37920		3.792e-11		314.097		20.3001		-23.5465		-3.24646		3.59051
		37980		3.798e-11		298.548		19.2951		-22.5415		-3.24639		3.60457
		38040		3.804e-11		295.995		19.1301		-22.3764		-3.24632		3.61013
		38100		3.81e-11		315.319		20.3791		-23.6256		-3.24652		3.61764
		38160		3.816e-11		302.714		19.5644		-22.8108		-3.24639		3.64215
		38220		3.822e-11		298.826		19.3131		-22.5595		-3.24641		3.66891
		38280		3.828e-11		301.633		19.4946		-22.741		-3.24639		3.68435
		38340		3.834e-11		320.75		20.7301		-23.9766		-3.24651		3.68646
		38400		3.84e-11		313.411		20.2557		-23.5022		-3.24642		3.67362
		38460		3.846e-11		309.497		20.0028		-23.2492		-3.24644		3.65088
		38520		3.852e-11		302.892		19.5759		-22.8224		-3.24649		3.64276
		38580		3.858e-11		307.214		19.8552		-23.1017		-3.24646		3.65523
		38640		3.864e-11		310.642		20.0768		-23.3232		-3.24646		3.67863
		38700		3.87e-11		298.272		19.2773		-22.5237		-3.24641		3.70528
		38760		3.876e-11		299.786		19.3752		-22.6217		-3.24648		3.73838
		38820		3.882e-11		294.445		19.03		-22.2764		-3.24639		3.77352
		38880		3.888e-11		305.445		19.7409		-22.9873		-3.24642		3.7995
		38940		3.894e-11		311.974		20.1629		-23.4093		-3.24638		3.80912
		39000		3.9e-11		316.295		20.4422		-23.6885		-3.24638		3.81825
		39060		3.906e-11		308.872		19.9624		-23.2088		-3.24636		3.85608
		39120		3.912e-11		314.596		20.3323		-23.5788		-3.24643		3.90871
		39180		3.918e-11		300.472		19.4195		-22.6659		-3.24642		3.9641
		39240		3.924e-11		291.138		18.8162		-22.0626		-3.24639		4.01213
		39300		3.93e-11		293.824		18.9898		-22.2362		-3.24641		4.05916
		39360		3.936e-11		294.386		19.0262		-22.2725		-3.24633		4.10349
		39420		3.942e-11		317.315		20.5081		-23.7545		-3.24648		4.15345
		39480		3.948e-11		297.859		19.2506		-22.497		-3.24639		4.21516
		39540		3.954e-11		294.064		19.0054		-22.2518		-3.24641		4.26823
		39600		3.96e-11		301.575		19.4908		-22.7373		-3.24646		4.31667
		39660		3.966e-11		297.716		19.2414		-22.4878		-3.24643		4.36597
		39720		3.972e-11		299.617		19.3643		-22.6108		-3.24654		4.40541
		39780		3.978e-11		279.088		18.0375		-21.2839		-3.24637		4.44016
		39840		3.984e-11		291.184		18.8192		-22.0656		-3.24643		4.46897
		39900		3.99e-11		298.259		19.2765		-22.5229		-3.24641		4.51688
		39960		3.996e-11		298.227		19.2744		-22.5208		-3.24635		4.5956
		40020		4.002e-11		296.618		19.1704		-22.4169		-3.24648		4.685
		40080		4.008e-11		291.737		18.8549		-22.1014		-3.24643		4.76151
		40140		4.014e-11		289.503		18.7106		-21.957		-3.24637		4.84869
		40200		4.02e-11		290.444		18.7714		-22.0179		-3.24649		4.93888
		40260		4.026e-11		281.219		18.1752		-21.4216		-3.24642		4.98309
		40320		4.032e-11		285.128		18.4278		-21.6743		-3.24641		4.99754
		40380		4.038e-11		281.621		18.2012		-21.4476		-3.24643		5.01947
		40440		4.044e-11		274.774		17.7586		-21.005		-3.24642		5.05256
		40500		4.05e-11		289.425		18.7056		-21.952		-3.24646		5.08941
		40560		4.056e-11		303.29		19.6016		-22.8481		-3.24646		5.0962
		40620		4.062e-11		296.46		19.1602		-22.4066		-3.24639		5.09598
		40680		4.068e-11		285.477		18.4504		-21.6968		-3.24641		5.14813
		40740		4.074e-11		295.936		19.1264		-22.3728		-3.24644		5.20967
		40800		4.08e-11		293.303		18.9562		-22.2026		-3.24638		5.22961
		40860		4.086e-11		290.944		18.8037		-22.0501		-3.24642		5.23296
		40920		4.092e-11		289.584		18.7158		-21.9622		-3.2464		5.27549
		40980		4.098e-11		293.846		18.9913		-22.2377		-3.24644		5.35343
		41040		4.104e-11		294.79		19.0522		-22.2987		-3.24644		5.42201
		41100		4.11e-11		293.461		18.9664		-22.2128		-3.24642		5.48519
		41160		4.116e-11		291.528		18.8415		-22.0879		-3.24641		5.56806
		41220		4.122e-11		289.966		18.7405		-21.9869		-3.24641		5.64289
		41280		4.128e-11		293.009		18.9372		-22.1836		-3.2464		5.70301
		41340		4.134e-11		303.374		19.6071		-22.8535		-3.24642		5.78707
		41400		4.14e-11		297.714		19.2412		-22.4876		-3.24637		5.88353
		41460		4.146e-11		296.097		19.1367		-22.3832		-3.24642		5.97019
		41520		4.152e-11		280.934		18.1567		-21.403		-3.24629		6.0312
		41580		4.158e-11		292.418		18.899		-22.1454		-3.24644		6.05086
		41640		4.164e-11		291.675		18.851		-22.0974		-3.24642		6.06199
		41700		4.17e-11		286.061		18.4881		-21.7346		-3.2464		6.07609
		41760		4.176e-11		284.131		18.3634		-21.6098		-3.24641		6.11118
		41820		4.182e-11		285.88		18.4764		-21.7228		-3.24638		6.17615
		41880		4.188e-11		290.16		18.753		-21.9994		-3.24642		6.25848
		41940		4.194e-11		281.166		18.1718		-21.4182		-3.2464		6.33938
		42000		4.2e-11		279.414		18.0585		-21.305		-3.24642		6.41956
		42060		4.206e-11		289.752		18.7267		-21.9731		-3.24646		6.50547
		42120		4.212e-11		288.542		18.6485		-21.8949		-3.24637		6.59545
		42180		4.218e-11		295.09		19.0717		-22.3181		-3.24647		6.68306
		42240		4.224e-11		280.511		18.1294		-21.3758		-3.24636		6.74253
		42300		4.23e-11		292.254		18.8884		-22.1348		-3.24647		6.75517
		42360		4.236e-11		290.754		18.7914		-22.0378		-3.24641		6.78277
		42420		4.242e-11		293.671		18.98		-22.2265		-3.24649		6.83879
		42480		4.248e-11		287.536		18.5835		-21.83		-3.24647		6.91433
		42540		4.254e-11		284.831		18.4086		-21.6551		-3.24644		6.98775
		42600		4.26e-11		284.377		18.3793		-21.6257		-3.24645		7.04916
		42660		4.266e-11		277.455		17.9319		-21.1784		-3.24643		7.09266
		42720		4.272e-11		280.975		18.1594		-21.4059		-3.24646		7.10828
		42780		4.278e-11		281.259		18.1778		-21.4242		-3.2464		7.09406
		42840		4.284e-11		284.746		18.4031		-21.6495		-3.24632		7.0936
		42900		4.29e-11		301.883		19.5107		-22.7571		-3.24642		7.14223
		42960		4.296e-11		289.653		18.7203		-21.9667		-3.24638		7.21301
		43020		4.302e-11		288.487		18.6449		-21.8914		-3.24645		7.27521
		43080		4.308e-11		286.624		18.5245		-21.7708		-3.24636		7.36243
		43140		4.314e-11		297.941		19.256		-22.5024		-3.24646		7.45831
		43200		4.32e-11		280.992		18.1605		-21.4068		-3.24633		7.55689
		43260		4.326e-11		283.175		18.3016		-21.548		-3.24639		7.67477
		43320		4.332e-11		282.564		18.2621		-21.5085		-3.24644		7.79734
		43380		4.338e-11		273.856		17.6993		-20.9457		-3.24638		7.91452
		43440		4.344e-11		284.575		18.3921		-21.6385		-3.24644		8.03279
		43500		4.35e-11		271.886		17.572		-20.8184		-3.24636		8.16738
		43560		4.356e-11		290.264		18.7597		-22.0062		-3.24647		8.30354
		43620		4.362e-11		286.664		18.5271		-21.7735		-3.24637		8.43595
		43680		4.368e-11		286.684		18.5284		-21.7748		-3.24642		8.53752
		43740		4.374e-11		282.801		18.2774		-21.5238		-3.2464		8.60927
		43800		4.38e-11		288.241		18.629		-21.8754		-3.24643		8.66635
		43860		4.386e-11		285.558		18.4556		-21.702		-3.24643		8.77629
		43920		4.392e-11		275.675		17.8169		-21.0633		-3.24641		8.91888
		43980		4.398e-11		288.368		18.6372		-21.8836		-3.24645		9.01635
		44040		4.404e-11		289.706		18.7237		-21.9701		-3.24645		9.06223
		44100		4.41e-11		268.628		17.3614		-20.6078		-3.24635		9.09696
		44160		4.416e-11		283.534		18.3248		-21.5712		-3.24642		9.13572
		44220		4.422e-11		295.518		19.0993		-22.3458		-3.24646		9.18955
		44280		4.428e-11		273.172		17.6551		-20.9015		-3.24637		9.28938
		44340		4.434e-11		271.426		17.5423		-20.7886		-3.24635		9.41867
		44400		4.44e-11		295.296		19.085		-22.3314		-3.24646		9.5459
		44460		4.446e-11		284.293		18.3739		-21.6203		-3.2464		9.68243
		44520		4.452e-11		292.522		18.9057		-22.1521		-3.24644		9.79861
		44580		4.458e-11		289.553		18.7138		-21.9602		-3.24639		9.8876
		44640		4.464e-11		271.056		17.5184		-20.7648		-3.2464		9.96157
		44700		4.47e-11		280.426		18.1239		-21.3704		-3.24648		10.0002
		44760		4.476e-11		273.879		17.7008		-20.9471		-3.24633		10.0254
		44820		4.482e-11		285.836		18.4736		-21.7201		-3.24645		10.0539
		44880		4.488e-11		281.261		18.1779		-21.4243		-3.24642		10.1207
		44940		4.494e-11		278.626		18.0076		-21.254		-3.24643		10.2181
		45000		4.5e-11		281.06		18.1649		-21.4113		-3.24641		10.2991
		45060		4.506e-11		286.907		18.5428		-21.7893		-3.24644		10.3539
		45120		4.512e-11		280.273		18.1141		-21.3604		-3.24636		10.4579
		45180		4.518e-11		289.249		18.6942		-21.9406		-3.24643		10.6105
		45240		4.524e-11		277.045		17.9054		-21.1517		-3.24636		10.7613
		45300		4.53e-11		281.08		18.1662		-21.4126		-3.24642		10.8689
		45360		4.536e-11		278.428		17.9948		-21.2412		-3.24637		10.9755
		45420		4.542e-11		276.609		17.8772		-21.1235		-3.24631		11.1101
		45480		4.548e-11		297.88		19.252		-22.4985		-3.2465		11.2538
		45540		4.554e-11		290.379		18.7672		-22.0136		-3.2464		11.3799
		45600		4.56e-11		288.612		18.653		-21.8994		-3.24641		11.4706
		45660		4.566e-11		277.57		17.9394		-21.1858		-3.2464		11.5405
		45720		4.572e-11		280.884		18.1535		-21.4		-3.24642		11.5848
		45780		4.578e-11		278.906		18.0257		-21.272		-3.24635		11.6437
		45840		4.584e-11		276.618		17.8778		-21.1242		-3.2464		11.7502
		45900		4.59e-11		280.233		18.1114		-21.3578		-3.24639		11.8887
		45960		4.596e-11		295.697		19.1109		-22.3574		-3.24649		12.0537
		46020		4.602e-11		288.4		18.6393		-21.8857		-3.24643		12.2258
		46080		4.608e-11		283.346		18.3127		-21.5591		-3.24641		12.3385
		46140		4.614e-11		287.136		18.5576		-21.804		-3.24642		12.4001
		46200		4.62e-11		280.204		18.1096		-21.3559		-3.24639		12.4583
		46260		4.626e-11		277.129		17.9108		-21.1572		-3.2464		12.5576
		46320		4.632e-11		285.761		18.4687		-21.7151		-3.24643		12.6721
		46380		4.638e-11		277.656		17.9449		-21.1913		-3.24637		12.7604
		46440		4.644e-11		280.447		18.1253		-21.3716		-3.24639		12.8881
		46500		4.65e-11		286.884		18.5413		-21.7877		-3.24637		13.0489
		46560		4.656e-11		284.291		18.3737		-21.6201		-3.24641		13.1841
		46620		4.662e-11		270.739		17.4978		-20.7442		-3.2464		13.2893
		46680		4.668e-11		277.033		17.9047		-21.1511		-3.24643		13.385
		46740		4.674e-11		274.153		17.7185		-20.9649		-3.24638		13.4962
		46800		4.68e-11		291.075		18.8121		-22.0586		-3.24646		13.5977
		46860		4.686e-11		288.219		18.6276		-21.8739		-3.24635		13.7139
		46920		4.692e-11		281.571		18.1979		-21.4443		-3.2464		13.8378
		46980		4.698e-11		273.593		17.6823		-20.9287		-3.24641		13.9549
		47040		4.704e-11		273.741		17.6919		-20.9383		-3.24638		14.0953
		47100		4.71e-11		285.9		18.4777		-21.7241		-3.24639		14.2466
		47160		4.716e-11		285.11		18.4267		-21.673		-3.24636		14.3594
		47220		4.722e-11		281.153		18.1709		-21.4173		-3.24644		14.4474
		47280		4.728e-11		277.215		17.9164		-21.1628		-3.24639		14.5254
		47340		4.734e-11		277.786		17.9533		-21.1996		-3.24636		14.6178
		47400		4.74e-11		288.595		18.6519		-21.8983		-3.24643		14.7138
		47460		4.746e-11		279.952		18.0933		-21.3397		-3.24635		14.8046
		47520		4.752e-11		291.065		18.8115		-22.058		-3.24649		14.911
		47580		4.758e-11		284.327		18.3761		-21.6225		-3.2464		15.0337
		47640		4.764e-11		295.734		19.1133		-22.3598		-3.24651		15.1121
		47700		4.77e-11		279.31		18.0518		-21.2982		-3.24637		15.1392
		47760		4.776e-11		280.436		18.1246		-21.3709		-3.24635		15.2055
		47820		4.782e-11		297.304		19.2147		-22.4611		-3.24641		15.3392
		47880		4.788e-11		288.884		18.6706		-21.917		-3.2464		15.4694
		47940		4.794e-11		278.21		17.9807		-21.227		-3.24633		15.5547
		48000		4.8e-11		287.623		18.5891		-21.8355		-3.24643		15.6332
		48060		4.806e-11		274.065		17.7128		-20.9592		-3.24635		15.6976
		48120		4.812e-11		274.95		17.77		-21.0164		-3.24639		15.747
		48180		4.818e-11		279.746		18.08		-21.3264		-3.24641		15.8249
		48240		4.824e-11		276.153		17.8478		-21.0942		-3.24638		15.9271
		48300		4.83e-11		271.721		17.5613		-20.8076		-3.24635		16.051
		48360		4.836e-11		285.188		18.4317		-21.6782		-3.24649		16.1897
		48420		4.842e-11		280.765		18.1458		-21.3922		-3.2464		16.3284
		48480		4.848e-11		285.556		18.4555		-21.7019		-3.24642		16.4455
		48540		4.854e-11		277.821		17.9555		-21.2019		-3.24638		16.4829
		48600		4.86e-11		282.105		18.2324		-21.4788		-3.24642		16.4873
		48660		4.866e-11		285.005		18.4198		-21.6663		-3.24642		16.524
		48720		4.872e-11		273.126		17.6521		-20.8985		-3.24638		16.6519
		48780		4.878e-11		280.231		18.1113		-21.3578		-3.24645		16.8286
		48840		4.884e-11		277.544		17.9377		-21.184		-3.24635		16.9788
		48900		4.89e-11		286.456		18.5136		-21.76		-3.24637		17.0863
		48960		4.896e-11		288.437		18.6417		-21.8881		-3.24643		17.1593
		49020		4.902e-11		265.81		17.1793		-20.4256		-3.24636		17.2204
		49080		4.908e-11		284.309		18.3749		-21.6213		-3.24642		17.2801
		49140		4.914e-11		292.699		18.9171		-22.1636		-3.24646		17.3802
		49200		4.92e-11		282.275		18.2435		-21.4899		-3.24641		17.4917
		49260		4.926e-11		289.725		18.7249		-21.9713		-3.24639		17.5808
		49320		4.932e-11		287.026		18.5505		-21.7969		-3.24642		17.6649
		49380		4.938e-11		274.704		17.7541		-21.0006		-3.24641		17.7471
		49440		4.944e-11		278.328		17.9883		-21.2347		-3.2464		17.7947
		49500		4.95e-11		293.225		18.9511		-22.1975		-3.24642		17.8179
		49560		4.956e-11		290.093		18.7487		-21.9951		-3.24638		17.8673
		49620		4.962e-11		287.375		18.573		-21.8194		-3.24641		17.9166
		49680		4.968e-11		296.436		19.1587		-22.4051		-3.24645		17.9678
		49740		4.974e-11		286.826		18.5376		-21.7839		-3.24638		18.0625
		49800		4.98e-11		288.475		18.6441		-21.8906		-3.24646		18.1892
		49860		4.986e-11		275.785		17.824		-21.0703		-3.24633		18.3586
		49920		4.992e-11		284.589		18.393		-21.6394		-3.24641		18.5873
		49980		4.998e-11		284.393		18.3803		-21.6266		-3.24635		18.8331
		50040		5.004e-11		284.405		18.3811		-21.6275		-3.2464		19.0384
		50100		5.01e-11		274.129		17.7169		-20.9634		-3.24641		19.1683
		50160		5.016e-11		283.346		18.3126		-21.559		-3.2464		19.2699
		50220		5.022e-11		291.808		18.8596		-22.106		-3.24641		19.4006
		50280		5.028e-11		292.942		18.9329		-22.1792		-3.24639		19.5333
		50340		5.034e-11		296.594		19.1689		-22.4153		-3.2464		19.6409
		50400		5.04e-11		291.745		18.8554		-22.1018		-3.2464		19.7369
		50460		5.046e-11		293.241		18.9522		-22.1986		-3.2464		19.7867
		50520		5.052e-11		289.217		18.6921		-21.9385		-3.24639		19.8326
		50580		5.058e-11		295.614		19.1055		-22.352		-3.24647		19.8909
		50640		5.064e-11		280.152		18.1062		-21.3525		-3.24633		20.004
		50700		5.07e-11		291.999		18.8719		-22.1184		-3.24647		20.1096
		50760		5.076e-11		279.656		18.0741		-21.3205		-3.24632		20.1893
		50820		5.082e-11		288.286		18.6319		-21.8784		-3.24644		20.2869
		50880		5.088e-11		286.864		18.54		-21.7864		-3.24641		20.4089
		50940		5.094e-11		289.726		18.725		-21.9714		-3.24644		20.5634
		51000		5.1e-11		281.279		18.1791		-21.4254		-3.24637		20.7217
		51060		5.106e-11		285.726		18.4665		-21.7129		-3.24638		20.8526
		51120		5.112e-11		292.852		18.927		-22.1735		-3.24644		21.0131
		51180		5.118e-11		273.237		17.6593		-20.9057		-3.24636		21.2397
		51240		5.124e-11		275.178		17.7848		-21.0311		-3.24639		21.4462
		51300		5.13e-11		288.289		18.6321		-21.8786		-3.24644		21.5919
		51360		5.136e-11		293.333		18.9581		-22.2046		-3.24646		21.683
		51420		5.142e-11		281.564		18.1975		-21.4439		-3.24638		21.7418
		51480		5.148e-11		285.824		18.4728		-21.7192		-3.24636		21.7561
		51540		5.154e-11		286.45		18.5132		-21.7596		-3.2464		21.7619
		51600		5.16e-11		280.686		18.1407		-21.3872		-3.24642		21.7416
		51660		5.166e-11		288.544		18.6486		-21.895		-3.24643		21.7102
		51720		5.172e-11		283.081		18.2955		-21.5419		-3.24633		21.7766
		51780		5.178e-11		291.465		18.8374		-22.0838		-3.24645		21.891
		51840		5.184e-11		289.646		18.7198		-21.9663		-3.24643		21.9761
		51900		5.19e-11		286.984		18.5478		-21.7942		-3.2464		22.0435
		51960		5.196e-11		283.363		18.3137		-21.5601		-3.24639		22.1264
		52020		5.202e-11		289.255		18.6946		-21.941		-3.24643		22.2619
		52080		5.208e-11		281.816		18.2137		-21.4601		-3.24637		22.4405
		52140		5.214e-11		275.624		17.8136		-21.0599		-3.24638		22.5534
		52200		5.22e-11		274.139		17.7176		-20.964		-3.24643		22.6233
		52260		5.226e-11		284.611		18.3944		-21.6408		-3.24644		22.6935
		52320		5.232e-11		284.742		18.4029		-21.6493		-3.2464		22.7977
		52380		5.238e-11		259.441		16.7677		-20.014		-3.24633		22.8713
		52440		5.244e-11		277.407		17.9288		-21.1753		-3.24646		22.889
		52500		5.25e-11		294.208		19.0147		-22.2612		-3.24648		22.8797
		52560		5.256e-11		292.182		18.8837		-22.1301		-3.24642		22.8815
		52620		5.262e-11		298.312		19.2799		-22.5264		-3.24643		22.9063
		52680		5.268e-11		293.102		18.9432		-22.1896		-3.2464		22.9812
		52740		5.274e-11		283.839		18.3445		-21.5909		-3.24643		23.107
		52800		5.28e-11		280.706		18.142		-21.3884		-3.24641		23.1996
		52860		5.286e-11		280.43		18.1242		-21.3706		-3.24641		23.2932
		52920		5.292e-11		279.243		18.0475		-21.2939		-3.24641		23.4466
		52980		5.298e-11		279.932		18.092		-21.3384		-3.24637		23.6429
		53040		5.304e-11		283.042		18.293		-21.5394		-3.24638		23.8233
		53100		5.31e-11		276.588		17.8759		-21.1223		-3.24643		23.9405
		53160		5.316e-11		273.088		17.6496		-20.896		-3.2464		24.0201
		53220		5.322e-11		268.847		17.3756		-20.622		-3.24636		24.0687
		53280		5.328e-11		275.352		17.796		-21.0424		-3.2464		24.1134
		53340		5.334e-11		297.11		19.2022		-22.4487		-3.24652		24.1349
		53400		5.34e-11		286.364		18.5077		-21.7541		-3.24641		24.1938
		53460		5.346e-11		279.784		18.0824		-21.3289		-3.2464		24.2777
		53520		5.352e-11		290.231		18.7576		-22.004		-3.24643		24.3339
		53580		5.358e-11		292.59		18.9101		-22.1565		-3.24644		24.3572
		53640		5.364e-11		281.457		18.1905		-21.4369		-3.24634		24.3641
		53700		5.37e-11		285.627		18.46		-21.7064		-3.24638		24.4023
		53760		5.376e-11		277.366		17.9261		-21.1725		-3.24641		24.476
		53820		5.382e-11		272.856		17.6347		-20.8811		-3.2464		24.5888
		53880		5.388e-11		280.571		18.1333		-21.3798		-3.24648		24.7382
		53940		5.394e-11		281.69		18.2056		-21.4521		-3.24649		24.9116
		54000		5.4e-11		281.808		18.2133		-21.4597		-3.24643		25.0883
		54060		5.406e-11		289.85		18.733		-21.9794		-3.24642		25.2963
		54120		5.412e-11		287.457		18.5784		-21.8247		-3.24634		25.5367
		54180		5.418e-11		286.895		18.542		-21.7885		-3.24644		25.7313
		54240		5.424e-11		270.702		17.4955		-20.7419		-3.24637		25.904
		54300		5.43e-11		282.854		18.2809		-21.5273		-3.24643		26.0568
		54360		5.436e-11		273.389		17.6692		-20.9156		-3.24642		26.1717
		54420		5.442e-11		277.994		17.9668		-21.2132		-3.24641		26.2261
		54480		5.448e-11		281.364		18.1846		-21.431		-3.24644		26.2463
		54540		5.454e-11		262.438		16.9613		-20.2077		-3.24634		26.2784
		54600		5.46e-11		279.726		18.0787		-21.3251		-3.24642		26.35
		54660		5.466e-11		271.538		17.5495		-20.7958		-3.24635		26.3938
		54720		5.472e-11		283.489		18.3219		-21.5683		-3.24644		26.3416
		54780		5.478e-11		287.906		18.6074		-21.8538		-3.24639		26.2868
		54840		5.484e-11		282.835		18.2796		-21.526		-3.24641		26.2531
		54900		5.49e-11		286.529		18.5184		-21.7648		-3.24644		26.2153
		54960		5.496e-11		280.657		18.1389		-21.3853		-3.24643		26.1715
		55020		5.502e-11		271.455		17.5442		-20.7906		-3.24641		26.1388
		55080		5.508e-11		275.561		17.8095		-21.0559		-3.24638		26.0809
		55140		5.514e-11		285.621		18.4597		-21.7062		-3.24649		26.0033
		55200		5.52e-11		289.336		18.6998		-21.9463		-3.24646		26.0111
		55260		5.526e-11		289.728		18.7251		-21.9715		-3.24642		26.0502
		55320		5.532e-11		293.872		18.9929		-22.2393		-3.24642		26.0495
		55380		5.538e-11		298.346		19.2821		-22.5285		-3.2464		26.1081
		55440		5.544e-11		298.189		19.272		-22.5185		-3.24649		26.2388
		55500		5.55e-11		286.811		18.5366		-21.783		-3.2464		26.3661
		55560		5.556e-11		297.819		19.2481		-22.4946		-3.24649		26.4725
		55620		5.562e-11		280.065		18.1006		-21.3469		-3.24633		26.5869
		55680		5.568e-11		292.151		18.8817		-22.1282		-3.24646		26.7363
		55740		5.574e-11		277.193		17.915		-21.1613		-3.24631		26.9238
		55800		5.58e-11		293.558		18.9726		-22.2191		-3.24646		27.0898
		55860		5.586e-11		279.945		18.0928		-21.3392		-3.24642		27.2332
		55920		5.592e-11		282.083		18.231		-21.4774		-3.24639		27.3423
		55980		5.598e-11		295.605		19.1049		-22.3514		-3.24642		27.4306
		56040		5.604e-11		287.021		18.5502		-21.7966		-3.24641		27.4998
		56100		5.61e-11		289.167		18.6888		-21.9352		-3.2464		27.5042
		56160		5.616e-11		285.954		18.4812		-21.7276		-3.24639		27.4846
		56220		5.622e-11		285.646		18.4613		-21.7077		-3.24644		27.5341
		56280		5.628e-11		294.489		19.0328		-22.2792		-3.2464		27.6324
		56340		5.634e-11		303.044		19.5857		-22.8322		-3.24643		27.7519
		56400		5.64e-11		285.985		18.4832		-21.7296		-3.24642		27.8862
		56460		5.646e-11		288.583		18.6511		-21.8975		-3.2464		28.0033
		56520		5.652e-11		293.494		18.9685		-22.215		-3.24647		28.1633
		56580		5.658e-11		271.175		17.526		-20.7725		-3.24642		28.3434
		56640		5.664e-11		268.835		17.3748		-20.6211		-3.24634		28.437
		56700		5.67e-11		286.184		18.4961		-21.7425		-3.24643		28.464
		56760		5.676e-11		281.144		18.1703		-21.4167		-3.2464		28.466
		56820		5.682e-11		278.615		18.0069		-21.2533		-3.24639		28.4682
		56880		5.688e-11		286.044		18.487		-21.7334		-3.24641		28.5256
		56940		5.694e-11		285.926		18.4794		-21.7258		-3.24643		28.6715
		57000		5.7e-11		282.793		18.2769		-21.5233		-3.2464		28.8075
		57060		5.706e-11		285.587		18.4575		-21.7038		-3.24637		28.8895
		57120		5.712e-11		279.04		18.0344		-21.2808		-3.24639		28.9079
		57180		5.718e-11		290.499		18.7749		-22.0214		-3.2465		28.9391
		57240		5.724e-11		294.694		19.0461		-22.2925		-3.24641		28.9601
		57300		5.73e-11		283.471		18.3207		-21.5671		-3.24635		28.9637
		57360		5.736e-11		287.061		18.5527		-21.7992		-3.24646		29.0242
		57420		5.742e-11		290.713		18.7888		-22.0352		-3.24643		29.1029
		57480		5.748e-11		287.298		18.568		-21.8144		-3.24639		29.2168
		57540		5.754e-11		287.505		18.5814		-21.8279		-3.24642		29.3799
		57600		5.76e-11		291.801		18.8591		-22.1056		-3.24648		29.5364
		57660		5.766e-11		276.57		17.8747		-21.1211		-3.24633		29.6574
		57720		5.772e-11		290.959		18.8047		-22.0511		-3.24642		29.7115
		57780		5.778e-11		283.691		18.3349		-21.5814		-3.24641		29.6976
		57840		5.784e-11		285.036		18.4218		-21.6682		-3.2464		29.6285
		57900		5.79e-11		291.776		18.8575		-22.1038		-3.24639		29.5437
		57960		5.796e-11		280.962		18.1586		-21.405		-3.24641		29.5181
		58020		5.802e-11		275.056		17.7769		-21.0233		-3.24641		29.5425
		58080		5.808e-11		285.453		18.4488		-21.6953		-3.24646		29.589
		58140		5.814e-11		284.139		18.3639		-21.6102		-3.24632		29.6909
		58200		5.82e-11		297.107		19.202		-22.4485		-3.24646		29.835
		58260		5.826e-11		270.818		17.503		-20.7493		-3.24629		29.9654
		58320		5.832e-11		298.954		19.3214		-22.5679		-3.2465		30.0399
		58380		5.838e-11		293.926		18.9964		-22.2428		-3.24642		30.0199
		58440		5.844e-11		288.796		18.6649		-21.9113		-3.24642		29.9208
		58500		5.85e-11		270.937		17.5106		-20.757		-3.24634		29.8988
		58560		5.856e-11		288.066		18.6177		-21.8642		-3.24645		29.9042
		58620		5.862e-11		297.181		19.2068		-22.4533		-3.24646		29.891
		58680		5.868e-11		291.197		18.8201		-22.0664		-3.24639		29.8826
		58740		5.874e-11		286.702		18.5295		-21.7759		-3.24641		29.9204
		58800		5.88e-11		289.08		18.6832		-21.9295		-3.24633		30.0046
		58860		5.886e-11		299.412		19.351		-22.5974		-3.24645		30.1195
		58920		5.892e-11		281.01		18.1617		-21.4081		-3.2464		30.238
		58980		5.898e-11		285.776		18.4697		-21.7161		-3.24642		30.3274
		59040		5.904e-11		284.161		18.3653		-21.6117		-3.24637		30.4303
		59100		5.91e-11		290.792		18.7939		-22.0403		-3.24644		30.5877
		59160		5.916e-11		293.711		18.9826		-22.229		-3.24645		30.7653
		59220		5.922e-11		280.519		18.13		-21.3763		-3.24635		30.9149
		59280		5.928e-11		289.239		18.6935		-21.94		-3.24647		31.0099
		59340		5.934e-11		282.622		18.2659		-21.5122		-3.24635		31.1165
		59400		5.94e-11		281.938		18.2217		-21.468		-3.24637		31.3006
		59460		5.946e-11		276.022		17.8393		-21.0857		-3.2464		31.4613
		59520		5.952e-11		286.959		18.5462		-21.7927		-3.24647		31.5042
		59580		5.958e-11		289.732		18.7254		-21.9718		-3.24644		31.4812
		59640		5.964e-11		272.742		17.6273		-20.8737		-3.24639		31.4542
		59700		5.97e-11		273.997		17.7084		-20.9549		-3.24643		31.5556
		59760		5.976e-11		276.749		17.8863		-21.1327		-3.24639		31.7721
		59820		5.982e-11		290.42		18.7698		-22.0162		-3.24641		31.9176
		59880		5.988e-11		294.501		19.0336		-22.2801		-3.24644		31.9459
		59940		5.994e-11		273.773		17.6939		-20.9403		-3.24636		31.9323
