		timesteps		t		Temperature		Kin		Pot		TotalE		MSD
		0		0		914.704		59.1173		-43.9281		15.1892		0.00743876
		60		6e-14		589.935		38.1275		-22.9379		15.1895		0.180998
		120		1.2e-13		440.429		28.4649		-13.2759		15.189		0.451604
		180		1.8e-13		446.441		28.8535		-13.6643		15.1891		0.649355
		240		2.4e-13		455.509		29.4395		-14.2504		15.1892		0.802764
		300		3e-13		451.05		29.1514		-13.9623		15.1891		0.929764
		360		3.6e-13		453.877		29.3341		-14.145		15.1891		1.03802
		420		4.2e-13		452.35		29.2354		-14.0462		15.1892		1.13125
		480		4.8e-13		455.364		29.4302		-14.2413		15.1889		1.20805
		540		5.4e-13		448.075		28.9591		-13.77		15.1891		1.27563
		600		6e-13		455.03		29.4086		-14.2193		15.1893		1.34655
		660		6.6e-13		450.522		29.1173		-13.928		15.1893		1.42563
		720		7.2e-13		447.243		28.9053		-13.7159		15.1894		1.51227
		780		7.8e-13		459.769		29.7149		-14.5257		15.1892		1.61601
		840		8.4e-13		448.938		29.0148		-13.8255		15.1893		1.73098
		900		9e-13		467.77		30.232		-15.0428		15.1892		1.84535
		960		9.6e-13		443.229		28.6459		-13.4566		15.1893		1.97676
		1020		1.02e-12		442.798		28.618		-13.4288		15.1892		2.1041
		1080		1.08e-12		448.257		28.9708		-13.7817		15.1892		2.22542
		1140		1.14e-12		444.977		28.7589		-13.5696		15.1892		2.34877
		1200		1.2e-12		450.121		29.0913		-13.9021		15.1893		2.46498
		1260		1.26e-12		454.321		29.3627		-14.1736		15.1892		2.57024
		1320		1.32e-12		463.239		29.9392		-14.75		15.1891		2.67804
		1380		1.38e-12		427.822		27.6501		-12.4607		15.1894		2.80644
		1440		1.44e-12		454.969		29.4047		-14.2157		15.189		2.94001
		1500		1.5e-12		425.884		27.5249		-12.3357		15.1892		3.08974
		1560		1.56e-12		423.646		27.3803		-12.1911		15.1892		3.23323
		1620		1.62e-12		439.145		28.3819		-13.1927		15.1892		3.37895
		1680		1.68e-12		463.214		29.9375		-14.7485		15.1891		3.55512
		1740		1.74e-12		445.102		28.7669		-13.5778		15.1892		3.74283
		1800		1.8e-12		442.845		28.6211		-13.4319		15.1892		3.91455
		1860		1.86e-12		428.867		27.7177		-12.5283		15.1894		4.07664
		1920		1.92e-12		448.822		29.0074		-13.8182		15.1892		4.23486
		1980		1.98e-12		439.64		28.4139		-13.2248		15.1891		4.41015
		2040		2.04e-12		433.583		28.0224		-12.8332		15.1893		4.60506
		2100		2.1e-12		442.034		28.5686		-13.3793		15.1894		4.81296
		2160		2.16e-12		446.066		28.8293		-13.6401		15.1892		5.0019
		2220		2.22e-12		430.839		27.8451		-12.6558		15.1893		5.16654
		2280		2.28e-12		472.298		30.5246		-15.3356		15.1891		5.33876
		2340		2.34e-12		452.588		29.2508		-14.0616		15.1892		5.54112
		2400		2.4e-12		466.088		30.1233		-14.9342		15.189		5.72112
		2460		2.46e-12		442.728		28.6135		-13.4242		15.1893		5.866
		2520		2.52e-12		448.416		28.9811		-13.7919		15.1892		6.00138
		2580		2.58e-12		457.714		29.5821		-14.3929		15.1891		6.14276
		2640		2.64e-12		435.855		28.1693		-12.98		15.1893		6.30857
		2700		2.7e-12		470.6		30.4149		-15.2258		15.1891		6.50276
		2760		2.76e-12		443.526		28.6651		-13.4758		15.1893		6.72208
		2820		2.82e-12		441.421		28.5291		-13.3398		15.1893		6.9107
		2880		2.88e-12		440.563		28.4736		-13.2844		15.1892		7.06942
		2940		2.94e-12		422.302		27.2934		-12.1041		15.1893		7.21693
		3000		3e-12		435.609		28.1534		-12.9642		15.1892		7.34381
		3060		3.06e-12		445.77		28.8101		-13.621		15.1891		7.46022
		3120		3.12e-12		448.232		28.9693		-13.7801		15.1892		7.54902
		3180		3.18e-12		450.713		29.1296		-13.9404		15.1892		7.67703
		3240		3.24e-12		444.402		28.7217		-13.5323		15.1893		7.93159
		3300		3.3e-12		448.609		28.9936		-13.8043		15.1893		8.23977
		3360		3.36e-12		432.017		27.9212		-12.7321		15.1892		8.50211
		3420		3.42e-12		443.013		28.6319		-13.4428		15.1891		8.72449
		3480		3.48e-12		448.17		28.9652		-13.776		15.1892		8.8854
		3540		3.54e-12		457.606		29.5751		-14.3859		15.1892		9.02477
		3600		3.6e-12		453.23		29.2923		-14.1031		15.1892		9.20506
		3660		3.66e-12		455.166		29.4174		-14.2282		15.1892		9.40983
		3720		3.72e-12		461.578		29.8318		-14.6426		15.1892		9.64037
		3780		3.78e-12		440.978		28.5004		-13.3112		15.1892		9.88157
		3840		3.84e-12		444.434		28.7238		-13.5346		15.1891		10.0698
		3900		3.9e-12		439.289		28.3912		-13.202		15.1892		10.2307
		3960		3.96e-12		435.32		28.1347		-12.9457		15.1891		10.415
		4020		4.02e-12		438.915		28.3671		-13.1778		15.1893		10.6268
		4080		4.08e-12		458.95		29.662		-14.4728		15.1892		10.845
		4140		4.14e-12		434.809		28.1017		-12.9124		15.1893		11.0592
		4200		4.2e-12		421.302		27.2287		-12.0394		15.1893		11.2493
		4260		4.26e-12		441.849		28.5567		-13.3674		15.1893		11.4162
		4320		4.32e-12		435.801		28.1658		-12.9765		15.1893		11.5657
		4380		4.38e-12		456.812		29.5237		-14.3347		15.1891		11.7618
		4440		4.44e-12		445.303		28.7799		-13.5907		15.1892		11.9609
		4500		4.5e-12		446.308		28.8449		-13.6556		15.1892		12.1756
		4560		4.56e-12		446.876		28.8816		-13.6924		15.1892		12.3992
		4620		4.62e-12		427.408		27.6234		-12.4341		15.1893		12.5692
		4680		4.68e-12		448.167		28.965		-13.7759		15.1891		12.6984
		4740		4.74e-12		441.44		28.5303		-13.341		15.1893		12.8164
		4800		4.8e-12		448.987		29.0181		-13.8287		15.1893		12.9793
		4860		4.86e-12		460.057		29.7335		-14.5443		15.1892		13.1609
		4920		4.92e-12		449.952		29.0804		-13.8911		15.1893		13.2969
		4980		4.98e-12		453.701		29.3227		-14.1335		15.1892		13.4029
		5040		5.04e-12		446.533		28.8594		-13.6702		15.1893		13.4891
		5100		5.1e-12		440.585		28.475		-13.2858		15.1893		13.5788
		5160		5.16e-12		428.847		27.7164		-12.5272		15.1892		13.7167
		5220		5.22e-12		433.403		28.0108		-12.8217		15.1891		13.8839
		5280		5.28e-12		433.678		28.0286		-12.8394		15.1892		14.0999
		5340		5.34e-12		439.885		28.4298		-13.2405		15.1893		14.3368
		5400		5.4e-12		444.544		28.7309		-13.5415		15.1894		14.5622
		5460		5.46e-12		439.947		28.4338		-13.2445		15.1893		14.7719
		5520		5.52e-12		428.584		27.6994		-12.5101		15.1893		14.9178
		5580		5.58e-12		432.116		27.9277		-12.7384		15.1892		15.0121
		5640		5.64e-12		446.124		28.833		-13.644		15.1891		15.1172
		5700		5.7e-12		422.257		27.2905		-12.1011		15.1894		15.2238
		5760		5.76e-12		443.315		28.6515		-13.4624		15.1891		15.2592
		5820		5.82e-12		434.589		28.0875		-12.8983		15.1892		15.304
		5880		5.88e-12		447.465		28.9197		-13.7305		15.1892		15.4162
		5940		5.94e-12		416.344		26.9083		-11.719		15.1894		15.5401
		6000		6e-12		457.432		29.5638		-14.3748		15.189		15.6436
		6060		6.06e-12		456.572		29.5083		-14.3192		15.1891		15.803
		6120		6.12e-12		439.095		28.3787		-13.1895		15.1892		15.9845
		6180		6.18e-12		444.739		28.7435		-13.5542		15.1892		16.1343
		6240		6.24e-12		448.61		28.9936		-13.8045		15.1892		16.2814
		6300		6.3e-12		445.79		28.8114		-13.6223		15.1891		16.4772
		6360		6.36e-12		447.304		28.9093		-13.7201		15.1891		16.6524
		6420		6.42e-12		451.428		29.1758		-13.9868		15.1891		16.7719
		6480		6.48e-12		446.678		28.8688		-13.6796		15.1892		16.9151
		6540		6.54e-12		438.026		28.3096		-13.1204		15.1892		17.0452
		6600		6.6e-12		464.739		30.0361		-14.847		15.1891		17.171
		6660		6.66e-12		424.973		27.466		-12.2766		15.1894		17.3097
		6720		6.72e-12		430.72		27.8374		-12.6482		15.1892		17.4285
		6780		6.78e-12		453.14		29.2865		-14.0973		15.1892		17.5782
		6840		6.84e-12		432.854		27.9754		-12.7861		15.1893		17.7843
		6900		6.9e-12		426.157		27.5425		-12.3533		15.1892		18.0005
		6960		6.96e-12		454.89		29.3995		-14.2104		15.1891		18.2267
		7020		7.02e-12		437.5		28.2756		-13.0863		15.1893		18.4576
		7080		7.08e-12		442.72		28.613		-13.4239		15.1891		18.7136
		7140		7.14e-12		448.625		28.9946		-13.8054		15.1892		18.9949
		7200		7.2e-12		456.064		29.4754		-14.2863		15.1891		19.2456
		7260		7.26e-12		451.289		29.1668		-13.9776		15.1892		19.4889
		7320		7.32e-12		446.594		28.8634		-13.6742		15.1892		19.7027
		7380		7.38e-12		432.43		27.9479		-12.7588		15.1891		19.8523
		7440		7.44e-12		431.867		27.9116		-12.7224		15.1892		20.0032
		7500		7.5e-12		443.077		28.6361		-13.4467		15.1894		20.2179
		7560		7.56e-12		469.451		30.3406		-15.1514		15.1892		20.5094
		7620		7.62e-12		442.509		28.5994		-13.4101		15.1892		20.8267
		7680		7.68e-12		449.219		29.033		-13.844		15.189		21.0661
		7740		7.74e-12		449.323		29.0397		-13.8506		15.1892		21.2771
		7800		7.8e-12		462.005		29.8594		-14.6703		15.1891		21.447
		7860		7.86e-12		438.165		28.3186		-13.1296		15.1891		21.5595
		7920		7.92e-12		452.026		29.2144		-14.0254		15.189		21.6834
		7980		7.98e-12		441.135		28.5106		-13.3212		15.1893		21.8832
		8040		8.04e-12		457.786		29.5867		-14.3975		15.1892		22.1128
		8100		8.1e-12		454.408		29.3684		-14.1792		15.1891		22.3446
		8160		8.16e-12		427.599		27.6357		-12.4465		15.1893		22.5092
		8220		8.22e-12		442.226		28.5811		-13.3919		15.1892		22.5965
		8280		8.28e-12		439.973		28.4355		-13.2462		15.1893		22.6739
		8340		8.34e-12		455.69		29.4512		-14.2621		15.1892		22.7966
		8400		8.4e-12		461.483		29.8257		-14.6365		15.1892		23.0514
		8460		8.46e-12		474.585		30.6724		-15.4835		15.1889		23.3617
		8520		8.52e-12		449.812		29.0714		-13.8821		15.1893		23.6531
		8580		8.58e-12		456.568		29.508		-14.3189		15.1892		23.8567
		8640		8.64e-12		453.935		29.3378		-14.1487		15.1892		24.0525
		8700		8.7e-12		448.071		28.9589		-13.7697		15.1892		24.2984
		8760		8.76e-12		425.184		27.4796		-12.2903		15.1894		24.5891
		8820		8.82e-12		439.51		28.4055		-13.2163		15.1892		24.8167
		8880		8.88e-12		446.742		28.873		-13.6837		15.1893		24.9886
		8940		8.94e-12		453.914		29.3365		-14.1473		15.1891		25.1821
		9000		9e-12		434.624		28.0898		-12.9006		15.1892		25.39
		9060		9.06e-12		409.099		26.4401		-11.2507		15.1894		25.5726
		9120		9.12e-12		421.631		27.25		-12.0608		15.1892		25.7456
		9180		9.18e-12		439.053		28.376		-13.1869		15.1892		25.8
		9240		9.24e-12		443.256		28.6476		-13.4583		15.1893		25.7817
		9300		9.3e-12		445.213		28.7741		-13.5849		15.1893		25.7461
		9360		9.36e-12		448.042		28.957		-13.7678		15.1892		25.8288
		9420		9.42e-12		430.991		27.855		-12.6658		15.1891		26.0315
		9480		9.48e-12		436.897		28.2367		-13.0475		15.1892		26.2766
		9540		9.54e-12		413.335		26.7138		-11.5246		15.1893		26.4898
		9600		9.6e-12		437.333		28.2648		-13.0757		15.1891		26.6989
		9660		9.66e-12		433.272		28.0024		-12.813		15.1893		26.8459
		9720		9.72e-12		448.595		28.9927		-13.8036		15.1891		27.0173
		9780		9.78e-12		431.061		27.8595		-12.6702		15.1893		27.2826
		9840		9.84e-12		441.717		28.5482		-13.3588		15.1893		27.4768
		9900		9.9e-12		437.868		28.2994		-13.1102		15.1893		27.5953
		9960		9.96e-12		441.94		28.5626		-13.3735		15.1891		27.6958
		10020		1.002e-11		435.311		28.1342		-12.945		15.1892		27.8443
		10080		1.008e-11		447.126		28.8977		-13.7085		15.1892		27.9935
		10140		1.014e-11		439.967		28.4351		-13.2458		15.1893		28.1347
		10200		1.02e-11		447.076		28.8945		-13.7053		15.1892		28.3401
		10260		1.026e-11		444.299		28.715		-13.5257		15.1893		28.5267
		10320		1.032e-11		445.692		28.8051		-13.6159		15.1892		28.6916
		10380		1.038e-11		427.247		27.613		-12.4237		15.1893		28.9392
		10440		1.044e-11		451.691		29.1928		-14.0037		15.1891		29.1804
		10500		1.05e-11		439.296		28.3917		-13.2026		15.1891		29.4601
		10560		1.056e-11		441.909		28.5606		-13.3714		15.1892		29.7204
		10620		1.062e-11		459.875		29.7217		-14.5325		15.1891		29.9098
		10680		1.068e-11		463.63		29.9644		-14.7752		15.1891		30.0731
		10740		1.074e-11		460.56		29.766		-14.5769		15.1891		30.1568
		10800		1.08e-11		427.326		27.6181		-12.4288		15.1892		30.2956
		10860		1.086e-11		429.383		27.751		-12.5618		15.1892		30.493
		10920		1.092e-11		443.019		28.6323		-13.4432		15.1891		30.6603
		10980		1.098e-11		428.546		27.6969		-12.5076		15.1893		30.804
		11040		1.104e-11		448.5		28.9866		-13.7974		15.1892		30.9397
		11100		1.11e-11		445.982		28.8238		-13.6348		15.189		31.0083
		11160		1.116e-11		431.547		27.8909		-12.7017		15.1892		31.0463
		11220		1.122e-11		440.607		28.4764		-13.2872		15.1892		31.1086
		11280		1.128e-11		444.233		28.7108		-13.5216		15.1892		31.3077
		11340		1.134e-11		440.516		28.4706		-13.2814		15.1892		31.5474
		11400		1.14e-11		457.489		29.5675		-14.3782		15.1892		31.8073
		11460		1.146e-11		452.66		29.2554		-14.0662		15.1892		32.0529
		11520		1.152e-11		411.228		26.5777		-11.3883		15.1894		32.2462
		11580		1.158e-11		454.351		29.3647		-14.1756		15.1891		32.4955
		11640		1.164e-11		438.073		28.3126		-13.1234		15.1893		32.7166
		11700		1.17e-11		456.906		29.5298		-14.3408		15.189		32.8655
		11760		1.176e-11		450.197		29.0962		-13.9069		15.1893		33.047
		11820		1.182e-11		455.129		29.415		-14.2257		15.1893		33.2676
		11880		1.188e-11		438.966		28.3704		-13.181		15.1894		33.4589
		11940		1.194e-11		467.166		30.1929		-15.0038		15.1891		33.6837
		12000		1.2e-11		454.717		29.3884		-14.1992		15.1892		33.9959
		12060		1.206e-11		420.052		27.1479		-11.9586		15.1893		34.3067
		12120		1.212e-11		432.533		27.9546		-12.7654		15.1892		34.5417
		12180		1.218e-11		441.08		28.507		-13.3178		15.1892		34.6355
		12240		1.224e-11		449.971		29.0816		-13.8925		15.1892		34.6999
		12300		1.23e-11		453.832		29.3312		-14.1419		15.1892		34.8663
		12360		1.236e-11		447.342		28.9117		-13.7225		15.1892		35.0867
		12420		1.242e-11		453.466		29.3075		-14.1183		15.1892		35.2354
		12480		1.248e-11		462.38		29.8836		-14.6945		15.1892		35.4237
		12540		1.254e-11		437.735		28.2908		-13.1016		15.1892		35.6387
		12600		1.26e-11		439.227		28.3873		-13.1981		15.1892		35.8467
		12660		1.266e-11		458.927		29.6604		-14.4713		15.1891		36.0576
		12720		1.272e-11		458.748		29.6489		-14.4598		15.189		36.2384
		12780		1.278e-11		461.459		29.8241		-14.635		15.1891		36.3541
		12840		1.284e-11		435.249		28.1301		-12.9408		15.1893		36.4317
		12900		1.29e-11		447.857		28.945		-13.7559		15.1891		36.5492
		12960		1.296e-11		436.929		28.2387		-13.0495		15.1892		36.6869
		13020		1.302e-11		436.949		28.24		-13.0509		15.1892		36.7628
		13080		1.308e-11		445.318		28.7809		-13.5916		15.1892		36.8217
		13140		1.314e-11		444.266		28.7129		-13.5237		15.1892		36.9299
		13200		1.32e-11		419.454		27.1093		-11.9201		15.1893		37.0647
		13260		1.326e-11		453.245		29.2932		-14.1041		15.1891		37.1142
		13320		1.332e-11		433.679		28.0287		-12.8393		15.1894		37.0733
		13380		1.338e-11		462.515		29.8923		-14.7033		15.189		36.951
		13440		1.344e-11		453.918		29.3367		-14.1476		15.1891		36.9059
		13500		1.35e-11		436.607		28.2179		-13.0286		15.1893		37.0057
		13560		1.356e-11		433.838		28.0389		-12.8496		15.1893		37.1148
		13620		1.362e-11		454.93		29.4021		-14.2129		15.1892		37.2711
		13680		1.368e-11		442.435		28.5946		-13.4054		15.1892		37.4853
		13740		1.374e-11		441.502		28.5343		-13.345		15.1892		37.5583
		13800		1.38e-11		457.261		29.5527		-14.3636		15.1892		37.5776
		13860		1.386e-11		428.56		27.6978		-12.5085		15.1893		37.6301
		13920		1.392e-11		448.567		28.9909		-13.8018		15.1891		37.822
		13980		1.398e-11		453.655		29.3197		-14.1306		15.1891		38.113
		14040		1.404e-11		434.057		28.0531		-12.8639		15.1892		38.4306
		14100		1.41e-11		439.562		28.4089		-13.2196		15.1893		38.6721
		14160		1.416e-11		451.314		29.1684		-13.9792		15.1892		38.8234
		14220		1.422e-11		439.515		28.4059		-13.2167		15.1892		38.959
		14280		1.428e-11		428.419		27.6887		-12.4994		15.1893		39.1257
		14340		1.434e-11		462.362		29.8824		-14.6933		15.1892		39.4238
		14400		1.44e-11		450.264		29.1005		-13.9114		15.1891		39.7985
		14460		1.446e-11		429.482		27.7574		-12.5681		15.1893		40.1632
		14520		1.452e-11		442.764		28.6158		-13.4266		15.1892		40.5017
		14580		1.458e-11		428.268		27.679		-12.4896		15.1893		40.8243
		14640		1.464e-11		446.48		28.856		-13.6668		15.1892		41.1032
		14700		1.47e-11		450.312		29.1037		-13.9144		15.1892		41.4261
		14760		1.476e-11		464.222		30.0027		-14.8135		15.1891		41.7637
		14820		1.482e-11		434.382		28.0741		-12.8848		15.1893		42.0768
		14880		1.488e-11		442.06		28.5704		-13.3812		15.1891		42.3118
		14940		1.494e-11		436.62		28.2187		-13.0295		15.1892		42.5439
		15000		1.5e-11		452.745		29.2609		-14.0717		15.1892		42.6582
		15060		1.506e-11		445.888		28.8178		-13.6286		15.1892		42.7371
		15120		1.512e-11		425.083		27.4731		-12.2838		15.1893		42.8437
		15180		1.518e-11		427.873		27.6534		-12.4642		15.1892		42.9141
		15240		1.524e-11		442.474		28.5971		-13.408		15.1892		42.8819
		15300		1.53e-11		461.841		29.8488		-14.6597		15.1891		42.8946
		15360		1.536e-11		451.959		29.2101		-14.0208		15.1892		42.9997
		15420		1.542e-11		425.138		27.4767		-12.2873		15.1893		43.1343
		15480		1.548e-11		445.576		28.7976		-13.6084		15.1892		43.2108
		15540		1.554e-11		443.666		28.6741		-13.4849		15.1892		43.3
		15600		1.56e-11		436.988		28.2426		-13.0533		15.1892		43.4856
		15660		1.566e-11		448.167		28.965		-13.7758		15.1892		43.5707
		15720		1.572e-11		430.241		27.8065		-12.6173		15.1892		43.6211
		15780		1.578e-11		437.838		28.2975		-13.1082		15.1892		43.7379
		15840		1.584e-11		445.312		28.7805		-13.5913		15.1892		43.8833
		15900		1.59e-11		434.989		28.1134		-12.9243		15.1891		43.9966
		15960		1.596e-11		433.135		27.9935		-12.8043		15.1893		44.1369
		16020		1.602e-11		447.428		28.9173		-13.7282		15.1891		44.3214
		16080		1.608e-11		433.218		27.9989		-12.8096		15.1892		44.4867
		16140		1.614e-11		441.969		28.5645		-13.3752		15.1892		44.5977
		16200		1.62e-11		433.984		28.0484		-12.8591		15.1892		44.6495
		16260		1.626e-11		435.094		28.1201		-12.931		15.1892		44.6137
		16320		1.632e-11		422.073		27.2786		-12.0893		15.1893		44.5686
		16380		1.638e-11		437.294		28.2623		-13.0731		15.1893		44.5936
		16440		1.644e-11		423.948		27.3998		-12.2105		15.1893		44.7427
		16500		1.65e-11		429.155		27.7363		-12.547		15.1893		44.9742
		16560		1.656e-11		453.219		29.2915		-14.1024		15.1891		45.2634
		16620		1.662e-11		437.879		28.3001		-13.1108		15.1893		45.4336
		16680		1.668e-11		444.232		28.7107		-13.5215		15.1892		45.4851
		16740		1.674e-11		441.295		28.5209		-13.3317		15.1892		45.4903
		16800		1.68e-11		433.842		28.0392		-12.8499		15.1893		45.5942
		16860		1.686e-11		452.874		29.2692		-14.0801		15.1891		45.8901
		16920		1.692e-11		445.279		28.7784		-13.5892		15.1891		46.1447
		16980		1.698e-11		433.681		28.0288		-12.8396		15.1892		46.2878
		17040		1.704e-11		426.525		27.5663		-12.377		15.1894		46.3985
		17100		1.71e-11		452.291		29.2315		-14.0425		15.1891		46.487
		17160		1.716e-11		422.343		27.2961		-12.1067		15.1894		46.6544
		17220		1.722e-11		444.58		28.7332		-13.5441		15.1892		46.9696
		17280		1.728e-11		435.156		28.1241		-12.9348		15.1893		47.472
		17340		1.734e-11		433.927		28.0447		-12.8555		15.1892		47.9433
		17400		1.74e-11		439.602		28.4115		-13.2221		15.1893		48.288
		17460		1.746e-11		474.739		30.6824		-15.4932		15.1892		48.5581
		17520		1.752e-11		433.876		28.0414		-12.852		15.1894		48.7965
		17580		1.758e-11		440.179		28.4488		-13.2596		15.1892		49.1117
		17640		1.764e-11		446.205		28.8383		-13.649		15.1893		49.4187
		17700		1.77e-11		451.704		29.1936		-14.0044		15.1892		49.7406
		17760		1.776e-11		447.985		28.9533		-13.7641		15.1892		50.0873
		17820		1.782e-11		447.585		28.9274		-13.7381		15.1893		50.3918
		17880		1.788e-11		448.956		29.016		-13.8268		15.1892		50.6382
		17940		1.794e-11		451.905		29.2066		-14.0175		15.1891		50.8558
		18000		1.8e-11		453.195		29.29		-14.1007		15.1893		51.0663
		18060		1.806e-11		452.805		29.2648		-14.0756		15.1892		51.3317
		18120		1.812e-11		427.313		27.6173		-12.4281		15.1892		51.614
		18180		1.818e-11		436.868		28.2348		-13.0456		15.1892		51.8348
		18240		1.824e-11		444.89		28.7532		-13.564		15.1892		52.1275
		18300		1.83e-11		446.512		28.8581		-13.669		15.1891		52.4864
		18360		1.836e-11		427.676		27.6407		-12.4514		15.1893		52.7889
		18420		1.842e-11		449.11		29.026		-13.837		15.189		52.9237
		18480		1.848e-11		451.4		29.174		-13.9848		15.1892		52.9276
		18540		1.854e-11		449.894		29.0766		-13.8875		15.1892		53.0018
		18600		1.86e-11		442.255		28.5829		-13.3937		15.1892		53.2522
		18660		1.866e-11		440.966		28.4996		-13.3105		15.1892		53.4343
		18720		1.872e-11		452.237		29.228		-14.0389		15.1891		53.5477
		18780		1.878e-11		443.472		28.6616		-13.4724		15.1892		53.5562
		18840		1.884e-11		445.455		28.7898		-13.6005		15.1892		53.6003
		18900		1.89e-11		466.239		30.133		-14.9439		15.1892		53.6857
		18960		1.896e-11		438.586		28.3458		-13.1566		15.1892		53.9018
		19020		1.902e-11		429.336		27.748		-12.5589		15.1891		54.2352
		19080		1.908e-11		434.939		28.1101		-12.9209		15.1892		54.3999
		19140		1.914e-11		430.306		27.8107		-12.6215		15.1892		54.4154
		19200		1.92e-11		434.36		28.0727		-12.8837		15.189		54.522
		19260		1.926e-11		439.726		28.4195		-13.2304		15.1891		54.7104
		19320		1.932e-11		448.848		29.0091		-13.8197		15.1894		54.8924
		19380		1.938e-11		461.651		29.8365		-14.6475		15.189		54.9891
		19440		1.944e-11		425.762		27.517		-12.3278		15.1892		55.2239
		19500		1.95e-11		441.045		28.5047		-13.3154		15.1893		55.5005
		19560		1.956e-11		456.971		29.5341		-14.3449		15.1892		55.7497
		19620		1.962e-11		443.273		28.6487		-13.4596		15.1891		55.957
		19680		1.968e-11		429.381		27.7509		-12.5616		15.1893		56.0351
		19740		1.974e-11		432.766		27.9697		-12.7805		15.1892		56.098
		19800		1.98e-11		425.352		27.4905		-12.3013		15.1892		56.3176
		19860		1.986e-11		458.3		29.6199		-14.4309		15.189		56.5848
		19920		1.992e-11		441.804		28.5538		-13.3646		15.1892		56.8159
		19980		1.998e-11		445.657		28.8028		-13.6137		15.1891		56.9925
		20040		2.004e-11		431.027		27.8573		-12.668		15.1893		57.1879
		20100		2.01e-11		440.18		28.4488		-13.2596		15.1893		57.3942
		20160		2.016e-11		447.738		28.9373		-13.7481		15.1893		57.6051
		20220		2.022e-11		449.313		29.0391		-13.8498		15.1893		57.9131
		20280		2.028e-11		452.865		29.2687		-14.0794		15.1892		58.2772
		20340		2.034e-11		429.765		27.7757		-12.5864		15.1893		58.6438
		20400		2.04e-11		430.989		27.8548		-12.6656		15.1893		59.037
		20460		2.046e-11		442.625		28.6068		-13.4176		15.1892		59.2789
		20520		2.052e-11		426.122		27.5402		-12.3509		15.1894		59.4668
		20580		2.058e-11		441.222		28.5162		-13.3269		15.1893		59.6319
		20640		2.064e-11		469.972		30.3743		-15.1853		15.189		59.7528
		20700		2.07e-11		447.351		28.9123		-13.723		15.1893		59.9027
		20760		2.076e-11		451.473		29.1787		-13.9895		15.1892		60.0219
		20820		2.082e-11		444.692		28.7404		-13.5513		15.1892		60.1365
		20880		2.088e-11		437.502		28.2758		-13.0865		15.1892		60.3116
		20940		2.094e-11		454.702		29.3874		-14.1981		15.1893		60.4909
		21000		2.1e-11		456.986		29.535		-14.3458		15.1892		60.7262
		21060		2.106e-11		430.67		27.8342		-12.6449		15.1893		60.8554
		21120		2.112e-11		442.152		28.5763		-13.3872		15.1891		60.8981
		21180		2.118e-11		433.245		28.0006		-12.8114		15.1892		60.9843
		21240		2.124e-11		436.82		28.2316		-13.0424		15.1893		61.0255
		21300		2.13e-11		443.146		28.6405		-13.4514		15.1892		61.115
		21360		2.136e-11		446.711		28.871		-13.6818		15.1892		61.2037
		21420		2.142e-11		455.991		29.4707		-14.2815		15.1892		61.4098
		21480		2.148e-11		440.181		28.4489		-13.2596		15.1893		61.669
		21540		2.154e-11		430.77		27.8407		-12.6515		15.1892		61.7911
		21600		2.16e-11		431.114		27.8629		-12.6737		15.1892		61.9219
		21660		2.166e-11		448.015		28.9552		-13.7661		15.1892		62.1165
		21720		2.172e-11		445.755		28.8091		-13.6199		15.1892		62.3538
		21780		2.178e-11		452.235		29.228		-14.0389		15.1891		62.5126
		21840		2.184e-11		428.992		27.7258		-12.5364		15.1894		62.643
		21900		2.19e-11		451.875		29.2047		-14.0155		15.1892		62.681
		21960		2.196e-11		451.898		29.2062		-14.017		15.1892		62.6973
		22020		2.202e-11		444.33		28.717		-13.528		15.1891		62.738
		22080		2.208e-11		454.261		29.3589		-14.1698		15.1891		62.8755
		22140		2.214e-11		441.425		28.5293		-13.3401		15.1892		63.0814
		22200		2.22e-11		444.265		28.7128		-13.5236		15.1892		63.3344
		22260		2.226e-11		436.94		28.2394		-13.0501		15.1893		63.6552
		22320		2.232e-11		464.674		30.0319		-14.8428		15.1891		64.026
		22380		2.238e-11		460.15		29.7395		-14.5504		15.1891		64.2921
		22440		2.244e-11		438.183		28.3198		-13.1304		15.1893		64.3659
		22500		2.25e-11		466.063		30.1217		-14.9325		15.1891		64.3518
		22560		2.256e-11		436.862		28.2344		-13.0452		15.1892		64.426
		22620		2.262e-11		446.208		28.8384		-13.6492		15.1892		64.6246
		22680		2.268e-11		444.001		28.6958		-13.5065		15.1892		64.9159
		22740		2.274e-11		440.22		28.4514		-13.2621		15.1893		65.0876
		22800		2.28e-11		463.401		29.9496		-14.7604		15.1892		65.0779
		22860		2.286e-11		442.314		28.5868		-13.3975		15.1893		65.0026
		22920		2.292e-11		443.394		28.6566		-13.4675		15.1891		65.087
		22980		2.298e-11		449.562		29.0552		-13.866		15.1892		65.3885
		23040		2.304e-11		451.85		29.2031		-14.0139		15.1892		65.7345
		23100		2.31e-11		432.211		27.9338		-12.7445		15.1894		65.9827
		23160		2.316e-11		436.847		28.2334		-13.0442		15.1893		66.141
		23220		2.322e-11		450.299		29.1028		-13.9136		15.1892		66.2332
		23280		2.328e-11		442.739		28.6142		-13.425		15.1892		66.235
		23340		2.334e-11		434.805		28.1015		-12.9123		15.1891		66.2357
		23400		2.34e-11		432.605		27.9592		-12.77		15.1892		66.2234
		23460		2.346e-11		457.638		29.5771		-14.388		15.1891		66.2231
		23520		2.352e-11		442.742		28.6144		-13.425		15.1894		66.3901
		23580		2.358e-11		450.099		29.0899		-13.9008		15.1891		66.6134
		23640		2.364e-11		452.077		29.2178		-14.0286		15.1892		66.8615
		23700		2.37e-11		445.845		28.815		-13.6258		15.1892		67.0145
		23760		2.376e-11		435.1		28.1205		-12.9312		15.1894		67.146
		23820		2.382e-11		461.979		29.8577		-14.6685		15.1892		67.4104
		23880		2.388e-11		453.892		29.3351		-14.1458		15.1892		67.6682
		23940		2.394e-11		452.558		29.2488		-14.0596		15.1892		67.7237
		24000		2.4e-11		436.842		28.2331		-13.0438		15.1893		67.7982
		24060		2.406e-11		451.399		29.1739		-13.9847		15.1891		68.1172
		24120		2.412e-11		436.719		28.2252		-13.0359		15.1893		68.5696
		24180		2.418e-11		446.897		28.8829		-13.6937		15.1892		68.9282
		24240		2.424e-11		462.529		29.8933		-14.7041		15.1892		69.2548
		24300		2.43e-11		441.804		28.5538		-13.3645		15.1893		69.5342
		24360		2.436e-11		427.818		27.6499		-12.4607		15.1891		69.671
		24420		2.442e-11		442.454		28.5958		-13.4067		15.1891		69.7023
		24480		2.448e-11		441.064		28.506		-13.3168		15.1892		69.8106
		24540		2.454e-11		444.396		28.7213		-13.5322		15.1892		69.964
		24600		2.46e-11		432.648		27.9621		-12.7728		15.1893		70.0249
		24660		2.466e-11		426.428		27.56		-12.3707		15.1893		70.035
		24720		2.472e-11		437.229		28.2581		-13.0688		15.1893		70.0821
		24780		2.478e-11		438.082		28.3132		-13.124		15.1892		70.1826
		24840		2.484e-11		442.48		28.5975		-13.4083		15.1892		70.3837
		24900		2.49e-11		433.984		28.0484		-12.859		15.1893		70.5736
		24960		2.496e-11		459.818		29.7181		-14.529		15.1891		70.6679
		25020		2.502e-11		415.577		26.8588		-11.6694		15.1894		70.584
		25080		2.508e-11		433.448		28.0137		-12.8245		15.1892		70.5256
		25140		2.514e-11		435.054		28.1176		-12.9283		15.1893		70.5428
		25200		2.52e-11		446.773		28.8749		-13.6858		15.1891		70.5202
		25260		2.526e-11		438.991		28.372		-13.1828		15.1892		70.6228
		25320		2.532e-11		422.401		27.2998		-12.1104		15.1894		70.8645
		25380		2.538e-11		446.903		28.8833		-13.6941		15.1892		71.0794
		25440		2.544e-11		460.099		29.7362		-14.547		15.1892		71.1116
		25500		2.55e-11		463.21		29.9373		-14.7481		15.1892		71.104
		25560		2.556e-11		441.154		28.5118		-13.3225		15.1892		71.2372
		25620		2.562e-11		447.845		28.9442		-13.7552		15.189		71.4809
		25680		2.568e-11		440.759		28.4862		-13.2971		15.1892		71.8198
		25740		2.574e-11		440.409		28.4636		-13.2745		15.1892		72.2125
		25800		2.58e-11		440.884		28.4944		-13.3051		15.1892		72.5299
		25860		2.586e-11		441.689		28.5464		-13.3571		15.1893		72.7031
		25920		2.592e-11		439.615		28.4123		-13.223		15.1893		72.8085
		25980		2.598e-11		459.412		29.6918		-14.5027		15.1891		72.9886
		26040		2.604e-11		450.679		29.1274		-13.9383		15.1891		73.3007
		26100		2.61e-11		424.395		27.4287		-12.2394		15.1893		73.47
		26160		2.616e-11		476.293		30.7828		-15.5938		15.189		73.4393
		26220		2.622e-11		443.346		28.6535		-13.4643		15.1891		73.5404
		26280		2.628e-11		446.701		28.8703		-13.6811		15.1892		73.8742
		26340		2.634e-11		436.073		28.1834		-12.9941		15.1894		74.2713
		26400		2.64e-11		431.891		27.9131		-12.7238		15.1894		74.3662
		26460		2.646e-11		453.7		29.3226		-14.1333		15.1893		74.4194
		26520		2.652e-11		465.393		30.0783		-14.889		15.1893		74.5751
		26580		2.658e-11		444.867		28.7518		-13.5624		15.1894		74.7407
		26640		2.664e-11		433.224		27.9993		-12.81		15.1893		74.9806
		26700		2.67e-11		439.478		28.4035		-13.2142		15.1892		75.3167
		26760		2.676e-11		432.248		27.9362		-12.747		15.1892		75.5736
		26820		2.682e-11		418.814		27.0679		-11.8787		15.1893		75.5979
		26880		2.688e-11		444.021		28.6971		-13.508		15.1891		75.659
		26940		2.694e-11		434.578		28.0868		-12.8975		15.1893		75.8902
		27000		2.7e-11		449.556		29.0548		-13.8657		15.1891		75.9633
		27060		2.706e-11		439.33		28.3939		-13.2046		15.1893		75.9275
		27120		2.712e-11		440.698		28.4823		-13.2931		15.1892		75.9554
		27180		2.718e-11		439.755		28.4214		-13.2321		15.1893		75.9537
		27240		2.724e-11		451.043		29.1509		-13.9618		15.1891		75.9607
		27300		2.73e-11		436.502		28.2112		-13.022		15.1892		75.9239
		27360		2.736e-11		424.447		27.432		-12.2428		15.1892		76.0445
		27420		2.742e-11		436.796		28.2301		-13.0411		15.189		76.2533
		27480		2.748e-11		422.489		27.3054		-12.1161		15.1893		76.5859
		27540		2.754e-11		442.619		28.6065		-13.4174		15.1891		77.1027
		27600		2.76e-11		427.188		27.6091		-12.4198		15.1893		77.567
		27660		2.766e-11		428.312		27.6818		-12.4925		15.1893		77.8014
		27720		2.772e-11		454.287		29.3606		-14.1714		15.1892		78.1314
		27780		2.778e-11		438.3		28.3273		-13.1379		15.1894		78.471
		27840		2.784e-11		443.406		28.6573		-13.468		15.1894		78.6017
		27900		2.79e-11		458.173		29.6117		-14.4225		15.1892		78.68
		27960		2.796e-11		442.498		28.5987		-13.4094		15.1892		78.877
		28020		2.802e-11		440.031		28.4392		-13.2501		15.1891		79.0978
		28080		2.808e-11		410.961		26.5604		-11.3711		15.1893		79.1703
		28140		2.814e-11		435.491		28.1458		-12.9566		15.1892		79.0649
		28200		2.82e-11		426.976		27.5955		-12.4061		15.1893		78.8709
		28260		2.826e-11		439.081		28.3778		-13.1885		15.1893		78.888
		28320		2.832e-11		420.069		27.1491		-11.9596		15.1894		78.9282
		28380		2.838e-11		437.558		28.2793		-13.0902		15.1892		79.0117
		28440		2.844e-11		441.11		28.5089		-13.3198		15.1891		79.2778
		28500		2.85e-11		439.333		28.3941		-13.2049		15.1892		79.5718
		28560		2.856e-11		439.249		28.3887		-13.1995		15.1891		79.6886
		28620		2.862e-11		442.712		28.6125		-13.4232		15.1892		79.6959
		28680		2.868e-11		440.163		28.4478		-13.2586		15.1891		79.7465
		28740		2.874e-11		438.33		28.3292		-13.1403		15.189		79.9239
		28800		2.88e-11		458.743		29.6486		-14.4594		15.1891		80.0527
		28860		2.886e-11		450.122		29.0914		-13.9021		15.1893		80.1427
		28920		2.892e-11		447.43		28.9174		-13.7283		15.1891		80.4789
		28980		2.898e-11		440.826		28.4906		-13.3014		15.1891		80.8137
		29040		2.904e-11		446.409		28.8514		-13.6623		15.1891		80.9925
		29100		2.91e-11		447.845		28.9442		-13.755		15.1892		81.0185
		29160		2.916e-11		436.474		28.2093		-13.02		15.1893		81.143
		29220		2.922e-11		445.568		28.7971		-13.6078		15.1893		81.3821
		29280		2.928e-11		459.185		29.6771		-14.488		15.1891		81.5458
		29340		2.934e-11		443.818		28.6839		-13.4946		15.1893		81.8185
		29400		2.94e-11		437.523		28.2771		-13.0879		15.1893		82.2291
		29460		2.946e-11		448.028		28.956		-13.7669		15.1891		82.5492
		29520		2.952e-11		430.273		27.8086		-12.6193		15.1893		82.7589
		29580		2.958e-11		468.987		30.3106		-15.1216		15.189		82.9657
		29640		2.964e-11		434.932		28.1097		-12.9204		15.1893		83.2742
		29700		2.97e-11		442.035		28.5688		-13.3797		15.1891		83.3852
		29760		2.976e-11		442.638		28.6077		-13.4185		15.1892		83.5088
		29820		2.982e-11		441.51		28.5348		-13.3457		15.1891		83.6805
		29880		2.988e-11		413.462		26.7221		-11.5328		15.1892		83.8227
		29940		2.994e-11		428.207		27.675		-12.4858		15.1893		84.0068
		30000		3e-11		437.763		28.2926		-13.1033		15.1893		84.2475
		30060		3.006e-11		424.223		27.4175		-12.2282		15.1893		84.4599
		30120		3.012e-11		457.322		29.5567		-14.3675		15.1892		84.6802
		30180		3.018e-11		457.881		29.5929		-14.4036		15.1893		84.7734
		30240		3.024e-11		445.763		28.8097		-13.6205		15.1892		84.7508
		30300		3.03e-11		468.658		30.2894		-15.1003		15.189		84.8536
		30360		3.036e-11		451.407		29.1744		-13.9854		15.1891		84.902
		30420		3.042e-11		449.933		29.0792		-13.8901		15.1891		84.9961
		30480		3.048e-11		428.465		27.6917		-12.5024		15.1893		85.1741
		30540		3.054e-11		452.787		29.2636		-14.0745		15.1891		85.4319
		30600		3.06e-11		435.312		28.1342		-12.9451		15.1891		85.8174
		30660		3.066e-11		431.929		27.9156		-12.7263		15.1892		86.2385
		30720		3.072e-11		438.69		28.3525		-13.1632		15.1893		86.6505
		30780		3.078e-11		452.023		29.2142		-14.025		15.1892		87.031
		30840		3.084e-11		460.919		29.7892		-14.6001		15.1891		87.2983
		30900		3.09e-11		439.786		28.4234		-13.2343		15.1891		87.6082
		30960		3.096e-11		427.287		27.6156		-12.4264		15.1892		87.9441
		31020		3.102e-11		440.724		28.484		-13.295		15.1891		88.0984
		31080		3.108e-11		434.804		28.1014		-12.9122		15.1892		88.2205
		31140		3.114e-11		441.891		28.5594		-13.3702		15.1892		88.4375
		31200		3.12e-11		433.642		28.0263		-12.8371		15.1892		88.6154
		31260		3.126e-11		438.053		28.3114		-13.1221		15.1892		88.6921
		31320		3.132e-11		429.147		27.7358		-12.5464		15.1894		88.785
		31380		3.138e-11		438.316		28.3284		-13.1391		15.1892		88.916
		31440		3.144e-11		434.91		28.1082		-12.919		15.1892		89.2014
		31500		3.15e-11		440.368		28.461		-13.2718		15.1891		89.5539
		31560		3.156e-11		445.97		28.8231		-13.634		15.1891		89.8169
		31620		3.162e-11		451.832		29.2019		-14.0127		15.1892		90.1034
		31680		3.168e-11		446.524		28.8588		-13.6698		15.1891		90.6221
		31740		3.174e-11		441.75		28.5503		-13.3612		15.1891		91.154
		31800		3.18e-11		432.652		27.9623		-12.773		15.1893		91.4564
		31860		3.186e-11		431.115		27.8629		-12.6736		15.1893		91.5336
		31920		3.192e-11		444.671		28.7391		-13.5498		15.1892		91.6466
		31980		3.198e-11		424.824		27.4564		-12.2672		15.1892		91.9198
		32040		3.204e-11		433.625		28.0252		-12.8361		15.1891		92.2409
		32100		3.21e-11		438.3		28.3273		-13.138		15.1893		92.527
		32160		3.216e-11		442.028		28.5683		-13.3791		15.1892		92.6678
		32220		3.222e-11		452.78		29.2632		-14.0741		15.1891		92.7537
		32280		3.228e-11		441.652		28.544		-13.3548		15.1891		92.9503
		32340		3.234e-11		444.699		28.7409		-13.5518		15.1891		93.1357
		32400		3.24e-11		422.771		27.3237		-12.1345		15.1891		93.3309
		32460		3.246e-11		428.574		27.6987		-12.5095		15.1892		93.5221
		32520		3.252e-11		443.63		28.6718		-13.4826		15.1892		93.7421
		32580		3.258e-11		452.288		29.2313		-14.0423		15.189		93.9485
		32640		3.264e-11		418.797		27.0668		-11.8775		15.1893		94.1845
		32700		3.27e-11		446.283		28.8432		-13.6542		15.189		94.366
		32760		3.276e-11		434.271		28.067		-12.8778		15.1891		94.4029
		32820		3.282e-11		433.641		28.0262		-12.8371		15.1892		94.5606
		32880		3.288e-11		452.916		29.272		-14.0829		15.1891		94.7385
		32940		3.294e-11		425.809		27.52		-12.3307		15.1893		94.7534
		33000		3.3e-11		439.024		28.3741		-13.1849		15.1892		94.6071
		33060		3.306e-11		434.408		28.0758		-12.8865		15.1893		94.5589
		33120		3.312e-11		459.265		29.6823		-14.4931		15.1892		94.7408
		33180		3.318e-11		433.474		28.0154		-12.8262		15.1893		95.0213
		33240		3.324e-11		430.405		27.817		-12.6277		15.1893		95.2583
		33300		3.33e-11		448.186		28.9663		-13.7771		15.1892		95.4109
		33360		3.336e-11		432.268		27.9375		-12.7482		15.1893		95.5242
		33420		3.342e-11		447.392		28.915		-13.7258		15.1892		95.5728
		33480		3.348e-11		448.312		28.9744		-13.7852		15.1892		95.7717
		33540		3.354e-11		457.518		29.5694		-14.3803		15.1891		96.1034
		33600		3.36e-11		430.569		27.8277		-12.6383		15.1893		96.5084
		33660		3.366e-11		450.85		29.1384		-13.9493		15.1891		96.7981
		33720		3.372e-11		442.29		28.5852		-13.3962		15.189		96.7733
		33780		3.378e-11		446.753		28.8737		-13.6846		15.1891		96.5609
		33840		3.384e-11		440.063		28.4412		-13.2519		15.1893		96.5465
		33900		3.39e-11		454.58		29.3795		-14.1905		15.189		96.7638
		33960		3.396e-11		435.927		28.174		-12.9847		15.1893		96.9963
		34020		3.402e-11		459.833		29.719		-14.5299		15.1891		97.1315
		34080		3.408e-11		437.629		28.284		-13.0948		15.1891		97.4048
		34140		3.414e-11		436.144		28.188		-12.9989		15.1891		97.6865
		34200		3.42e-11		446.439		28.8533		-13.6642		15.1892		97.7797
		34260		3.426e-11		440.762		28.4865		-13.2973		15.1892		97.8248
		34320		3.432e-11		425.837		27.5219		-12.3326		15.1893		97.9091
		34380		3.438e-11		419.548		27.1154		-11.9262		15.1892		97.9833
		34440		3.444e-11		435.531		28.1484		-12.9593		15.1891		98.0637
		34500		3.45e-11		433.172		27.9959		-12.8067		15.1892		98.2353
		34560		3.456e-11		424.924		27.4629		-12.2735		15.1894		98.3244
		34620		3.462e-11		436.488		28.2102		-13.021		15.1892		98.4749
		34680		3.468e-11		435.378		28.1385		-12.9492		15.1893		98.8051
		34740		3.474e-11		457.381		29.5605		-14.3714		15.1891		99.1298
		34800		3.48e-11		434.801		28.1012		-12.9119		15.1893		99.4638
		34860		3.486e-11		446.534		28.8595		-13.6704		15.1891		99.7892
		34920		3.492e-11		453.658		29.3199		-14.1308		15.189		100.075
		34980		3.498e-11		431.087		27.8611		-12.6719		15.1893		100.228
		35040		3.504e-11		449.86		29.0744		-13.8853		15.1891		100.387
		35100		3.51e-11		433.634		28.0258		-12.8363		15.1894		100.741
		35160		3.516e-11		458.165		29.6112		-14.422		15.1892		101.182
		35220		3.522e-11		432.641		27.9616		-12.7722		15.1893		101.496
		35280		3.528e-11		446.355		28.8479		-13.6587		15.1892		101.536
		35340		3.534e-11		442.521		28.6001		-13.4109		15.1892		101.496
		35400		3.54e-11		457.438		29.5642		-14.3751		15.1891		101.502
		35460		3.546e-11		445.955		28.8221		-13.6328		15.1893		101.624
		35520		3.552e-11		428.783		27.7122		-12.523		15.1893		101.791
		35580		3.558e-11		414.794		26.8082		-11.6189		15.1893		101.887
		35640		3.564e-11		428.042		27.6643		-12.4751		15.1892		102.153
		35700		3.57e-11		452.141		29.2219		-14.0328		15.1891		102.513
		35760		3.576e-11		449.459		29.0485		-13.8594		15.1891		102.834
		35820		3.582e-11		452.731		29.26		-14.0709		15.1891		103.092
		35880		3.588e-11		447.627		28.9301		-13.7409		15.1892		103.328
		35940		3.594e-11		456.12		29.479		-14.2899		15.1892		103.685
		36000		3.6e-11		447.778		28.9399		-13.7508		15.1891		103.986
		36060		3.606e-11		431.046		27.8585		-12.6692		15.1893		103.979
		36120		3.612e-11		455.679		29.4505		-14.2613		15.1893		103.955
		36180		3.618e-11		446.19		28.8372		-13.648		15.1893		104.164
		36240		3.624e-11		438.828		28.3615		-13.1723		15.1892		104.545
		36300		3.63e-11		451.15		29.1578		-13.9686		15.1892		104.848
		36360		3.636e-11		459.958		29.7271		-14.538		15.1891		104.969
		36420		3.642e-11		434.133		28.058		-12.8687		15.1893		104.818
		36480		3.648e-11		444.833		28.7495		-13.5604		15.1891		104.68
		36540		3.654e-11		431.554		27.8913		-12.702		15.1893		104.709
		36600		3.66e-11		436.645		28.2204		-13.031		15.1893		104.952
		36660		3.666e-11		448.522		28.988		-13.7988		15.1892		105.299
		36720		3.672e-11		430.721		27.8375		-12.6481		15.1894		105.403
		36780		3.678e-11		433.794		28.0361		-12.8469		15.1892		105.379
		36840		3.684e-11		441.035		28.5041		-13.3148		15.1893		105.456
		36900		3.69e-11		459.4		29.691		-14.502		15.189		105.617
		36960		3.696e-11		446.786		28.8758		-13.6865		15.1893		105.809
		37020		3.702e-11		445.413		28.7871		-13.5978		15.1893		105.988
		37080		3.708e-11		439.781		28.423		-13.2337		15.1893		106.145
		37140		3.714e-11		445.396		28.7859		-13.5968		15.1892		106.476
		37200		3.72e-11		422.855		27.3291		-12.1398		15.1893		106.832
		37260		3.726e-11		438.665		28.3509		-13.1616		15.1893		107.124
		37320		3.732e-11		452.395		29.2383		-14.0491		15.1892		107.198
		37380		3.738e-11		440.723		28.4839		-13.2947		15.1892		107.086
		37440		3.744e-11		440.214		28.451		-13.2618		15.1892		107.094
		37500		3.75e-11		439.098		28.3789		-13.1896		15.1892		107.11
		37560		3.756e-11		445.639		28.8017		-13.6126		15.1891		107.084
		37620		3.762e-11		437.006		28.2437		-13.0545		15.1892		107.239
		37680		3.768e-11		453.151		29.2871		-14.098		15.1892		107.487
		37740		3.774e-11		453.071		29.282		-14.0928		15.1892		107.705
		37800		3.78e-11		441.491		28.5335		-13.3442		15.1893		107.761
		37860		3.786e-11		443.109		28.6381		-13.4489		15.1893		107.762
		37920		3.792e-11		435.861		28.1697		-12.9804		15.1893		107.962
		37980		3.798e-11		429.297		27.7455		-12.5561		15.1893		108.19
		38040		3.804e-11		456.682		29.5153		-14.3261		15.1892		108.45
		38100		3.81e-11		463.495		29.9557		-14.7666		15.1891		108.707
		38160		3.816e-11		435.598		28.1527		-12.9634		15.1893		108.953
		38220		3.822e-11		449.639		29.0601		-13.8709		15.1893		109.155
		38280		3.828e-11		447.891		28.9472		-13.7581		15.1892		109.394
		38340		3.834e-11		434.57		28.0863		-12.8972		15.1891		109.68
		38400		3.84e-11		438.068		28.3123		-13.1231		15.1892		109.823
		38460		3.846e-11		448.759		29.0033		-13.8141		15.1892		109.959
		38520		3.852e-11		446.073		28.8297		-13.6406		15.1891		110.054
		38580		3.858e-11		444.655		28.738		-13.5488		15.1892		110.037
		38640		3.864e-11		449.342		29.041		-13.8516		15.1894		110.096
		38700		3.87e-11		426.479		27.5633		-12.3741		15.1892		110.486
		38760		3.876e-11		441.503		28.5343		-13.3452		15.1892		110.782
		38820		3.882e-11		440.838		28.4914		-13.3021		15.1893		110.835
		38880		3.888e-11		449.903		29.0772		-13.888		15.1892		110.908
		38940		3.894e-11		428.818		27.7145		-12.5252		15.1893		111.001
		39000		3.9e-11		442.937		28.627		-13.4378		15.1892		111.087
		39060		3.906e-11		430.467		27.8211		-12.6317		15.1894		111.29
		39120		3.912e-11		441.887		28.5591		-13.3699		15.1892		111.388
		39180		3.918e-11		453.571		29.3143		-14.1251		15.1892		111.448
		39240		3.924e-11		446.853		28.8801		-13.6909		15.1893		111.504
		39300		3.93e-11		455.151		29.4164		-14.2274		15.189		111.657
		39360		3.936e-11		438.42		28.3351		-13.1459		15.1892		111.751
		39420		3.942e-11		443.178		28.6426		-13.4534		15.1892		111.753
		39480		3.948e-11		441.634		28.5428		-13.3535		15.1893		111.839
		39540		3.954e-11		428.14		27.6707		-12.4814		15.1893		111.8
		39600		3.96e-11		440.557		28.4732		-13.284		15.1893		111.883
		39660		3.966e-11		455.305		29.4264		-14.2372		15.1891		112.182
		39720		3.972e-11		425.734		27.5152		-12.3259		15.1893		112.663
		39780		3.978e-11		432.915		27.9793		-12.79		15.1892		113.095
		39840		3.984e-11		426.86		27.588		-12.3988		15.1891		113.264
		39900		3.99e-11		438.396		28.3335		-13.1443		15.1892		113.226
		39960		3.996e-11		448.365		28.9778		-13.7887		15.1891		113.365
		40020		4.002e-11		431.442		27.8841		-12.6949		15.1892		113.716
		40080		4.008e-11		465.156		30.063		-14.8739		15.1891		114.066
		40140		4.014e-11		451.06		29.152		-13.9628		15.1892		114.251
		40200		4.02e-11		462.994		29.9233		-14.7342		15.1891		114.326
		40260		4.026e-11		461.327		29.8155		-14.6264		15.1892		114.385
		40320		4.032e-11		452.058		29.2165		-14.0274		15.1891		114.631
		40380		4.038e-11		430.869		27.8471		-12.6578		15.1893		114.904
		40440		4.044e-11		453.829		29.331		-14.1418		15.1892		114.71
		40500		4.05e-11		451.02		29.1495		-13.9603		15.1891		114.478
		40560		4.056e-11		445.428		28.788		-13.5989		15.1891		114.42
		40620		4.062e-11		442.031		28.5685		-13.3794		15.1891		114.517
		40680		4.068e-11		437.816		28.296		-13.1068		15.1893		114.635
		40740		4.074e-11		449.771		29.0687		-13.8795		15.1892		114.728
		40800		4.08e-11		430.326		27.8119		-12.6225		15.1894		115.033
		40860		4.086e-11		451.573		29.1851		-13.9959		15.1892		115.445
		40920		4.092e-11		450.282		29.1018		-13.9126		15.1891		115.839
		40980		4.098e-11		458.163		29.6111		-14.4218		15.1893		116.143
		41040		4.104e-11		455.232		29.4216		-14.2324		15.1892		116.382
		41100		4.11e-11		448.181		28.966		-13.7768		15.1891		116.445
		41160		4.116e-11		448.253		28.9706		-13.7815		15.1891		116.435
		41220		4.122e-11		445.651		28.8024		-13.6132		15.1893		116.404
		41280		4.128e-11		435.571		28.1509		-12.9615		15.1894		116.579
		41340		4.134e-11		466.477		30.1484		-14.9594		15.1891		116.886
		41400		4.14e-11		447.414		28.9164		-13.7271		15.1893		117.27
		41460		4.146e-11		466.055		30.1211		-14.932		15.1891		117.85
		41520		4.152e-11		431.34		27.8775		-12.6882		15.1893		118.441
		41580		4.158e-11		448.975		29.0173		-13.8281		15.1892		118.789
		41640		4.164e-11		452.845		29.2673		-14.0781		15.1892		118.976
		41700		4.17e-11		440.762		28.4865		-13.2972		15.1892		119.077
		41760		4.176e-11		423.797		27.39		-12.2007		15.1893		119.03
		41820		4.182e-11		451.712		29.1941		-14.005		15.1891		119.056
		41880		4.188e-11		455.149		29.4163		-14.2271		15.1892		119.292
		41940		4.194e-11		447.228		28.9043		-13.715		15.1893		119.535
		42000		4.2e-11		440.456		28.4667		-13.2774		15.1893		119.751
		42060		4.206e-11		454.826		29.3954		-14.2063		15.1891		119.98
		42120		4.212e-11		451.95		29.2096		-14.0204		15.1892		120.057
		42180		4.218e-11		434.243		28.0651		-12.8758		15.1893		119.977
		42240		4.224e-11		433.868		28.0409		-12.8517		15.1892		120.082
		42300		4.23e-11		432.288		27.9388		-12.7495		15.1893		120.377
		42360		4.236e-11		468.711		30.2928		-15.1036		15.1892		120.646
		42420		4.242e-11		460.177		29.7412		-14.5519		15.1893		120.909
		42480		4.248e-11		431.686		27.8999		-12.7107		15.1892		121.302
		42540		4.254e-11		451.278		29.1661		-13.977		15.189		121.616
		42600		4.26e-11		450.383		29.1082		-13.919		15.1892		121.62
		42660		4.266e-11		440.075		28.442		-13.2528		15.1893		121.564
		42720		4.272e-11		445.755		28.8092		-13.62		15.1892		121.772
		42780		4.278e-11		435.77		28.1638		-12.9746		15.1893		122.073
		42840		4.284e-11		430.056		27.7945		-12.6053		15.1892		122.114
		42900		4.29e-11		451.028		29.15		-13.9608		15.1892		122.126
		42960		4.296e-11		451.945		29.2092		-14.0199		15.1893		122.32
		43020		4.302e-11		433.659		28.0274		-12.8381		15.1892		122.507
		43080		4.308e-11		430.123		27.7988		-12.6096		15.1892		122.698
		43140		4.314e-11		463.603		29.9627		-14.7736		15.1891		122.962
		43200		4.32e-11		463.315		29.944		-14.7548		15.1892		123.129
		43260		4.326e-11		454.133		29.3506		-14.1614		15.1892		123.254
		43320		4.332e-11		433.21		27.9984		-12.8093		15.1891		123.302
		43380		4.338e-11		411.9		26.6211		-11.4318		15.1893		123.319
		43440		4.344e-11		444.236		28.711		-13.5219		15.1891		123.678
		43500		4.35e-11		453.05		29.2806		-14.0915		15.1891		123.939
		43560		4.356e-11		430.295		27.81		-12.6207		15.1893		123.908
		43620		4.362e-11		436.737		28.2263		-13.0371		15.1892		123.812
		43680		4.368e-11		441.646		28.5436		-13.3544		15.1891		123.832
		43740		4.374e-11		444.415		28.7226		-13.5334		15.1892		124.043
		43800		4.38e-11		447.931		28.9497		-13.7606		15.1892		124.313
		43860		4.386e-11		440.404		28.4633		-13.2741		15.1892		124.688
		43920		4.392e-11		455.013		29.4075		-14.2183		15.1892		125.176
		43980		4.398e-11		459.698		29.7103		-14.5212		15.1891		125.527
		44040		4.404e-11		451.737		29.1958		-14.0066		15.1891		125.609
		44100		4.41e-11		432.592		27.9584		-12.7692		15.1893		125.717
		44160		4.416e-11		439.291		28.3913		-13.202		15.1893		126.018
		44220		4.422e-11		477.934		30.8889		-15.6998		15.1891		126.788
		44280		4.428e-11		442.156		28.5766		-13.3873		15.1893		127.739
		44340		4.434e-11		432.557		27.9561		-12.767		15.1891		128.237
		44400		4.44e-11		439.935		28.433		-13.2438		15.1891		128.297
		44460		4.446e-11		440.457		28.4667		-13.2776		15.1892		128.306
		44520		4.452e-11		442.829		28.62		-13.4308		15.1893		128.31
		44580		4.458e-11		449.306		29.0386		-13.8493		15.1893		128.407
		44640		4.464e-11		466.963		30.1798		-14.9908		15.1891		128.601
		44700		4.47e-11		438.066		28.3122		-13.1229		15.1893		128.846
		44760		4.476e-11		465.74		30.1008		-14.9117		15.1891		128.948
		44820		4.482e-11		446.865		28.8809		-13.6916		15.1893		128.883
		44880		4.488e-11		438.122		28.3158		-13.1265		15.1893		128.874
		44940		4.494e-11		433.306		28.0045		-12.8153		15.1892		128.998
		45000		4.5e-11		427.941		27.6578		-12.4686		15.1892		129.241
		45060		4.506e-11		423.45		27.3676		-12.1784		15.1891		129.588
		45120		4.512e-11		421.873		27.2657		-12.0765		15.1892		130.051
		45180		4.518e-11		425.9		27.5259		-12.3366		15.1893		130.483
		45240		4.524e-11		443.725		28.6779		-13.4887		15.1892		130.641
		45300		4.53e-11		438.653		28.3501		-13.161		15.1892		130.577
		45360		4.536e-11		449.12		29.0266		-13.8375		15.1892		130.519
		45420		4.542e-11		441.878		28.5586		-13.3694		15.1891		130.679
		45480		4.548e-11		430.047		27.7939		-12.6047		15.1892		131.11
		45540		4.554e-11		446.255		28.8415		-13.6523		15.1892		131.457
		45600		4.56e-11		430.852		27.8459		-12.6567		15.1892		131.642
		45660		4.566e-11		435.991		28.1781		-12.9889		15.1892		131.943
		45720		4.572e-11		444.916		28.7549		-13.5656		15.1893		132.329
		45780		4.578e-11		448.933		29.0145		-13.8253		15.1892		132.684
		45840		4.584e-11		453.082		29.2827		-14.0935		15.1892		132.891
		45900		4.59e-11		441.038		28.5043		-13.3151		15.1892		133.009
		45960		4.596e-11		443.299		28.6504		-13.4612		15.1892		132.99
		46020		4.602e-11		449.354		29.0418		-13.8524		15.1893		132.728
		46080		4.608e-11		462.717		29.9054		-14.7162		15.1892		132.645
		46140		4.614e-11		438.312		28.3281		-13.1388		15.1893		132.521
		46200		4.62e-11		436.503		28.2112		-13.0219		15.1893		132.313
		46260		4.626e-11		445.45		28.7894		-13.6002		15.1892		132.219
		46320		4.632e-11		434.52		28.083		-12.8938		15.1892		132.318
		46380		4.638e-11		442.512		28.5995		-13.4104		15.1892		132.458
		46440		4.644e-11		439.2		28.3855		-13.1962		15.1893		132.601
		46500		4.65e-11		428.678		27.7054		-12.5161		15.1894		132.824
		46560		4.656e-11		430.573		27.8279		-12.6387		15.1893		133.04
		46620		4.662e-11		436.865		28.2346		-13.0454		15.1892		133.214
		46680		4.668e-11		440.25		28.4533		-13.2641		15.1892		133.394
		46740		4.674e-11		437.69		28.2879		-13.0986		15.1893		133.64
		46800		4.68e-11		451.404		29.1742		-13.9851		15.1892		134.081
		46860		4.686e-11		446.023		28.8264		-13.6373		15.1892		134.503
		46920		4.692e-11		429.365		27.7499		-12.5607		15.1892		134.583
		46980		4.698e-11		455.078		29.4117		-14.2226		15.1891		134.617
		47040		4.704e-11		425.909		27.5265		-12.3372		15.1893		134.969
		47100		4.71e-11		453.115		29.2848		-14.0957		15.1891		135.326
		47160		4.716e-11		416.434		26.9141		-11.7248		15.1893		135.501
		47220		4.722e-11		427.33		27.6184		-12.4292		15.1892		135.614
		47280		4.728e-11		430.744		27.839		-12.6497		15.1892		135.902
		47340		4.734e-11		431.096		27.8617		-12.6724		15.1894		136.293
		47400		4.74e-11		447.174		28.9009		-13.7117		15.1892		136.568
		47460		4.746e-11		443.096		28.6373		-13.4481		15.1891		136.971
		47520		4.752e-11		444.954		28.7574		-13.5681		15.1892		137.311
		47580		4.758e-11		453.012		29.2781		-14.089		15.1892		137.524
		47640		4.764e-11		426.902		27.5907		-12.4014		15.1893		137.957
		47700		4.77e-11		430.55		27.8264		-12.6372		15.1892		138.36
		47760		4.776e-11		458.571		29.6374		-14.4483		15.1891		138.446
		47820		4.782e-11		453.887		29.3347		-14.1454		15.1893		138.525
		47880		4.788e-11		450.028		29.0853		-13.8961		15.1892		138.792
		47940		4.794e-11		445.023		28.7618		-13.5727		15.1891		138.957
		48000		4.8e-11		436.872		28.2351		-13.0458		15.1893		139.12
		48060		4.806e-11		451.819		29.2011		-14.0118		15.1892		139.342
		48120		4.812e-11		440.927		28.4971		-13.3079		15.1892		139.624
		48180		4.818e-11		452.154		29.2227		-14.0335		15.1892		139.964
		48240		4.824e-11		445.157		28.7705		-13.5812		15.1893		140.475
		48300		4.83e-11		445.444		28.7891		-13.5997		15.1893		141.202
		48360		4.836e-11		456.309		29.4913		-14.302		15.1893		141.833
		48420		4.842e-11		454.371		29.366		-14.1768		15.1892		142.234
		48480		4.848e-11		455.515		29.44		-14.2508		15.1892		142.561
		48540		4.854e-11		449.393		29.0443		-13.855		15.1892		142.823
		48600		4.86e-11		445.027		28.7621		-13.5729		15.1892		142.882
		48660		4.866e-11		442.857		28.6218		-13.4327		15.1892		142.952
		48720		4.872e-11		440.555		28.4731		-13.2839		15.1892		143.165
		48780		4.878e-11		440.964		28.4995		-13.3102		15.1893		143.198
		48840		4.884e-11		454.681		29.386		-14.1968		15.1892		143.205
		48900		4.89e-11		424.22		27.4174		-12.2279		15.1894		143.308
		48960		4.896e-11		443.066		28.6354		-13.4461		15.1893		143.313
		49020		4.902e-11		443.917		28.6903		-13.5011		15.1893		143.415
		49080		4.908e-11		440.664		28.4801		-13.291		15.1892		143.622
		49140		4.914e-11		438.158		28.3182		-13.129		15.1892		143.824
		49200		4.92e-11		437.3		28.2627		-13.0735		15.1892		144.034
		49260		4.926e-11		452.776		29.2629		-14.0738		15.1891		144.163
		49320		4.932e-11		462.348		29.8815		-14.6923		15.1893		144.216
		49380		4.938e-11		441.858		28.5573		-13.368		15.1893		144.415
		49440		4.944e-11		437.948		28.3046		-13.1153		15.1893		144.628
		49500		4.95e-11		443.346		28.6535		-13.4642		15.1893		144.816
		49560		4.956e-11		449.347		29.0413		-13.8521		15.1892		145.091
		49620		4.962e-11		442.893		28.6242		-13.4349		15.1893		145.39
		49680		4.968e-11		441.98		28.5651		-13.3759		15.1893		145.65
		49740		4.974e-11		430.694		27.8358		-12.6465		15.1893		145.896
		49800		4.98e-11		444.037		28.6981		-13.5089		15.1892		146.082
		49860		4.986e-11		436.335		28.2003		-13.0111		15.1892		146.139
		49920		4.992e-11		425.528		27.5018		-12.3126		15.1892		146.192
		49980		4.998e-11		431.63		27.8963		-12.707		15.1893		146.298
		50040		5.004e-11		435.84		28.1684		-12.9791		15.1893		146.317
		50100		5.01e-11		439.237		28.3879		-13.1987		15.1892		146.461
		50160		5.016e-11		459.227		29.6798		-14.4907		15.1891		146.774
		50220		5.022e-11		434.374		28.0736		-12.8842		15.1893		146.973
		50280		5.028e-11		455.007		29.4071		-14.218		15.1891		147.151
		50340		5.034e-11		456.554		29.5071		-14.3179		15.1891		147.404
		50400		5.04e-11		439.821		28.4256		-13.2363		15.1893		147.671
		50460		5.046e-11		436.795		28.23		-13.0408		15.1892		148.001
		50520		5.052e-11		433.659		28.0274		-12.8382		15.1892		148.218
		50580		5.058e-11		454.372		29.3661		-14.1768		15.1892		148.179
		50640		5.064e-11		448.488		28.9858		-13.7965		15.1893		148.207
		50700		5.07e-11		448.925		29.014		-13.8248		15.1892		148.322
		50760		5.076e-11		458.847		29.6553		-14.4663		15.189		148.368
		50820		5.082e-11		446.485		28.8563		-13.6671		15.1892		148.494
		50880		5.088e-11		461.962		29.8566		-14.6675		15.1891		148.796
		50940		5.094e-11		431.372		27.8796		-12.6903		15.1893		149.103
		51000		5.1e-11		456.001		29.4713		-14.2822		15.1891		149.347
		51060		5.106e-11		444.016		28.6968		-13.5075		15.1893		149.202
		51120		5.112e-11		426.171		27.5434		-12.354		15.1894		148.988
		51180		5.118e-11		453.45		29.3065		-14.1174		15.1891		148.944
		51240		5.124e-11		450.122		29.0914		-13.9022		15.1892		148.97
		51300		5.13e-11		437.712		28.2893		-13.1001		15.1892		148.909
		51360		5.136e-11		441.354		28.5247		-13.3355		15.1892		148.983
		51420		5.142e-11		451.276		29.166		-13.9767		15.1893		149.284
		51480		5.148e-11		441.312		28.522		-13.3327		15.1893		149.754
		51540		5.154e-11		455.643		29.4482		-14.2591		15.1891		150.248
		51600		5.16e-11		440.611		28.4767		-13.2875		15.1892		150.803
		51660		5.166e-11		424.412		27.4297		-12.2405		15.1893		151.146
		51720		5.172e-11		438.402		28.3339		-13.1447		15.1892		151.31
		51780		5.178e-11		438.046		28.3109		-13.1218		15.1891		151.442
		51840		5.184e-11		438.924		28.3677		-13.1786		15.1891		151.446
		51900		5.19e-11		440.505		28.4699		-13.2807		15.1892		151.333
		51960		5.196e-11		443.406		28.6573		-13.4682		15.1892		151.208
		52020		5.202e-11		440.679		28.4811		-13.2919		15.1892		151.406
		52080		5.208e-11		466.72		30.1641		-14.975		15.1891		151.819
		52140		5.214e-11		446.18		28.8366		-13.6473		15.1893		152.149
		52200		5.22e-11		460.724		29.7766		-14.5875		15.1891		152.232
		52260		5.226e-11		439.148		28.3822		-13.1929		15.1892		152.237
		52320		5.232e-11		439.042		28.3753		-13.1861		15.1892		152.326
		52380		5.238e-11		449.836		29.0729		-13.8838		15.1891		152.471
		52440		5.244e-11		436.421		28.2059		-13.0166		15.1893		152.639
		52500		5.25e-11		438.052		28.3113		-13.1221		15.1893		152.881
		52560		5.256e-11		448.308		28.9742		-13.785		15.1891		153.029
		52620		5.262e-11		427.043		27.5998		-12.4105		15.1893		152.875
		52680		5.268e-11		441.82		28.5548		-13.3655		15.1893		152.66
		52740		5.274e-11		436.484		28.2099		-13.0205		15.1894		152.621
		52800		5.28e-11		462.227		29.8738		-14.6845		15.1892		152.587
		52860		5.286e-11		459.097		29.6714		-14.4821		15.1893		152.626
		52920		5.292e-11		445.503		28.7929		-13.6037		15.1892		152.851
		52980		5.298e-11		433.368		28.0086		-12.8195		15.1891		153.247
		53040		5.304e-11		435.968		28.1766		-12.9873		15.1893		153.773
		53100		5.31e-11		444.748		28.744		-13.5548		15.1892		154.217
		53160		5.316e-11		457.5		29.5682		-14.3791		15.1891		154.483
		53220		5.322e-11		446.581		28.8625		-13.6733		15.1893		154.643
		53280		5.328e-11		430.559		27.8271		-12.6378		15.1893		154.74
		53340		5.334e-11		460.07		29.7343		-14.5453		15.1891		154.791
		53400		5.34e-11		439.326		28.3936		-13.2044		15.1892		154.86
		53460		5.346e-11		432.912		27.9791		-12.7899		15.1892		155.297
		53520		5.352e-11		438.08		28.3131		-13.1239		15.1893		155.752
		53580		5.358e-11		469.154		30.3214		-15.1324		15.189		156.113
		53640		5.364e-11		425.189		27.4799		-12.2905		15.1894		156.672
		53700		5.37e-11		435.358		28.1372		-12.9478		15.1893		157.06
		53760		5.376e-11		452.83		29.2664		-14.0773		15.1891		157.104
		53820		5.382e-11		431.172		27.8666		-12.6773		15.1893		156.932
		53880		5.388e-11		451.973		29.211		-14.022		15.1891		156.873
		53940		5.394e-11		443.421		28.6583		-13.4691		15.1891		156.89
		54000		5.4e-11		444.309		28.7157		-13.5265		15.1892		157.013
		54060		5.406e-11		447.176		28.901		-13.7118		15.1892		157.12
		54120		5.412e-11		438.661		28.3507		-13.1615		15.1892		157.246
		54180		5.418e-11		445.714		28.8065		-13.6174		15.1891		157.236
		54240		5.424e-11		435.922		28.1736		-12.9843		15.1893		157.187
		54300		5.43e-11		437.588		28.2813		-13.0922		15.1891		157.285
		54360		5.436e-11		437.109		28.2503		-13.0611		15.1892		157.524
		54420		5.442e-11		448.98		29.0176		-13.8282		15.1894		157.898
		54480		5.448e-11		457.451		29.5651		-14.3759		15.1892		158.039
		54540		5.454e-11		445.012		28.7611		-13.5719		15.1892		157.977
		54600		5.46e-11		452.071		29.2173		-14.0283		15.189		157.913
		54660		5.466e-11		424.729		27.4502		-12.2609		15.1893		157.85
		54720		5.472e-11		452.109		29.2198		-14.0307		15.1891		158.115
		54780		5.478e-11		446.964		28.8873		-13.6981		15.1891		158.786
		54840		5.484e-11		456.877		29.5279		-14.3388		15.1891		159.272
		54900		5.49e-11		447.636		28.9307		-13.7414		15.1893		159.602
		54960		5.496e-11		443.255		28.6476		-13.4583		15.1892		159.917
		55020		5.502e-11		438.641		28.3494		-13.1601		15.1892		160.153
		55080		5.508e-11		448.707		29		-13.8107		15.1893		160.388
		55140		5.514e-11		459.688		29.7096		-14.5204		15.1893		160.628
		55200		5.52e-11		439.768		28.4222		-13.2329		15.1894		160.816
		55260		5.526e-11		423.34		27.3605		-12.1712		15.1893		160.871
		55320		5.532e-11		421.658		27.2518		-12.0626		15.1892		160.9
		55380		5.538e-11		443.521		28.6648		-13.4756		15.1892		161.147
		55440		5.544e-11		430.53		27.8252		-12.6358		15.1893		161.504
		55500		5.55e-11		440.655		28.4796		-13.2904		15.1892		161.903
		55560		5.556e-11		432.192		27.9326		-12.7433		15.1893		162.346
		55620		5.562e-11		448.642		28.9957		-13.8065		15.1892		162.678
		55680		5.568e-11		438.649		28.3499		-13.1608		15.1891		162.87
		55740		5.574e-11		427.848		27.6518		-12.4625		15.1893		163.13
		55800		5.58e-11		453.045		29.2803		-14.091		15.1892		163.512
		55860		5.586e-11		444.304		28.7154		-13.5262		15.1892		163.849
		55920		5.592e-11		434.761		28.0986		-12.9093		15.1893		164.126
		55980		5.598e-11		439.915		28.4317		-13.2425		15.1892		164.525
		56040		5.604e-11		425.754		27.5165		-12.3271		15.1894		164.906
		56100		5.61e-11		446.254		28.8414		-13.6522		15.1892		165.393
		56160		5.616e-11		435.009		28.1146		-12.9252		15.1894		166.099
		56220		5.622e-11		446.109		28.832		-13.6428		15.1892		166.67
		56280		5.628e-11		438.524		28.3418		-13.1526		15.1892		167.167
		56340		5.634e-11		440.235		28.4524		-13.2631		15.1893		167.501
		56400		5.64e-11		424.023		27.4046		-12.2152		15.1894		167.702
		56460		5.646e-11		457.794		29.5872		-14.3982		15.189		167.913
		56520		5.652e-11		441.451		28.531		-13.3418		15.1892		168.053
		56580		5.658e-11		450.511		29.1165		-13.9273		15.1892		168.327
		56640		5.664e-11		453.838		29.3316		-14.1424		15.1891		168.787
		56700		5.67e-11		428.871		27.7179		-12.5287		15.1892		169.112
		56760		5.676e-11		443.612		28.6706		-13.4816		15.189		169.177
		56820		5.682e-11		426.35		27.555		-12.3658		15.1892		169.176
		56880		5.688e-11		437.481		28.2744		-13.0851		15.1893		169.251
		56940		5.694e-11		449.649		29.0608		-13.8715		15.1892		169.368
		57000		5.7e-11		443.526		28.6651		-13.4759		15.1892		169.366
		57060		5.706e-11		430.509		27.8238		-12.6345		15.1893		169.364
		57120		5.712e-11		438.626		28.3484		-13.1592		15.1892		169.388
		57180		5.718e-11		453.081		29.2826		-14.0934		15.1892		169.727
		57240		5.724e-11		437.838		28.2975		-13.1082		15.1893		170.233
		57300		5.73e-11		456.914		29.5304		-14.3412		15.1892		170.593
		57360		5.736e-11		441.238		28.5172		-13.3278		15.1894		170.811
		57420		5.742e-11		454.992		29.4061		-14.2171		15.189		170.946
		57480		5.748e-11		445.569		28.7971		-13.608		15.1891		170.844
		57540		5.754e-11		435.26		28.1308		-12.9416		15.1892		170.504
		57600		5.76e-11		454.739		29.3898		-14.2007		15.1891		170.298
		57660		5.766e-11		440.085		28.4427		-13.2533		15.1893		170.289
		57720		5.772e-11		455.673		29.4502		-14.261		15.1892		170.481
		57780		5.778e-11		447.606		28.9288		-13.7394		15.1894		170.882
		57840		5.784e-11		462.564		29.8955		-14.7063		15.1892		171.214
		57900		5.79e-11		451.884		29.2053		-14.0161		15.1892		171.536
		57960		5.796e-11		443.939		28.6918		-13.5026		15.1892		171.804
		58020		5.802e-11		450.987		29.1473		-13.9581		15.1892		172.216
		58080		5.808e-11		456.77		29.5211		-14.332		15.189		172.801
		58140		5.814e-11		455.227		29.4213		-14.2322		15.1892		173.165
		58200		5.82e-11		442.621		28.6066		-13.4173		15.1893		173.291
		58260		5.826e-11		452.87		29.269		-14.0798		15.1892		173.515
		58320		5.832e-11		429.832		27.7801		-12.5907		15.1893		173.932
		58380		5.838e-11		454.897		29.4		-14.2108		15.1891		174.337
		58440		5.844e-11		457.455		29.5653		-14.3761		15.1892		174.671
		58500		5.85e-11		438.503		28.3404		-13.1512		15.1892		174.952
		58560		5.856e-11		431.885		27.9127		-12.7235		15.1892		175.11
		58620		5.862e-11		441.424		28.5292		-13.34		15.1892		175.043
		58680		5.868e-11		450.165		29.0942		-13.9051		15.1891		175.074
		58740		5.874e-11		445.759		28.8094		-13.6203		15.1891		175.388
		58800		5.88e-11		434.995		28.1137		-12.9246		15.1891		175.67
		58860		5.886e-11		432.555		27.956		-12.7667		15.1893		175.554
		58920		5.892e-11		435.745		28.1622		-12.9728		15.1893		175.443
		58980		5.898e-11		455.144		29.4159		-14.2268		15.1892		175.614
		59040		5.904e-11		431.233		27.8706		-12.6812		15.1894		176.1
		59100		5.91e-11		462.298		29.8783		-14.6893		15.189		176.522
		59160		5.916e-11		437.131		28.2518		-13.0624		15.1893		176.691
		59220		5.922e-11		442.981		28.6298		-13.4405		15.1893		176.855
		59280		5.928e-11		446.986		28.8887		-13.6996		15.1891		177.186
		59340		5.934e-11		431.83		27.9092		-12.72		15.1892		177.644
		59400		5.94e-11		438.753		28.3566		-13.1674		15.1892		177.991
		59460		5.946e-11		432.294		27.9392		-12.75		15.1892		178.511
		59520		5.952e-11		435.002		28.1142		-12.9249		15.1893		178.865
		59580		5.958e-11		435.668		28.1572		-12.9679		15.1893		178.97
		59640		5.964e-11		447.027		28.8914		-13.7022		15.1891		179.281
		59700		5.97e-11		460.973		29.7927		-14.6037		15.189		179.711
		59760		5.976e-11		424.407		27.4294		-12.2399		15.1895		179.997
		59820		5.982e-11		453.008		29.2779		-14.0887		15.1892		180.06
		59880		5.988e-11		446.8		28.8767		-13.6875		15.1892		179.854
		59940		5.994e-11		448.055		28.9578		-13.7687		15.1891		179.73
