		timesteps		t		Temperature		Kin		Pot		TotalE		MSD
		0		0		664.116		42.9218		-43.9281		-1.00632		0.00743876
		60		6e-14		446.097		28.8312		-29.8376		-1.00642		0.132863
		120		1.2e-13		277.635		17.9435		-18.9498		-1.00622		0.336893
		180		1.8e-13		329.512		21.2964		-22.3028		-1.00639		0.462339
		240		2.4e-13		315.635		20.3995		-21.4057		-1.00621		0.559632
		300		3e-13		328.455		21.2281		-22.2344		-1.00629		0.632098
		360		3.6e-13		329.313		21.2835		-22.2898		-1.00628		0.690591
		420		4.2e-13		329.174		21.2745		-22.2808		-1.00626		0.739182
		480		4.8e-13		319.702		20.6624		-21.6686		-1.0062		0.778726
		540		5.4e-13		329.948		21.3245		-22.3308		-1.00626		0.803155
		600		6e-13		326.83		21.123		-22.1292		-1.0062		0.821835
		660		6.6e-13		348.251		22.5075		-23.5138		-1.00633		0.833163
		720		7.2e-13		345.018		22.2985		-23.3048		-1.00629		0.852051
		780		7.8e-13		325.728		21.0518		-22.058		-1.00623		0.880945
		840		8.4e-13		324.789		20.9911		-21.9974		-1.00628		0.905839
		900		9e-13		323.857		20.9309		-21.9371		-1.00621		0.924752
		960		9.6e-13		343.222		22.1825		-23.1888		-1.00632		0.940665
		1020		1.02e-12		334.516		21.6198		-22.626		-1.00618		0.967584
		1080		1.08e-12		337.685		21.8246		-22.8309		-1.00629		1.00572
		1140		1.14e-12		323.852		20.9306		-21.9368		-1.00625		1.0583
		1200		1.2e-12		328.902		21.2569		-22.2632		-1.00627		1.11217
		1260		1.26e-12		331.293		21.4115		-22.4177		-1.00626		1.15683
		1320		1.32e-12		324.849		20.995		-22.0012		-1.0062		1.19204
		1380		1.38e-12		318.849		20.6072		-21.6135		-1.00624		1.22251
		1440		1.44e-12		302.181		19.53		-20.5362		-1.00618		1.24896
		1500		1.5e-12		318.548		20.5877		-21.594		-1.00623		1.25768
		1560		1.56e-12		329.187		21.2754		-22.2816		-1.00622		1.26264
		1620		1.62e-12		325.227		21.0194		-22.0256		-1.00625		1.28628
		1680		1.68e-12		319.354		20.6398		-21.6461		-1.00629		1.32196
		1740		1.74e-12		305.907		19.7707		-20.777		-1.00626		1.36457
		1800		1.8e-12		294.886		19.0585		-20.0647		-1.0062		1.40721
		1860		1.86e-12		326.529		21.1035		-22.1099		-1.00632		1.44655
		1920		1.92e-12		327.896		21.1919		-22.1982		-1.00626		1.49833
		1980		1.98e-12		320.726		20.7285		-21.7347		-1.00622		1.54996
		2040		2.04e-12		320.124		20.6896		-21.6959		-1.00628		1.59698
		2100		2.1e-12		318.378		20.5768		-21.583		-1.00622		1.64656
		2160		2.16e-12		318.167		20.5631		-21.5693		-1.00622		1.69442
		2220		2.22e-12		313.407		20.2555		-21.2617		-1.00623		1.72465
		2280		2.28e-12		320.936		20.7421		-21.7484		-1.00625		1.74875
		2340		2.34e-12		316.39		20.4483		-21.4545		-1.00623		1.78684
		2400		2.4e-12		313.111		20.2363		-21.2425		-1.00619		1.83034
		2460		2.46e-12		313.249		20.2453		-21.2516		-1.00628		1.87059
		2520		2.52e-12		315.028		20.3602		-21.3665		-1.00629		1.91951
		2580		2.58e-12		299.016		19.3254		-20.3316		-1.00619		1.98195
		2640		2.64e-12		309.974		20.0336		-21.0399		-1.00624		2.0425
		2700		2.7e-12		315.638		20.3997		-21.406		-1.0063		2.09485
		2760		2.76e-12		309.4		19.9965		-21.0027		-1.00621		2.13649
		2820		2.82e-12		315.949		20.4198		-21.426		-1.00621		2.18143
		2880		2.88e-12		318.532		20.5867		-21.593		-1.00628		2.24799
		2940		2.94e-12		309.787		20.0215		-21.0277		-1.00619		2.32851
		3000		3e-12		308.609		19.9454		-20.9516		-1.00626		2.41864
		3060		3.06e-12		309.664		20.0136		-21.0198		-1.00623		2.52261
		3120		3.12e-12		304.514		19.6807		-20.687		-1.00621		2.62168
		3180		3.18e-12		307.416		19.8683		-20.8746		-1.0063		2.70692
		3240		3.24e-12		316.598		20.4617		-21.468		-1.00631		2.78469
		3300		3.3e-12		314.715		20.34		-21.3463		-1.00628		2.87351
		3360		3.36e-12		293.901		18.9948		-20.001		-1.00618		2.97735
		3420		3.42e-12		299.593		19.3627		-20.369		-1.00627		3.08324
		3480		3.48e-12		304.545		19.6827		-20.6889		-1.00614		3.17717
		3540		3.54e-12		308.709		19.9519		-20.958		-1.00618		3.26529
		3600		3.6e-12		299.889		19.3818		-20.3881		-1.00629		3.36038
		3660		3.66e-12		298.833		19.3136		-20.3198		-1.00627		3.44751
		3720		3.72e-12		313.987		20.293		-21.2993		-1.00628		3.52492
		3780		3.78e-12		299.557		19.3604		-20.3665		-1.00613		3.61669
		3840		3.84e-12		298.756		19.3086		-20.3148		-1.00623		3.72761
		3900		3.9e-12		301.942		19.5145		-20.5207		-1.00619		3.84046
		3960		3.96e-12		312.249		20.1806		-21.1868		-1.0062		3.95339
		4020		4.02e-12		293.765		18.986		-19.9923		-1.00626		4.0777
		4080		4.08e-12		289.568		18.7148		-19.7211		-1.00626		4.19734
		4140		4.14e-12		308.605		19.9451		-20.9514		-1.00632		4.28879
		4200		4.2e-12		317.39		20.5129		-21.5192		-1.00632		4.36779
		4260		4.26e-12		302.607		19.5575		-20.5636		-1.00618		4.45903
		4320		4.32e-12		307.862		19.8971		-20.9034		-1.00629		4.55614
		4380		4.38e-12		298.1		19.2662		-20.2724		-1.0062		4.66146
		4440		4.44e-12		308.251		19.9223		-20.9286		-1.00632		4.80016
		4500		4.5e-12		298.188		19.2719		-20.2782		-1.00628		4.96181
		4560		4.56e-12		296.985		19.1941		-20.2004		-1.00622		5.08884
		4620		4.62e-12		313.539		20.264		-21.2703		-1.00632		5.18243
		4680		4.68e-12		296.591		19.1686		-20.1748		-1.0062		5.29383
		4740		4.74e-12		295.887		19.1232		-20.1294		-1.00622		5.4051
		4800		4.8e-12		311.039		20.1024		-21.1088		-1.00634		5.51011
		4860		4.86e-12		294.037		19.0036		-20.0098		-1.00622		5.62948
		4920		4.92e-12		303.132		19.5914		-20.5977		-1.00629		5.74148
		4980		4.98e-12		294.621		19.0414		-20.0475		-1.00616		5.85086
		5040		5.04e-12		303.095		19.589		-20.5952		-1.00621		5.95692
		5100		5.1e-12		305.398		19.7379		-20.7441		-1.00623		6.0531
		5160		5.16e-12		297.54		19.23		-20.2362		-1.0062		6.13643
		5220		5.22e-12		291.674		18.8509		-19.8571		-1.00623		6.20765
		5280		5.28e-12		298.966		19.3222		-20.3285		-1.00632		6.27291
		5340		5.34e-12		292.087		18.8776		-19.8838		-1.00626		6.34953
		5400		5.4e-12		297.396		19.2207		-20.227		-1.00624		6.44081
		5460		5.46e-12		297.576		19.2324		-20.2386		-1.00621		6.55324
		5520		5.52e-12		301.991		19.5177		-20.5239		-1.00624		6.69596
		5580		5.58e-12		291.66		18.85		-19.8562		-1.00617		6.85985
		5640		5.64e-12		297.574		19.2322		-20.2385		-1.00631		7.00576
		5700		5.7e-12		289.404		18.7042		-19.7104		-1.00624		7.14219
		5760		5.76e-12		286.554		18.52		-19.5261		-1.00616		7.27891
		5820		5.82e-12		302.399		19.544		-20.5503		-1.00627		7.38753
		5880		5.88e-12		302.006		19.5186		-20.5248		-1.00621		7.48618
		5940		5.94e-12		300.399		19.4148		-20.421		-1.0062		7.61609
		6000		6e-12		295.258		19.0825		-20.0887		-1.0062		7.77498
		6060		6.06e-12		319.63		20.6577		-21.664		-1.00634		7.9197
		6120		6.12e-12		310.4		20.0612		-21.0673		-1.00619		8.05393
		6180		6.18e-12		294.019		19.0025		-20.0087		-1.00621		8.19156
		6240		6.24e-12		299.217		19.3384		-20.3447		-1.00627		8.32762
		6300		6.3e-12		300.232		19.404		-20.4103		-1.00628		8.45641
		6360		6.36e-12		280.864		18.1522		-19.1584		-1.00618		8.58748
		6420		6.42e-12		298.684		19.304		-20.3103		-1.00634		8.70394
		6480		6.48e-12		299.495		19.3563		-20.3626		-1.00624		8.81297
		6540		6.54e-12		308.505		19.9387		-20.945		-1.0063		8.91612
		6600		6.6e-12		290.325		18.7637		-19.7698		-1.00615		9.03666
		6660		6.66e-12		307.641		19.8829		-20.8891		-1.00628		9.16526
		6720		6.72e-12		300.734		19.4364		-20.4426		-1.00618		9.25444
		6780		6.78e-12		304.154		19.6575		-20.6638		-1.00628		9.31774
		6840		6.84e-12		296.031		19.1325		-20.1386		-1.00615		9.39528
		6900		6.9e-12		302.226		19.5329		-20.539		-1.00617		9.46051
		6960		6.96e-12		307.357		19.8645		-20.8707		-1.00624		9.52101
		7020		7.02e-12		311.635		20.1409		-21.1472		-1.00624		9.5892
		7080		7.08e-12		297.787		19.246		-20.2522		-1.00619		9.65689
		7140		7.14e-12		301.132		19.4622		-20.4685		-1.00631		9.6881
		7200		7.2e-12		299.582		19.362		-20.3683		-1.00625		9.70512
		7260		7.26e-12		300.487		19.4205		-20.4267		-1.00624		9.69571
		7320		7.32e-12		300.143		19.3983		-20.4045		-1.00626		9.69822
		7380		7.38e-12		299.901		19.3826		-20.3889		-1.00625		9.73154
		7440		7.44e-12		299.416		19.3512		-20.3575		-1.00626		9.77958
		7500		7.5e-12		296.187		19.1426		-20.1489		-1.0063		9.83806
		7560		7.56e-12		285.948		18.4808		-19.487		-1.00615		9.92147
		7620		7.62e-12		303.791		19.634		-20.6403		-1.00628		10.0382
		7680		7.68e-12		301.388		19.4787		-20.4849		-1.00623		10.2089
		7740		7.74e-12		300.31		19.409		-20.4153		-1.00629		10.4034
		7800		7.8e-12		297.639		19.2364		-20.2426		-1.00626		10.5841
		7860		7.86e-12		311.016		20.1009		-21.1072		-1.00626		10.7586
		7920		7.92e-12		300.422		19.4163		-20.4225		-1.00623		10.9349
		7980		7.98e-12		287.906		18.6073		-19.6135		-1.00619		11.0703
		8040		8.04e-12		302.211		19.5319		-20.5382		-1.00627		11.1807
		8100		8.1e-12		293.324		18.9575		-19.9637		-1.00622		11.3174
		8160		8.16e-12		297.39		19.2203		-20.2266		-1.00627		11.4566
		8220		8.22e-12		302.241		19.5338		-20.54		-1.00622		11.5682
		8280		8.28e-12		308.122		19.9139		-20.9202		-1.00626		11.6763
		8340		8.34e-12		288.962		18.6756		-19.6817		-1.00615		11.7855
		8400		8.4e-12		302.614		19.5579		-20.5642		-1.00629		11.8759
		8460		8.46e-12		300.825		19.4423		-20.4486		-1.00624		11.9684
		8520		8.52e-12		296.469		19.1608		-20.1669		-1.00617		12.0619
		8580		8.58e-12		300.416		19.4159		-20.4222		-1.00626		12.1626
		8640		8.64e-12		289.734		18.7255		-19.7317		-1.00622		12.2525
		8700		8.7e-12		297.907		19.2537		-20.26		-1.00632		12.343
		8760		8.76e-12		282.719		18.2721		-19.2783		-1.00619		12.4734
		8820		8.82e-12		296.702		19.1758		-20.1821		-1.00625		12.6097
		8880		8.88e-12		299.214		19.3382		-20.3444		-1.00622		12.7489
		8940		8.94e-12		303.973		19.6458		-20.652		-1.00624		12.8584
		9000		9e-12		301.821		19.5067		-20.5129		-1.00618		12.9419
		9060		9.06e-12		314.516		20.3271		-21.3334		-1.00629		13.047
		9120		9.12e-12		297.268		19.2125		-20.2187		-1.00624		13.1875
		9180		9.18e-12		292.201		18.885		-19.8912		-1.0062		13.2507
		9240		9.24e-12		311.055		20.1035		-21.1097		-1.00628		13.2558
		9300		9.3e-12		292.251		18.8882		-19.8943		-1.00617		13.275
		9360		9.36e-12		284.941		18.4158		-19.422		-1.00621		13.3042
		9420		9.42e-12		309.106		19.9775		-20.9838		-1.00627		13.3397
		9480		9.48e-12		306.148		19.7864		-20.7926		-1.00627		13.4281
		9540		9.54e-12		288.301		18.6329		-19.6391		-1.00621		13.5876
		9600		9.6e-12		297.436		19.2233		-20.2296		-1.00626		13.7663
		9660		9.66e-12		297.058		19.1988		-20.2051		-1.00625		13.9657
		9720		9.72e-12		294.666		19.0443		-20.0505		-1.00626		14.1888
		9780		9.78e-12		287.774		18.5989		-19.6051		-1.00622		14.3876
		9840		9.84e-12		301.187		19.4657		-20.4719		-1.00621		14.5244
		9900		9.9e-12		302.633		19.5592		-20.5654		-1.00624		14.6764
		9960		9.96e-12		294.248		19.0173		-20.0235		-1.00619		14.8374
		10020		1.002e-11		291.245		18.8231		-19.8293		-1.00619		14.9459
		10080		1.008e-11		300.41		19.4155		-20.4218		-1.00625		15.0045
		10140		1.014e-11		304.179		19.6591		-20.6653		-1.00624		15.0774
		10200		1.02e-11		296.565		19.167		-20.1732		-1.00624		15.1693
		10260		1.026e-11		291.758		18.8563		-19.8625		-1.00618		15.2452
		10320		1.032e-11		306.54		19.8116		-20.8179		-1.00628		15.3039
		10380		1.038e-11		290.424		18.7701		-19.7763		-1.00615		15.3762
		10440		1.044e-11		306.127		19.785		-20.7913		-1.00631		15.4251
		10500		1.05e-11		294.265		19.0183		-20.0246		-1.00625		15.4911
		10560		1.056e-11		290.72		18.7892		-19.7955		-1.00623		15.6036
		10620		1.062e-11		297.899		19.2532		-20.2595		-1.00628		15.681
		10680		1.068e-11		298.312		19.2799		-20.2861		-1.0062		15.688
		10740		1.074e-11		309.877		20.0273		-21.0336		-1.00626		15.6638
		10800		1.08e-11		307.597		19.88		-20.8863		-1.00625		15.6421
		10860		1.086e-11		289.122		18.686		-19.6921		-1.00611		15.6629
		10920		1.092e-11		300.364		19.4125		-20.4187		-1.00623		15.7496
		10980		1.098e-11		305.079		19.7173		-20.7236		-1.00629		15.8831
		11040		1.104e-11		304.676		19.6912		-20.6975		-1.00626		16.0066
		11100		1.11e-11		304.702		19.6929		-20.6991		-1.00625		16.0843
		11160		1.116e-11		296.175		19.1418		-20.1479		-1.00617		16.1172
		11220		1.122e-11		302.717		19.5646		-20.5709		-1.00626		16.1448
		11280		1.128e-11		297.424		19.2225		-20.2287		-1.00622		16.2
		11340		1.134e-11		313.057		20.2329		-21.2391		-1.00627		16.3009
		11400		1.14e-11		308.768		19.9557		-20.9619		-1.00617		16.4717
		11460		1.146e-11		311.522		20.1337		-21.1399		-1.00623		16.6676
		11520		1.152e-11		299.933		19.3847		-20.3909		-1.00623		16.8652
		11580		1.158e-11		299.968		19.387		-20.3932		-1.00624		17.0289
		11640		1.164e-11		312.616		20.2044		-21.2107		-1.0063		17.1803
		11700		1.17e-11		297.892		19.2527		-20.2589		-1.00616		17.3189
		11760		1.176e-11		314.402		20.3198		-21.3261		-1.00631		17.4499
		11820		1.182e-11		300.091		19.3949		-20.4012		-1.00625		17.6242
		11880		1.188e-11		301.037		19.456		-20.4622		-1.00621		17.8226
		11940		1.194e-11		309.883		20.0278		-21.034		-1.00626		17.9761
		12000		1.2e-11		297.154		19.205		-20.2113		-1.00623		18.0866
		12060		1.206e-11		297.05		19.1983		-20.2045		-1.0062		18.1951
		12120		1.212e-11		296.879		19.1873		-20.1936		-1.00625		18.3232
		12180		1.218e-11		291.026		18.809		-19.8152		-1.00621		18.4236
		12240		1.224e-11		304.584		19.6852		-20.6915		-1.00628		18.4722
		12300		1.23e-11		290.024		18.7443		-19.7505		-1.00624		18.4888
		12360		1.236e-11		292.867		18.928		-19.9342		-1.00622		18.521
		12420		1.242e-11		297.858		19.2505		-20.2568		-1.00625		18.5402
		12480		1.248e-11		293.372		18.9606		-19.9668		-1.00621		18.5226
		12540		1.254e-11		311.461		20.1297		-21.136		-1.00627		18.482
		12600		1.26e-11		327.34		21.156		-22.1622		-1.00624		18.4846
		12660		1.266e-11		319.304		20.6366		-21.6428		-1.00623		18.5271
		12720		1.272e-11		304.161		19.6579		-20.6642		-1.00625		18.5925
		12780		1.278e-11		305.787		19.763		-20.7693		-1.00624		18.6365
		12840		1.284e-11		307.719		19.8879		-20.8941		-1.00621		18.6713
		12900		1.29e-11		307.309		19.8614		-20.8677		-1.00629		18.7202
		12960		1.296e-11		290.686		18.787		-19.7932		-1.00618		18.7607
		13020		1.302e-11		297.025		19.1967		-20.203		-1.00623		18.8529
		13080		1.308e-11		291.234		18.8224		-19.8287		-1.00623		19.0084
		13140		1.314e-11		293.218		18.9506		-19.9568		-1.00618		19.1893
		13200		1.32e-11		301.138		19.4626		-20.4688		-1.00623		19.3737
		13260		1.326e-11		304.479		19.6784		-20.6847		-1.00624		19.4977
		13320		1.332e-11		297.171		19.2062		-20.2124		-1.00623		19.5898
		13380		1.338e-11		286.601		18.523		-19.5292		-1.0062		19.6707
		13440		1.344e-11		299.977		19.3875		-20.3938		-1.00624		19.7555
		13500		1.35e-11		312.841		20.2189		-21.2252		-1.00631		19.8517
		13560		1.356e-11		310.109		20.0423		-21.0485		-1.00619		19.9132
		13620		1.362e-11		306.601		19.8156		-20.8219		-1.0063		19.9519
		13680		1.368e-11		293.799		18.9882		-19.9944		-1.00622		19.9389
		13740		1.374e-11		306.43		19.8046		-20.8108		-1.00624		19.8828
		13800		1.38e-11		309.154		19.9806		-20.9869		-1.0063		19.8945
		13860		1.386e-11		291.84		18.8616		-19.8678		-1.00619		19.9598
		13920		1.392e-11		292.085		18.8774		-19.8836		-1.00614		20.0288
		13980		1.398e-11		313.409		20.2556		-21.2619		-1.00629		20.1078
		14040		1.404e-11		298.948		19.321		-20.3272		-1.00617		20.1733
		14100		1.41e-11		310.311		20.0554		-21.0618		-1.00634		20.2392
		14160		1.416e-11		296.337		19.1523		-20.1585		-1.00619		20.3855
		14220		1.422e-11		312.696		20.2095		-21.2158		-1.00627		20.6093
		14280		1.428e-11		302.95		19.5797		-20.5859		-1.0062		20.8399
		14340		1.434e-11		306.878		19.8335		-20.8398		-1.00625		21.0532
		14400		1.44e-11		299.91		19.3832		-20.3894		-1.0062		21.2602
		14460		1.446e-11		298.087		19.2654		-20.2716		-1.00623		21.407
		14520		1.452e-11		291.458		18.837		-19.8432		-1.00621		21.4805
		14580		1.458e-11		305.675		19.7557		-20.762		-1.00628		21.4835
		14640		1.464e-11		298.309		19.2797		-20.2859		-1.00619		21.5191
		14700		1.47e-11		292.646		18.9137		-19.9199		-1.00615		21.5971
		14760		1.476e-11		307.455		19.8708		-20.8771		-1.00626		21.7005
		14820		1.482e-11		299.549		19.3598		-20.366		-1.0062		21.8045
		14880		1.488e-11		296.313		19.1507		-20.1569		-1.00621		21.9022
		14940		1.494e-11		292.816		18.9247		-19.9309		-1.0062		22.006
		15000		1.5e-11		308.795		19.9574		-20.9637		-1.00629		22.032
		15060		1.506e-11		300.299		19.4083		-20.4145		-1.00619		22.0033
		15120		1.512e-11		305.168		19.723		-20.7292		-1.00622		22.0361
		15180		1.518e-11		304.327		19.6687		-20.6749		-1.00624		22.1482
		15240		1.524e-11		302.957		19.5801		-20.5864		-1.00624		22.3109
		15300		1.53e-11		308.199		19.9189		-20.9251		-1.00619		22.4921
		15360		1.536e-11		305.502		19.7446		-20.7508		-1.00621		22.6342
		15420		1.542e-11		303.557		19.6189		-20.6251		-1.00621		22.7506
		15480		1.548e-11		301.154		19.4635		-20.4698		-1.00621		22.8462
		15540		1.554e-11		293.316		18.957		-19.9632		-1.00618		22.9966
		15600		1.56e-11		305.3		19.7315		-20.7378		-1.00626		23.234
		15660		1.566e-11		301.941		19.5145		-20.5207		-1.00623		23.4767
		15720		1.572e-11		290.26		18.7595		-19.7656		-1.00615		23.5992
		15780		1.578e-11		304.678		19.6913		-20.6975		-1.00622		23.5933
		15840		1.584e-11		305.737		19.7598		-20.766		-1.00619		23.5781
		15900		1.59e-11		300.082		19.3943		-20.4005		-1.00619		23.6
		15960		1.596e-11		301.244		19.4694		-20.4756		-1.00618		23.708
		16020		1.602e-11		300.014		19.3899		-20.3961		-1.00621		23.8914
		16080		1.608e-11		308.633		19.9469		-20.9532		-1.00623		24.0841
		16140		1.614e-11		318.022		20.5538		-21.56		-1.00627		24.2817
		16200		1.62e-11		303.438		19.6112		-20.6174		-1.00618		24.5091
		16260		1.626e-11		309.848		20.0255		-21.0317		-1.00623		24.7553
		16320		1.632e-11		308.785		19.9568		-20.963		-1.00627		24.9386
		16380		1.638e-11		295.329		19.0871		-20.0933		-1.00617		25.0757
		16440		1.644e-11		309.754		20.0194		-21.0257		-1.00629		25.1619
		16500		1.65e-11		304.624		19.6878		-20.6941		-1.00623		25.2167
		16560		1.656e-11		307.772		19.8913		-20.8975		-1.00627		25.2874
		16620		1.662e-11		303.515		19.6162		-20.6225		-1.00626		25.3244
		16680		1.668e-11		301.057		19.4573		-20.4637		-1.00632		25.377
		16740		1.674e-11		294.79		19.0523		-20.0585		-1.00624		25.4743
		16800		1.68e-11		301.732		19.5009		-20.5072		-1.0063		25.5315
		16860		1.686e-11		295.269		19.0832		-20.0894		-1.00618		25.5757
		16920		1.692e-11		320.122		20.6895		-21.6957		-1.00627		25.6461
		16980		1.698e-11		310.73		20.0825		-21.0887		-1.00624		25.7867
		17040		1.704e-11		315.08		20.3636		-21.3699		-1.00629		25.9475
		17100		1.71e-11		296.22		19.1447		-20.1509		-1.00619		26.0516
		17160		1.716e-11		300.267		19.4062		-20.4125		-1.00624		26.0798
		17220		1.722e-11		313.815		20.2819		-21.2882		-1.0063		26.0919
		17280		1.728e-11		311.436		20.1281		-21.1344		-1.00628		26.1333
		17340		1.734e-11		315.143		20.3677		-21.374		-1.00627		26.2286
		17400		1.74e-11		304.973		19.7104		-20.7166		-1.0062		26.3492
		17460		1.746e-11		315.015		20.3594		-21.3657		-1.00627		26.4767
		17520		1.752e-11		300.937		19.4496		-20.4558		-1.00619		26.6278
		17580		1.758e-11		298.536		19.2944		-20.3007		-1.00629		26.7543
		17640		1.764e-11		308.59		19.9442		-20.9505		-1.00627		26.8378
		17700		1.77e-11		317.213		20.5015		-21.5078		-1.00626		26.9273
		17760		1.776e-11		304.981		19.7109		-20.7171		-1.00622		27.0144
		17820		1.782e-11		301.532		19.488		-20.4942		-1.00622		27.139
		17880		1.788e-11		314.19		20.3061		-21.3124		-1.0063		27.333
		17940		1.794e-11		299.953		19.3859		-20.3922		-1.00625		27.5727
		18000		1.8e-11		308.716		19.9523		-20.9586		-1.00629		27.7657
		18060		1.806e-11		302.311		19.5384		-20.5446		-1.00623		27.933
		18120		1.812e-11		309.451		19.9998		-21.006		-1.00626		28.1641
		18180		1.818e-11		307.543		19.8765		-20.8827		-1.0062		28.4437
		18240		1.824e-11		300.855		19.4442		-20.4505		-1.00623		28.6718
		18300		1.83e-11		292.399		18.8978		-19.904		-1.0062		28.8271
		18360		1.836e-11		303.604		19.6219		-20.6282		-1.00629		28.9275
		18420		1.842e-11		304.418		19.6745		-20.6808		-1.00624		28.9823
		18480		1.848e-11		317.251		20.5039		-21.5102		-1.00631		29.0115
		18540		1.854e-11		301.803		19.5056		-20.5117		-1.00617		29.0341
		18600		1.86e-11		300.474		19.4196		-20.4259		-1.00626		29.0915
		18660		1.866e-11		296.068		19.1349		-20.1411		-1.00626		29.185
		18720		1.872e-11		294.427		19.0288		-20.0351		-1.00627		29.313
		18780		1.878e-11		300.132		19.3976		-20.4038		-1.00627		29.3916
		18840		1.884e-11		295.778		19.1162		-20.1224		-1.00628		29.4334
		18900		1.89e-11		284.119		18.3626		-19.3688		-1.00625		29.5215
		18960		1.896e-11		284.996		18.4193		-19.4255		-1.00623		29.6413
		19020		1.902e-11		304.246		19.6634		-20.6697		-1.00629		29.7494
		19080		1.908e-11		295.502		19.0983		-20.1045		-1.00625		29.8426
		19140		1.914e-11		298.605		19.2988		-20.3051		-1.00632		29.9424
		19200		1.92e-11		309.4		19.9965		-21.0028		-1.00631		29.9947
		19260		1.926e-11		296.86		19.186		-20.1923		-1.00625		30.0256
		19320		1.932e-11		294.434		19.0293		-20.0356		-1.00632		30.1022
		19380		1.938e-11		293.335		18.9583		-19.9645		-1.00625		30.1889
		19440		1.944e-11		290.623		18.783		-19.7892		-1.00623		30.3334
		19500		1.95e-11		300.027		19.3908		-20.397		-1.00622		30.5377
		19560		1.956e-11		316.398		20.4488		-21.455		-1.00625		30.7077
		19620		1.962e-11		302.374		19.5424		-20.5486		-1.0062		30.7645
		19680		1.968e-11		308.941		19.9668		-20.9731		-1.00629		30.7874
		19740		1.974e-11		313.689		20.2737		-21.2799		-1.0062		30.8453
		19800		1.98e-11		313.833		20.283		-21.2893		-1.0063		30.9622
		19860		1.986e-11		310.441		20.0638		-21.07		-1.00627		31.1021
		19920		1.992e-11		310.264		20.0524		-21.0586		-1.00623		31.1739
		19980		1.998e-11		310.225		20.0498		-21.0562		-1.00632		31.2105
		20040		2.004e-11		304.668		19.6907		-20.697		-1.00624		31.3071
		20100		2.01e-11		312.809		20.2168		-21.2232		-1.00636		31.4787
		20160		2.016e-11		296.675		19.1741		-20.1803		-1.0062		31.6142
		20220		2.022e-11		314.131		20.3023		-21.3085		-1.00628		31.6584
		20280		2.028e-11		308.008		19.9065		-20.9128		-1.00626		31.7222
		20340		2.034e-11		309.242		19.9863		-20.9926		-1.00631		31.8107
		20400		2.04e-11		301.77		19.5034		-20.5096		-1.00627		31.8875
		20460		2.046e-11		302.496		19.5503		-20.5566		-1.00625		31.8956
		20520		2.052e-11		298.633		19.3006		-20.3069		-1.00623		31.8523
		20580		2.058e-11		300.039		19.3915		-20.3978		-1.00624		31.8565
		20640		2.064e-11		301.327		19.4748		-20.481		-1.00625		31.967
		20700		2.07e-11		305.461		19.7419		-20.7482		-1.00628		32.0656
		20760		2.076e-11		301.95		19.515		-20.5212		-1.00618		32.1308
		20820		2.082e-11		310.893		20.093		-21.0993		-1.00626		32.231
		20880		2.088e-11		299.657		19.3668		-20.373		-1.00615		32.3622
		20940		2.094e-11		300.447		19.4179		-20.4241		-1.00625		32.3989
		21000		2.1e-11		293.279		18.9546		-19.9608		-1.00616		32.3931
		21060		2.106e-11		309.895		20.0285		-21.0349		-1.00635		32.4286
		21120		2.112e-11		303.569		19.6197		-20.6259		-1.00626		32.5009
		21180		2.118e-11		304.387		19.6726		-20.6788		-1.0062		32.5952
		21240		2.124e-11		290.697		18.7877		-19.7939		-1.0062		32.6444
		21300		2.13e-11		294.204		19.0144		-20.0207		-1.00626		32.6839
		21360		2.136e-11		312.783		20.2152		-21.2215		-1.0063		32.7611
		21420		2.142e-11		297.627		19.2356		-20.2418		-1.00621		32.8689
		21480		2.148e-11		303.324		19.6038		-20.6101		-1.00629		32.9477
		21540		2.154e-11		292.574		18.909		-19.9152		-1.00617		33.0024
		21600		2.16e-11		294.737		19.0489		-20.0552		-1.00629		32.9988
		21660		2.166e-11		291.674		18.8509		-19.8571		-1.00621		32.9701
		21720		2.172e-11		307.328		19.8626		-20.8689		-1.00627		32.9717
		21780		2.178e-11		303.846		19.6376		-20.6437		-1.00616		32.9844
		21840		2.184e-11		304.254		19.6639		-20.6702		-1.00624		33.0445
		21900		2.19e-11		293.367		18.9603		-19.9665		-1.0062		33.1778
		21960		2.196e-11		310.704		20.0808		-21.0871		-1.00626		33.3413
		22020		2.202e-11		307.972		19.9042		-20.9105		-1.00623		33.5031
		22080		2.208e-11		305.077		19.7171		-20.7233		-1.00621		33.6415
		22140		2.214e-11		306.452		19.806		-20.8123		-1.0063		33.7582
		22200		2.22e-11		298.493		19.2916		-20.2979		-1.00627		33.9249
		22260		2.226e-11		299.843		19.3789		-20.3851		-1.00624		34.1325
		22320		2.232e-11		309.202		19.9837		-20.9901		-1.00634		34.3756
		22380		2.238e-11		304.533		19.682		-20.6882		-1.00619		34.6287
		22440		2.244e-11		321.495		20.7782		-21.7845		-1.0063		34.8338
		22500		2.25e-11		299.954		19.386		-20.3922		-1.00619		35.0298
		22560		2.256e-11		310.624		20.0756		-21.0818		-1.00623		35.2126
		22620		2.262e-11		317.929		20.5478		-21.554		-1.00625		35.4421
		22680		2.268e-11		305.138		19.7211		-20.7273		-1.00623		35.6234
		22740		2.274e-11		296.184		19.1424		-20.1486		-1.00622		35.7569
		22800		2.28e-11		301.756		19.5025		-20.5088		-1.00627		35.9376
		22860		2.286e-11		297.889		19.2526		-20.2587		-1.00615		36.1713
		22920		2.292e-11		303.458		19.6125		-20.6187		-1.00623		36.3891
		22980		2.298e-11		304.277		19.6654		-20.6717		-1.00625		36.5924
		23040		2.304e-11		309.676		20.0144		-21.0206		-1.00624		36.7588
		23100		2.31e-11		309.115		19.9781		-20.9843		-1.00626		36.766
		23160		2.316e-11		304.604		19.6865		-20.6928		-1.00622		36.6809
		23220		2.322e-11		306.621		19.8169		-20.8232		-1.00629		36.6961
		23280		2.328e-11		295.253		19.0822		-20.0884		-1.00623		36.8246
		23340		2.334e-11		294.629		19.0419		-20.048		-1.00613		36.8948
		23400		2.34e-11		316.626		20.4635		-21.4698		-1.00628		36.8702
		23460		2.346e-11		309.574		20.0077		-21.0141		-1.00631		36.8532
		23520		2.352e-11		296.088		19.1362		-20.1424		-1.00624		36.9173
		23580		2.358e-11		298.707		19.3054		-20.3116		-1.00618		37.0217
		23640		2.364e-11		300.189		19.4012		-20.4074		-1.00616		37.1711
		23700		2.37e-11		311.066		20.1042		-21.1105		-1.00628		37.3223
		23760		2.376e-11		296.145		19.1399		-20.1461		-1.00623		37.4198
		23820		2.382e-11		298.415		19.2866		-20.2929		-1.00628		37.496
		23880		2.388e-11		309.465		20.0007		-21.0071		-1.00636		37.6268
		23940		2.394e-11		288.433		18.6414		-19.6477		-1.00623		37.7846
		24000		2.4e-11		298.397		19.2854		-20.2917		-1.00627		37.8251
		24060		2.406e-11		308.229		19.9209		-20.9271		-1.00625		37.821
		24120		2.412e-11		316.033		20.4252		-21.4314		-1.00621		37.8246
		24180		2.418e-11		303.242		19.5986		-20.6048		-1.00624		37.8403
		24240		2.424e-11		310.867		20.0913		-21.0977		-1.00637		37.9312
		24300		2.43e-11		302.561		19.5545		-20.5607		-1.00624		38.129
		24360		2.436e-11		290.256		18.7593		-19.7655		-1.0062		38.3229
		24420		2.442e-11		311.446		20.1287		-21.1351		-1.00637		38.3757
		24480		2.448e-11		297.625		19.2355		-20.2417		-1.00618		38.3697
		24540		2.454e-11		301.894		19.5114		-20.5176		-1.00621		38.5246
		24600		2.46e-11		295.735		19.1133		-20.1195		-1.00618		38.7818
		24660		2.466e-11		300.755		19.4378		-20.444		-1.00621		39.0031
		24720		2.472e-11		316.509		20.456		-21.4622		-1.00627		39.1973
		24780		2.478e-11		298.783		19.3103		-20.3165		-1.00619		39.4435
		24840		2.484e-11		312.983		20.2281		-21.2344		-1.0063		39.6993
		24900		2.49e-11		317.438		20.516		-21.5223		-1.00628		39.923
		24960		2.496e-11		301.744		19.5017		-20.5079		-1.00624		40.0369
		25020		2.502e-11		304.14		19.6565		-20.6628		-1.00622		40.0514
		25080		2.508e-11		308.456		19.9355		-20.9418		-1.00626		40.0683
		25140		2.514e-11		311.661		20.1426		-21.1489		-1.00623		40.1331
		25200		2.52e-11		304.255		19.664		-20.6703		-1.00624		40.2659
		25260		2.526e-11		299.067		19.3287		-20.335		-1.00626		40.3873
		25320		2.532e-11		298.838		19.3139		-20.3202		-1.00627		40.522
		25380		2.538e-11		299.699		19.3696		-20.3758		-1.00625		40.7038
		25440		2.544e-11		304.211		19.6612		-20.6674		-1.00627		40.8476
		25500		2.55e-11		301.002		19.4538		-20.46		-1.00619		40.9003
		25560		2.556e-11		315.667		20.4015		-21.4078		-1.00626		40.9457
		25620		2.562e-11		309.339		19.9926		-20.9988		-1.00629		41.0601
		25680		2.568e-11		299.947		19.3856		-20.3918		-1.00619		41.2583
		25740		2.574e-11		316.587		20.461		-21.4674		-1.00635		41.4946
		25800		2.58e-11		295.116		19.0734		-20.0795		-1.00618		41.7252
		25860		2.586e-11		298.886		19.317		-20.3232		-1.00625		41.8677
		25920		2.592e-11		302.666		19.5613		-20.5676		-1.00632		41.9101
		25980		2.598e-11		301.269		19.471		-20.4772		-1.00623		41.9734
		26040		2.604e-11		306.44		19.8052		-20.8115		-1.00623		42.0668
		26100		2.61e-11		308.426		19.9336		-20.9398		-1.00622		42.1727
		26160		2.616e-11		312.255		20.181		-21.1873		-1.00625		42.2513
		26220		2.622e-11		299.173		19.3355		-20.3417		-1.00621		42.3182
		26280		2.628e-11		296.579		19.1679		-20.1741		-1.00622		42.4521
		26340		2.634e-11		298.169		19.2706		-20.2769		-1.00626		42.7013
		26400		2.64e-11		291.021		18.8087		-19.815		-1.00626		42.9319
		26460		2.646e-11		289.006		18.6785		-19.6847		-1.00619		43.0598
		26520		2.652e-11		305.174		19.7234		-20.7296		-1.00623		43.154
		26580		2.658e-11		295.646		19.1076		-20.1138		-1.00618		43.2045
		26640		2.664e-11		289.395		18.7036		-19.7098		-1.00618		43.1975
		26700		2.67e-11		302.153		19.5281		-20.5344		-1.00631		43.2571
		26760		2.676e-11		285.046		18.4225		-19.4287		-1.00619		43.3749
		26820		2.682e-11		297.005		19.1954		-20.2017		-1.00627		43.5226
		26880		2.688e-11		306.65		19.8188		-20.8251		-1.00632		43.6859
		26940		2.694e-11		298.439		19.2881		-20.2943		-1.00617		43.8789
		27000		2.7e-11		319.193		20.6295		-21.6358		-1.00629		44.0659
		27060		2.706e-11		307.687		19.8858		-20.892		-1.0062		44.2565
		27120		2.712e-11		299.101		19.3309		-20.337		-1.00613		44.3604
		27180		2.718e-11		308.47		19.9364		-20.9427		-1.0063		44.4462
		27240		2.724e-11		300.151		19.3987		-20.4049		-1.00618		44.4831
		27300		2.73e-11		306.724		19.8236		-20.8297		-1.00617		44.411
		27360		2.736e-11		301.019		19.4548		-20.461		-1.00621		44.4113
		27420		2.742e-11		299.166		19.3351		-20.3413		-1.00623		44.4681
		27480		2.748e-11		302.485		19.5496		-20.5558		-1.0062		44.4699
		27540		2.754e-11		309.987		20.0345		-21.0408		-1.00629		44.4005
		27600		2.76e-11		294.445		19.03		-20.0362		-1.00623		44.3267
		27660		2.766e-11		301.586		19.4915		-20.4978		-1.0063		44.3027
		27720		2.772e-11		296.172		19.1416		-20.1478		-1.00625		44.3582
		27780		2.778e-11		308.196		19.9187		-20.925		-1.0063		44.4497
		27840		2.784e-11		292.759		18.921		-19.9271		-1.00615		44.5106
		27900		2.79e-11		304.923		19.7072		-20.7135		-1.00627		44.6077
		27960		2.796e-11		304.083		19.6529		-20.6591		-1.00627		44.7193
		28020		2.802e-11		307.775		19.8915		-20.8977		-1.00623		44.7502
		28080		2.808e-11		303.989		19.6468		-20.653		-1.00617		44.7986
		28140		2.814e-11		301.294		19.4726		-20.4789		-1.00629		44.8687
		28200		2.82e-11		293.21		18.9502		-19.9563		-1.00616		44.8905
		28260		2.826e-11		303.253		19.5992		-20.6055		-1.00626		44.9247
		28320		2.832e-11		302.22		19.5325		-20.5387		-1.00627		45.0643
		28380		2.838e-11		293.101		18.9431		-19.9493		-1.00623		45.226
		28440		2.844e-11		290.054		18.7462		-19.7524		-1.00625		45.2488
		28500		2.85e-11		308.719		19.9525		-20.9588		-1.00629		45.1961
		28560		2.856e-11		305.113		19.7195		-20.7257		-1.0062		45.1595
		28620		2.862e-11		303		19.5829		-20.5891		-1.00624		45.107
		28680		2.868e-11		300.152		19.3988		-20.405		-1.00618		45.0392
		28740		2.874e-11		297.007		19.1956		-20.2018		-1.0062		44.9843
		28800		2.88e-11		295.676		19.1096		-20.1158		-1.00625		44.9489
		28860		2.886e-11		300.653		19.4312		-20.4375		-1.00626		44.9672
		28920		2.892e-11		303.274		19.6006		-20.6069		-1.00627		45.0613
		28980		2.898e-11		292.178		18.8835		-19.8897		-1.00617		45.129
		29040		2.904e-11		299.711		19.3703		-20.3766		-1.00626		45.1533
		29100		2.91e-11		304.333		19.669		-20.6753		-1.00623		45.2037
		29160		2.916e-11		307.706		19.887		-20.8933		-1.00626		45.3522
		29220		2.922e-11		305.182		19.7239		-20.7301		-1.00618		45.5459
		29280		2.928e-11		303.558		19.6189		-20.6252		-1.00622		45.7313
		29340		2.934e-11		298.175		19.271		-20.2773		-1.00627		45.9594
		29400		2.94e-11		296.358		19.1536		-20.1599		-1.00622		46.2737
		29460		2.946e-11		304.062		19.6515		-20.6578		-1.00626		46.6155
		29520		2.952e-11		299.776		19.3746		-20.3808		-1.00622		46.8627
		29580		2.958e-11		292.251		18.8882		-19.8944		-1.0062		47.0427
		29640		2.964e-11		291.934		18.8677		-19.8739		-1.00622		47.2113
		29700		2.97e-11		292.736		18.9196		-19.9257		-1.00616		47.2853
		29760		2.976e-11		298.702		19.3051		-20.3114		-1.00628		47.2733
		29820		2.982e-11		292.146		18.8814		-19.8876		-1.00624		47.1871
		29880		2.988e-11		290.166		18.7534		-19.7596		-1.00616		47.1647
		29940		2.994e-11		312.025		20.1662		-21.1725		-1.00633		47.2425
		30000		3e-11		300.014		19.3899		-20.3961		-1.00621		47.3313
		30060		3.006e-11		297.558		19.2312		-20.2374		-1.0062		47.4112
		30120		3.012e-11		293.51		18.9696		-19.9758		-1.00622		47.4955
		30180		3.018e-11		294.604		19.0403		-20.0465		-1.00628		47.5956
		30240		3.024e-11		301.491		19.4853		-20.4916		-1.00626		47.7677
		30300		3.03e-11		304.547		19.6829		-20.6891		-1.00629		47.998
		30360		3.036e-11		301.569		19.4904		-20.4966		-1.00624		48.168
		30420		3.042e-11		290.903		18.8011		-19.8073		-1.00618		48.264
		30480		3.048e-11		294.121		19.009		-20.0153		-1.00625		48.361
		30540		3.054e-11		298.441		19.2882		-20.2945		-1.00624		48.3878
		30600		3.06e-11		297.261		19.212		-20.2182		-1.00622		48.3361
		30660		3.066e-11		293.808		18.9888		-19.995		-1.00623		48.3879
		30720		3.072e-11		291.969		18.87		-19.8762		-1.00623		48.5962
		30780		3.078e-11		289.703		18.7235		-19.7297		-1.00617		48.7335
		30840		3.084e-11		315.278		20.3764		-21.3827		-1.0063		48.6745
		30900		3.09e-11		294.787		19.0521		-20.0582		-1.00612		48.6037
		30960		3.096e-11		305.743		19.7602		-20.7664		-1.00626		48.615
		31020		3.102e-11		301.591		19.4918		-20.498		-1.0062		48.7234
		31080		3.108e-11		301.213		19.4674		-20.4736		-1.00624		48.8345
		31140		3.114e-11		301.143		19.4629		-20.4691		-1.00621		48.8341
		31200		3.12e-11		305.48		19.7432		-20.7495		-1.00633		48.7777
		31260		3.126e-11		300.184		19.4009		-20.4072		-1.0063		48.7405
		31320		3.132e-11		294.004		19.0015		-20.0077		-1.00619		48.7784
		31380		3.138e-11		294.549		19.0367		-20.0429		-1.00622		48.9033
		31440		3.144e-11		296.205		19.1438		-20.1499		-1.00616		48.9492
		31500		3.15e-11		303.06		19.5868		-20.5931		-1.00629		48.9241
		31560		3.156e-11		286.284		18.5025		-19.5087		-1.00618		48.9567
		31620		3.162e-11		304.776		19.6977		-20.7039		-1.00625		49.0137
		31680		3.168e-11		307.171		19.8524		-20.8586		-1.00622		49.0823
		31740		3.174e-11		301.678		19.4974		-20.5037		-1.00624		49.2053
		31800		3.18e-11		285.815		18.4722		-19.4784		-1.00621		49.4383
		31860		3.186e-11		296.804		19.1824		-20.1887		-1.00629		49.71
		31920		3.192e-11		290.523		18.7765		-19.7827		-1.00618		49.9693
		31980		3.198e-11		303.544		19.6181		-20.6243		-1.00622		50.1465
		32040		3.204e-11		303.878		19.6396		-20.6459		-1.00624		50.2186
		32100		3.21e-11		301.866		19.5096		-20.5158		-1.00623		50.2128
		32160		3.216e-11		308.85		19.961		-20.9672		-1.00627		50.2076
		32220		3.222e-11		307.525		19.8753		-20.8816		-1.00624		50.3229
		32280		3.228e-11		305.303		19.7317		-20.7379		-1.00619		50.5482
		32340		3.234e-11		313.985		20.2929		-21.2991		-1.00624		50.7186
		32400		3.24e-11		293.312		18.9568		-19.963		-1.00623		50.8079
		32460		3.246e-11		297.612		19.2346		-20.2409		-1.00624		50.8199
		32520		3.252e-11		311.218		20.114		-21.1203		-1.00625		50.7838
		32580		3.258e-11		298.225		19.2743		-20.2805		-1.00619		50.8157
		32640		3.264e-11		292.457		18.9015		-19.9077		-1.00622		50.9597
		32700		3.27e-11		296.968		19.193		-20.1993		-1.00625		51.1213
		32760		3.276e-11		295.013		19.0667		-20.0729		-1.00619		51.1709
		32820		3.282e-11		304.069		19.652		-20.6582		-1.00626		51.1319
		32880		3.288e-11		297.031		19.1971		-20.2033		-1.00616		51.2051
		32940		3.294e-11		308.014		19.907		-20.9132		-1.00628		51.2741
		33000		3.3e-11		307.348		19.8639		-20.8702		-1.00625		51.3315
		33060		3.306e-11		295.351		19.0885		-20.0947		-1.00617		51.4034
		33120		3.312e-11		301.155		19.4636		-20.4699		-1.00627		51.5245
		33180		3.318e-11		295.77		19.1156		-20.1218		-1.00619		51.6376
		33240		3.324e-11		303.601		19.6217		-20.6279		-1.0062		51.7167
		33300		3.33e-11		303.254		19.5993		-20.6055		-1.00617		51.859
		33360		3.336e-11		300.331		19.4104		-20.4166		-1.00621		51.9882
		33420		3.342e-11		305.609		19.7515		-20.7578		-1.00632		52.0509
		33480		3.348e-11		297.998		19.2596		-20.2659		-1.00623		52.0563
		33540		3.354e-11		300.983		19.4525		-20.4588		-1.00628		52.0338
		33600		3.36e-11		287.741		18.5967		-19.6029		-1.00618		51.9443
		33660		3.366e-11		295.709		19.1117		-20.1179		-1.00618		51.8171
		33720		3.372e-11		323.752		20.9241		-21.9305		-1.00634		51.7393
		33780		3.378e-11		307.365		19.865		-20.8712		-1.00617		51.7423
		33840		3.384e-11		308.587		19.9439		-20.9502		-1.0063		51.8697
		33900		3.39e-11		293.552		18.9722		-19.9784		-1.00616		52.1403
		33960		3.396e-11		309.171		19.9817		-20.988		-1.00626		52.4383
		34020		3.402e-11		312.908		20.2232		-21.2295		-1.00628		52.6299
		34080		3.408e-11		311.105		20.1067		-21.113		-1.00628		52.7804
		34140		3.414e-11		309.667		20.0138		-21.02		-1.00627		52.94
		34200		3.42e-11		294.623		19.0415		-20.0477		-1.00624		53.1343
		34260		3.426e-11		300.142		19.3982		-20.4044		-1.00625		53.3247
		34320		3.432e-11		297.325		19.2161		-20.2223		-1.00619		53.4141
		34380		3.438e-11		304.925		19.7073		-20.7136		-1.00631		53.4123
		34440		3.444e-11		293.661		18.9793		-19.9855		-1.0062		53.4276
		34500		3.45e-11		295.234		19.081		-20.0873		-1.00631		53.5412
		34560		3.456e-11		303.012		19.5836		-20.5899		-1.00627		53.6662
		34620		3.462e-11		309.927		20.0306		-21.0368		-1.00625		53.7439
		34680		3.468e-11		296.551		19.1661		-20.1723		-1.00622		53.7727
		34740		3.474e-11		305.413		19.7389		-20.7451		-1.00623		53.8182
		34800		3.48e-11		318.696		20.5973		-21.6036		-1.00629		54.049
		34860		3.486e-11		314.329		20.3151		-21.3214		-1.00634		54.3423
		34920		3.492e-11		297.587		19.233		-20.2393		-1.00622		54.5232
		34980		3.498e-11		313.981		20.2926		-21.2989		-1.00633		54.5791
		35040		3.504e-11		304.294		19.6665		-20.6728		-1.00626		54.6445
		35100		3.51e-11		301.558		19.4897		-20.4959		-1.0062		54.766
		35160		3.516e-11		319.147		20.6265		-21.6328		-1.00631		54.903
		35220		3.522e-11		307.178		19.8529		-20.8591		-1.00619		55.0263
		35280		3.528e-11		296.576		19.1677		-20.1738		-1.00614		55.1162
		35340		3.534e-11		299.558		19.3604		-20.3667		-1.00625		55.0705
		35400		3.54e-11		309.708		20.0164		-21.0228		-1.00638		54.8895
		35460		3.546e-11		288.083		18.6188		-19.625		-1.00624		54.6793
		35520		3.552e-11		289.149		18.6877		-19.694		-1.00626		54.5637
		35580		3.558e-11		309.948		20.032		-21.0383		-1.0063		54.5673
		35640		3.564e-11		301.573		19.4907		-20.4969		-1.00624		54.5232
		35700		3.57e-11		290.671		18.7861		-19.7923		-1.0062		54.343
		35760		3.576e-11		304.346		19.6699		-20.6761		-1.00625		54.1615
		35820		3.582e-11		314.453		20.3231		-21.3294		-1.00628		54.1761
		35880		3.588e-11		308.079		19.9112		-20.9174		-1.00625		54.3801
		35940		3.594e-11		300.416		19.4159		-20.4221		-1.00623		54.6084
		36000		3.6e-11		295.588		19.1038		-20.11		-1.00614		54.8064
		36060		3.606e-11		302.263		19.5353		-20.5415		-1.00626		55.0348
		36120		3.612e-11		299.738		19.372		-20.3783		-1.0063		55.2921
		36180		3.618e-11		299.174		19.3356		-20.3418		-1.0062		55.525
		36240		3.624e-11		306.79		19.8278		-20.8341		-1.00624		55.7199
		36300		3.63e-11		310.418		20.0623		-21.0686		-1.00621		55.9311
		36360		3.636e-11		319.175		20.6283		-21.6346		-1.0063		56.1242
		36420		3.642e-11		315.069		20.3629		-21.3693		-1.00637		56.2998
		36480		3.648e-11		293.645		18.9783		-19.9845		-1.00616		56.4056
		36540		3.654e-11		306.124		19.7848		-20.7911		-1.00626		56.3737
		36600		3.66e-11		305.172		19.7233		-20.7296		-1.00626		56.3278
		36660		3.666e-11		304.454		19.6769		-20.6832		-1.00628		56.4308
		36720		3.672e-11		301.852		19.5087		-20.5149		-1.00623		56.6863
		36780		3.678e-11		315.004		20.3587		-21.365		-1.00628		56.8912
		36840		3.684e-11		303.497		19.615		-20.6213		-1.00624		56.9621
		36900		3.69e-11		292.25		18.8881		-19.8944		-1.00626		56.8681
		36960		3.696e-11		291.755		18.8562		-19.8623		-1.0062		56.7282
		37020		3.702e-11		298.624		19.3		-20.3063		-1.00627		56.6787
		37080		3.708e-11		294.962		19.0634		-20.0696		-1.0062		56.7554
		37140		3.714e-11		312.416		20.1914		-21.1977		-1.00629		56.8604
		37200		3.72e-11		307.357		19.8645		-20.8708		-1.00632		57.0146
		37260		3.726e-11		292.688		18.9165		-19.9226		-1.00614		57.1829
		37320		3.732e-11		318.916		20.6115		-21.6179		-1.0063		57.3249
		37380		3.738e-11		306.019		19.778		-20.7842		-1.00621		57.5106
		37440		3.744e-11		311.481		20.131		-21.1373		-1.00626		57.708
		37500		3.75e-11		309.075		19.9755		-20.9817		-1.00617		57.7924
		37560		3.756e-11		299.421		19.3516		-20.3578		-1.00622		57.7599
		37620		3.762e-11		290.665		18.7857		-19.7919		-1.00622		57.7307
		37680		3.768e-11		302.199		19.5311		-20.5375		-1.00632		57.801
		37740		3.774e-11		292.027		18.8737		-19.8799		-1.00625		57.9079
		37800		3.78e-11		291.772		18.8572		-19.8635		-1.00624		57.9308
		37860		3.786e-11		307.72		19.8879		-20.8942		-1.00626		57.8843
		37920		3.792e-11		320.027		20.6834		-21.6896		-1.00625		57.9531
		37980		3.798e-11		311.519		20.1335		-21.1397		-1.00626		58.1121
		38040		3.804e-11		306.53		19.8111		-20.8173		-1.00627		58.2934
		38100		3.81e-11		311.372		20.124		-21.1301		-1.00617		58.4535
		38160		3.816e-11		307.188		19.8536		-20.8598		-1.00623		58.6384
		38220		3.822e-11		299.353		19.3472		-20.3534		-1.00628		58.8169
		38280		3.828e-11		298.737		19.3074		-20.3136		-1.00624		58.9686
		38340		3.834e-11		300.442		19.4176		-20.4238		-1.00627		59.0205
		38400		3.84e-11		304.318		19.6681		-20.6743		-1.00626		59.0005
		38460		3.846e-11		296.209		19.144		-20.1502		-1.00621		58.9988
		38520		3.852e-11		299.256		19.3409		-20.3471		-1.00625		59.0376
		38580		3.858e-11		291.718		18.8537		-19.8599		-1.00618		59.0939
		38640		3.864e-11		291.922		18.8669		-19.8731		-1.00622		59.1188
		38700		3.87e-11		302.683		19.5624		-20.5687		-1.00625		59.1504
		38760		3.876e-11		302.298		19.5375		-20.5437		-1.00619		59.197
		38820		3.882e-11		305.074		19.7169		-20.7232		-1.00624		59.2296
		38880		3.888e-11		304.013		19.6484		-20.6546		-1.00626		59.3121
		38940		3.894e-11		303.115		19.5903		-20.5966		-1.00631		59.4632
		39000		3.9e-11		292.199		18.8848		-19.8911		-1.00622		59.5925
		39060		3.906e-11		302.639		19.5596		-20.5658		-1.00626		59.6661
		39120		3.912e-11		302.193		19.5307		-20.537		-1.00627		59.7717
		39180		3.918e-11		287.063		18.5529		-19.559		-1.00616		59.8232
		39240		3.924e-11		303.76		19.632		-20.6383		-1.00626		59.7507
		39300		3.93e-11		279.448		18.0607		-19.0669		-1.00618		59.7089
		39360		3.936e-11		278.411		17.9937		-18.9999		-1.00622		59.7968
		39420		3.942e-11		290.553		18.7784		-19.7846		-1.00619		60.0175
		39480		3.948e-11		314.011		20.2945		-21.3009		-1.00632		60.2571
		39540		3.954e-11		303.235		19.5981		-20.6043		-1.00619		60.4431
		39600		3.96e-11		297.822		19.2482		-20.2544		-1.00622		60.5333
		39660		3.966e-11		296.84		19.1848		-20.191		-1.00624		60.6863
		39720		3.972e-11		284.472		18.3854		-19.3915		-1.00611		60.9324
		39780		3.978e-11		290.474		18.7733		-19.7795		-1.00613		61.1523
		39840		3.984e-11		309.825		20.024		-21.0302		-1.00626		61.3799
		39900		3.99e-11		305.075		19.717		-20.7232		-1.00622		61.5733
		39960		3.996e-11		302.92		19.5777		-20.584		-1.00628		61.614
		40020		4.002e-11		290.941		18.8035		-19.8098		-1.00623		61.6186
		40080		4.008e-11		298.181		19.2714		-20.2777		-1.00622		61.6341
		40140		4.014e-11		304.01		19.6481		-20.6543		-1.00618		61.6255
		40200		4.02e-11		304.189		19.6597		-20.666		-1.00627		61.5852
		40260		4.026e-11		287.266		18.566		-19.5722		-1.00621		61.6701
		40320		4.032e-11		297.612		19.2347		-20.241		-1.00629		61.8291
		40380		4.038e-11		297.216		19.2091		-20.2153		-1.00623		62.01
		40440		4.044e-11		307.71		19.8873		-20.8936		-1.00624		62.2278
		40500		4.05e-11		297.973		19.258		-20.2642		-1.0062		62.4941
		40560		4.056e-11		289.268		18.6954		-19.7016		-1.00622		62.7964
		40620		4.062e-11		297.919		19.2545		-20.2608		-1.00628		63.0644
		40680		4.068e-11		289.591		18.7163		-19.7225		-1.00625		63.3626
		40740		4.074e-11		286.889		18.5416		-19.5479		-1.00629		63.6528
		40800		4.08e-11		285.081		18.4248		-19.431		-1.00624		63.8593
		40860		4.086e-11		295.905		19.1243		-20.1306		-1.00627		63.816
		40920		4.092e-11		311.976		20.163		-21.1692		-1.00623		63.6514
		40980		4.098e-11		303.478		19.6138		-20.62		-1.00621		63.6463
		41040		4.104e-11		296.957		19.1924		-20.1986		-1.00625		63.7646
		41100		4.11e-11		304.468		19.6778		-20.6841		-1.00629		63.9659
		41160		4.116e-11		298.168		19.2706		-20.2769		-1.00628		64.1039
		41220		4.122e-11		296.048		19.1336		-20.1398		-1.00622		64.0856
		41280		4.128e-11		308.28		19.9241		-20.9304		-1.00626		64.0272
		41340		4.134e-11		304.252		19.6638		-20.67		-1.00618		64.14
		41400		4.14e-11		309.428		19.9983		-21.0046		-1.00628		64.3179
		41460		4.146e-11		293.384		18.9614		-19.9676		-1.00622		64.3971
		41520		4.152e-11		297.978		19.2583		-20.2646		-1.00629		64.4616
		41580		4.158e-11		288.347		18.6359		-19.642		-1.00617		64.5759
		41640		4.164e-11		306.069		19.7813		-20.7876		-1.00631		64.6398
		41700		4.17e-11		295.43		19.0937		-20.0999		-1.00621		64.6903
		41760		4.176e-11		305.419		19.7392		-20.7455		-1.00629		64.8399
		41820		4.182e-11		309.648		20.0126		-21.0188		-1.00623		65.0723
		41880		4.188e-11		305.512		19.7453		-20.7515		-1.00621		65.276
		41940		4.194e-11		302.905		19.5768		-20.5831		-1.00635		65.4336
		42000		4.2e-11		300.125		19.397		-20.4033		-1.00628		65.5882
		42060		4.206e-11		313.124		20.2372		-21.2434		-1.00625		65.6651
		42120		4.212e-11		324.371		20.9641		-21.9704		-1.00633		65.6683
		42180		4.218e-11		299.716		19.3706		-20.3768		-1.00618		65.6785
		42240		4.224e-11		301.729		19.5008		-20.507		-1.0062		65.7519
		42300		4.23e-11		298.701		19.305		-20.3113		-1.00628		65.901
		42360		4.236e-11		293.136		18.9454		-19.9516		-1.00622		66.0976
		42420		4.242e-11		309.663		20.0135		-21.0197		-1.00623		66.3124
		42480		4.248e-11		310.256		20.0519		-21.0581		-1.00621		66.5162
		42540		4.254e-11		297.731		19.2423		-20.2486		-1.00625		66.8494
		42600		4.26e-11		305.738		19.7598		-20.7661		-1.00629		67.1361
		42660		4.266e-11		317.866		20.5437		-21.5499		-1.00623		67.239
		42720		4.272e-11		303.403		19.6089		-20.6151		-1.00618		67.272
		42780		4.278e-11		307.81		19.8938		-20.9		-1.00624		67.3043
		42840		4.284e-11		302.794		19.5696		-20.5758		-1.00619		67.2478
		42900		4.29e-11		318.386		20.5773		-21.5836		-1.00634		67.2077
		42960		4.296e-11		298.447		19.2886		-20.2948		-1.00616		67.3353
		43020		4.302e-11		293.12		18.9443		-19.9506		-1.00626		67.5831
		43080		4.308e-11		301.753		19.5023		-20.5086		-1.00627		67.7101
		43140		4.314e-11		307.938		19.902		-20.9082		-1.00618		67.7226
		43200		4.32e-11		315.324		20.3794		-21.3857		-1.00629		67.6408
		43260		4.326e-11		300.081		19.3942		-20.4004		-1.0062		67.5923
		43320		4.332e-11		304.572		19.6845		-20.6908		-1.00624		67.5696
		43380		4.338e-11		298.408		19.2861		-20.2924		-1.00624		67.5534
		43440		4.344e-11		298.745		19.3079		-20.3141		-1.00623		67.594
		43500		4.35e-11		304.831		19.7012		-20.7076		-1.00632		67.718
		43560		4.356e-11		295.645		19.1076		-20.1139		-1.0063		67.8439
		43620		4.362e-11		304.805		19.6996		-20.7058		-1.00626		67.8946
		43680		4.368e-11		307.14		19.8505		-20.8568		-1.0063		67.8673
		43740		4.374e-11		309.1		19.9771		-20.9835		-1.00633		67.8208
		43800		4.38e-11		307.428		19.8691		-20.8753		-1.00618		67.8976
		43860		4.386e-11		311.433		20.1279		-21.1342		-1.00627		68.1522
		43920		4.392e-11		303.906		19.6414		-20.6477		-1.00622		68.3641
		43980		4.398e-11		303.244		19.5987		-20.6048		-1.00617		68.3924
		44040		4.404e-11		303.582		19.6205		-20.6268		-1.00628		68.3128
		44100		4.41e-11		295.432		19.0938		-20.1001		-1.00625		68.2728
		44160		4.416e-11		294.795		19.0526		-20.0588		-1.00619		68.3321
		44220		4.422e-11		307.316		19.8618		-20.8681		-1.00623		68.3866
		44280		4.428e-11		316		20.4231		-21.4294		-1.00631		68.3294
		44340		4.434e-11		304.879		19.7043		-20.7105		-1.00623		68.3057
		44400		4.44e-11		308.612		19.9456		-20.9519		-1.00628		68.4821
		44460		4.446e-11		303.419		19.61		-20.6162		-1.00619		68.6871
		44520		4.452e-11		313.045		20.2321		-21.2384		-1.00627		68.7852
		44580		4.458e-11		314.739		20.3416		-21.3478		-1.00623		68.8073
		44640		4.464e-11		316.563		20.4595		-21.4658		-1.00627		68.8871
		44700		4.47e-11		300.247		19.405		-20.4112		-1.00621		69.0519
		44760		4.476e-11		302.339		19.5402		-20.5464		-1.00624		69.1897
		44820		4.482e-11		288.635		18.6545		-19.6607		-1.00619		69.2075
		44880		4.488e-11		301.9		19.5118		-20.518		-1.00625		69.1444
		44940		4.494e-11		301.198		19.4665		-20.4727		-1.00623		69.0872
		45000		4.5e-11		305.489		19.7438		-20.7501		-1.00628		69.1151
		45060		4.506e-11		302.381		19.5429		-20.5491		-1.00619		69.1939
		45120		4.512e-11		312.715		20.2108		-21.2171		-1.00635		69.3445
		45180		4.518e-11		291.104		18.8141		-19.8202		-1.00618		69.4584
		45240		4.524e-11		310.238		20.0507		-21.057		-1.0063		69.5282
		45300		4.53e-11		301.125		19.4617		-20.4679		-1.0062		69.6395
		45360		4.536e-11		298.497		19.2918		-20.2981		-1.00626		69.7287
		45420		4.542e-11		294.64		19.0426		-20.0488		-1.00624		69.7502
		45480		4.548e-11		318.596		20.5909		-21.5972		-1.00631		69.7583
		45540		4.554e-11		311.74		20.1478		-21.154		-1.00627		69.7431
		45600		4.56e-11		299.244		19.3401		-20.3464		-1.00628		69.8295
		45660		4.566e-11		301.636		19.4947		-20.5009		-1.0062		70.1111
		45720		4.572e-11		322.244		20.8266		-21.833		-1.00632		70.467
		45780		4.578e-11		301.363		19.4771		-20.4833		-1.00618		70.7447
		45840		4.584e-11		297.231		19.2101		-20.2163		-1.00628		70.8311
		45900		4.59e-11		300.18		19.4007		-20.4069		-1.00628		70.722
		45960		4.596e-11		301.44		19.4821		-20.4883		-1.00625		70.5836
		46020		4.602e-11		303.875		19.6394		-20.6457		-1.0063		70.6341
		46080		4.608e-11		299.797		19.3759		-20.3821		-1.00624		70.8401
		46140		4.614e-11		300.323		19.4099		-20.4161		-1.00625		71.0432
		46200		4.62e-11		306.872		19.8332		-20.8394		-1.00627		71.1709
		46260		4.626e-11		314.082		20.2991		-21.3054		-1.00632		71.2339
		46320		4.632e-11		311.3		20.1193		-21.1255		-1.00622		71.2168
		46380		4.638e-11		312.371		20.1885		-21.1948		-1.00625		71.1325
		46440		4.644e-11		308.01		19.9067		-20.9129		-1.00625		71.1884
		46500		4.65e-11		309.381		19.9953		-21.0016		-1.00626		71.3348
		46560		4.656e-11		283.368		18.314		-19.3202		-1.00617		71.4766
		46620		4.662e-11		299.609		19.3638		-20.3701		-1.00636		71.5944
		46680		4.668e-11		300.116		19.3965		-20.4027		-1.00618		71.6872
		46740		4.674e-11		312.666		20.2076		-21.2139		-1.00631		71.6985
		46800		4.68e-11		293.954		18.9982		-20.0044		-1.00616		71.6697
		46860		4.686e-11		297.991		19.2592		-20.2654		-1.00622		71.6491
		46920		4.692e-11		303.983		19.6464		-20.6527		-1.00627		71.6351
		46980		4.698e-11		303.482		19.6141		-20.6203		-1.00627		71.5842
		47040		4.704e-11		307.761		19.8906		-20.8969		-1.00627		71.4648
		47100		4.71e-11		298.308		19.2797		-20.2859		-1.0062		71.3884
		47160		4.716e-11		311.758		20.1489		-21.1552		-1.00628		71.4562
		47220		4.722e-11		302.321		19.539		-20.5453		-1.00624		71.5934
		47280		4.728e-11		288.863		18.6692		-19.6754		-1.00616		71.6701
		47340		4.734e-11		308.59		19.9442		-20.9504		-1.00627		71.6479
		47400		4.74e-11		311.28		20.118		-21.1243		-1.00628		71.639
		47460		4.746e-11		306.801		19.8285		-20.8348		-1.00627		71.8018
		47520		4.752e-11		293.373		18.9607		-19.9669		-1.00619		72.0296
		47580		4.758e-11		305.295		19.7312		-20.7375		-1.00627		72.0881
		47640		4.764e-11		311.099		20.1063		-21.1126		-1.00631		72.0453
		47700		4.77e-11		300.262		19.4059		-20.412		-1.00614		72.0592
		47760		4.776e-11		314.375		20.3181		-21.3243		-1.00625		72.196
		47820		4.782e-11		298.532		19.2941		-20.3004		-1.00629		72.336
		47880		4.788e-11		289.113		18.6854		-19.6916		-1.00621		72.2778
		47940		4.794e-11		300.699		19.4342		-20.4405		-1.00627		72.0902
		48000		4.8e-11		307.235		19.8566		-20.8629		-1.00631		72.0675
		48060		4.806e-11		303.511		19.6159		-20.6222		-1.00632		72.3159
		48120		4.812e-11		291.765		18.8568		-19.863		-1.00624		72.7392
		48180		4.818e-11		296.722		19.1771		-20.1833		-1.0062		73.1152
		48240		4.824e-11		310.047		20.0383		-21.0446		-1.00628		73.3271
		48300		4.83e-11		300.809		19.4413		-20.4475		-1.00617		73.3627
		48360		4.836e-11		309.339		19.9926		-20.9989		-1.00629		73.4047
		48420		4.842e-11		290.165		18.7533		-19.7595		-1.00617		73.547
		48480		4.848e-11		296.439		19.1588		-20.1651		-1.00622		73.8077
		48540		4.854e-11		300.014		19.3899		-20.3961		-1.00622		74.1128
		48600		4.86e-11		307.632		19.8823		-20.8885		-1.00626		74.3797
		48660		4.866e-11		309.989		20.0346		-21.0408		-1.00626		74.591
		48720		4.872e-11		309.014		19.9716		-20.9778		-1.00624		74.8273
		48780		4.878e-11		310.599		20.074		-21.0803		-1.00626		75.143
		48840		4.884e-11		309.179		19.9823		-20.9885		-1.00628		75.3768
		48900		4.89e-11		305.924		19.7718		-20.778		-1.00616		75.4428
		48960		4.896e-11		326.088		21.075		-22.0813		-1.00627		75.5748
		49020		4.902e-11		313.705		20.2747		-21.2809		-1.00615		75.8461
		49080		4.908e-11		303.561		19.6192		-20.6254		-1.0062		76.1354
		49140		4.914e-11		304.719		19.694		-20.7003		-1.00631		76.3466
		49200		4.92e-11		298.3		19.2791		-20.2853		-1.00619		76.4634
		49260		4.926e-11		304.78		19.6979		-20.7041		-1.00624		76.5561
		49320		4.932e-11		290.1		18.7491		-19.7553		-1.00617		76.685
		49380		4.938e-11		317.475		20.5184		-21.5247		-1.0063		76.7594
		49440		4.944e-11		306.365		19.8004		-20.8065		-1.00619		76.8792
		49500		4.95e-11		311.914		20.159		-21.1653		-1.00627		77.0411
		49560		4.956e-11		307.395		19.8669		-20.8732		-1.00627		77.1905
		49620		4.962e-11		294.418		19.0283		-20.0345		-1.00626		77.2746
		49680		4.968e-11		293.836		18.9906		-19.9969		-1.00626		77.3516
		49740		4.974e-11		301.09		19.4595		-20.4656		-1.00617		77.4366
		49800		4.98e-11		303.427		19.6105		-20.6167		-1.00619		77.5275
		49860		4.986e-11		298.985		19.3234		-20.3296		-1.00625		77.7207
		49920		4.992e-11		293.292		18.9554		-19.9616		-1.0062		77.9465
		49980		4.998e-11		299.402		19.3504		-20.3566		-1.00621		77.9463
		50040		5.004e-11		309.59		20.0088		-21.0151		-1.00626		77.7633
		50100		5.01e-11		300.267		19.4062		-20.4124		-1.00619		77.6581
		50160		5.016e-11		292.999		18.9366		-19.9427		-1.00619		77.7241
		50220		5.022e-11		302.262		19.5352		-20.5415		-1.00624		77.7806
		50280		5.028e-11		290.745		18.7908		-19.797		-1.00619		77.7969
		50340		5.034e-11		292.419		18.899		-19.9053		-1.00625		77.8071
		50400		5.04e-11		303.036		19.5852		-20.5915		-1.00631		77.8253
		50460		5.046e-11		296.742		19.1784		-20.1847		-1.00627		77.8193
		50520		5.052e-11		297.575		19.2323		-20.2386		-1.00627		77.7989
		50580		5.058e-11		289.503		18.7106		-19.7167		-1.00616		77.8864
		50640		5.064e-11		302.635		19.5593		-20.5655		-1.00626		77.9764
		50700		5.07e-11		304.831		19.7012		-20.7074		-1.00624		77.907
		50760		5.076e-11		302.091		19.5241		-20.5304		-1.00624		77.7209
		50820		5.082e-11		297.516		19.2285		-20.2347		-1.00617		77.5612
		50880		5.088e-11		308.25		19.9222		-20.9285		-1.0063		77.4389
		50940		5.094e-11		315.02		20.3597		-21.366		-1.00631		77.3787
		51000		5.1e-11		299.221		19.3386		-20.3448		-1.00613		77.3111
		51060		5.106e-11		307.859		19.8969		-20.9032		-1.00629		77.1484
		51120		5.112e-11		297.652		19.2373		-20.2435		-1.00622		76.9971
		51180		5.118e-11		310.016		20.0363		-21.0426		-1.00626		76.9652
		51240		5.124e-11		308.706		19.9516		-20.9579		-1.00622		77.071
		51300		5.13e-11		307.719		19.8879		-20.894		-1.00616		77.3572
		51360		5.136e-11		303.462		19.6127		-20.6189		-1.0062		77.7852
		51420		5.142e-11		298.795		19.3111		-20.3175		-1.00633		78.1445
		51480		5.148e-11		298.624		19.3001		-20.3063		-1.00627		78.2125
		51540		5.154e-11		305.681		19.7562		-20.7624		-1.00627		78.1828
		51600		5.16e-11		305.214		19.726		-20.7323		-1.00627		78.2808
		51660		5.166e-11		297.168		19.206		-20.2122		-1.0062		78.5442
		51720		5.172e-11		302.798		19.5698		-20.576		-1.00619		78.7738
		51780		5.178e-11		313.972		20.292		-21.2983		-1.00626		78.9203
		51840		5.184e-11		301.682		19.4977		-20.504		-1.00623		78.9845
		51900		5.19e-11		300.094		19.3951		-20.4014		-1.0063		78.9956
		51960		5.196e-11		293.644		18.9782		-19.9845		-1.00625		78.9076
		52020		5.202e-11		288.043		18.6162		-19.6224		-1.00618		78.7357
		52080		5.208e-11		299.069		19.3288		-20.335		-1.0062		78.6036
		52140		5.214e-11		299.785		19.3751		-20.3813		-1.00621		78.5429
		52200		5.22e-11		295.726		19.1128		-20.119		-1.00627		78.5708
		52260		5.226e-11		287.585		18.5866		-19.5929		-1.00626		78.6743
		52320		5.232e-11		294.848		19.056		-20.0622		-1.00622		78.8966
		52380		5.238e-11		300.512		19.4221		-20.4283		-1.00623		79.1892
		52440		5.244e-11		283.901		18.3485		-19.3547		-1.00618		79.5665
		52500		5.25e-11		289.756		18.7269		-19.7332		-1.00623		79.83
		52560		5.256e-11		292.103		18.8786		-19.8848		-1.00618		79.8404
		52620		5.262e-11		317.34		20.5097		-21.516		-1.00636		79.7948
		52680		5.268e-11		294.928		19.0612		-20.0673		-1.00615		79.8252
		52740		5.274e-11		308.71		19.9519		-20.9582		-1.0063		79.9058
		52800		5.28e-11		291.419		18.8344		-19.8405		-1.00615		79.9625
		52860		5.286e-11		309.412		19.9973		-21.0036		-1.00631		80.0773
		52920		5.292e-11		292.51		18.9049		-19.9111		-1.00617		80.2481
		52980		5.298e-11		302.881		19.5752		-20.5815		-1.00628		80.4398
		53040		5.304e-11		300.792		19.4402		-20.4464		-1.00624		80.724
		53100		5.31e-11		298.771		19.3096		-20.3158		-1.00619		80.9983
		53160		5.316e-11		297.777		19.2454		-20.2516		-1.00624		81.2028
		53220		5.322e-11		295.966		19.1283		-20.1345		-1.00626		81.3967
		53280		5.328e-11		297.876		19.2517		-20.2579		-1.0062		81.5669
		53340		5.334e-11		298.776		19.3099		-20.3162		-1.00625		81.7739
		53400		5.34e-11		290.181		18.7544		-19.7606		-1.00626		81.9253
		53460		5.346e-11		282.564		18.2621		-19.2683		-1.00622		81.8714
		53520		5.352e-11		292.495		18.9039		-19.9102		-1.00627		81.7242
		53580		5.358e-11		293.695		18.9815		-19.9878		-1.00626		81.7478
		53640		5.364e-11		297.259		19.2118		-20.2181		-1.00626		81.8464
		53700		5.37e-11		294.768		19.0509		-20.057		-1.00615		81.9139
		53760		5.376e-11		309.366		19.9943		-21.0005		-1.00623		81.9617
		53820		5.382e-11		296.534		19.165		-20.1712		-1.00621		81.959
		53880		5.388e-11		305.06		19.716		-20.7224		-1.00634		81.9715
		53940		5.394e-11		300.025		19.3906		-20.3968		-1.00616		82.0235
		54000		5.4e-11		307.239		19.8569		-20.8631		-1.00622		82.1388
		54060		5.406e-11		307.172		19.8525		-20.8588		-1.00627		82.2936
		54120		5.412e-11		297.285		19.2135		-20.2198		-1.00626		82.4488
		54180		5.418e-11		294.524		19.0351		-20.0413		-1.00621		82.6832
		54240		5.424e-11		303.198		19.5957		-20.6019		-1.00626		82.9964
		54300		5.43e-11		289.036		18.6804		-19.6866		-1.00615		83.1716
		54360		5.436e-11		311.937		20.1605		-21.1668		-1.00635		83.1422
		54420		5.442e-11		296.122		19.1384		-20.1445		-1.00615		83.0735
		54480		5.448e-11		316.151		20.4328		-21.4392		-1.00639		83.0586
		54540		5.454e-11		300.665		19.432		-20.4382		-1.00619		83.1737
		54600		5.46e-11		308.935		19.9665		-20.9727		-1.00628		83.4136
		54660		5.466e-11		302.101		19.5248		-20.5311		-1.00629		83.6439
		54720		5.472e-11		294.301		19.0207		-20.0269		-1.00624		83.6463
		54780		5.478e-11		304.761		19.6967		-20.7029		-1.00625		83.377
		54840		5.484e-11		296.63		19.1712		-20.1774		-1.00617		83.166
		54900		5.49e-11		306.633		19.8177		-20.824		-1.00629		83.2432
		54960		5.496e-11		298.074		19.2646		-20.2708		-1.00624		83.4377
		55020		5.502e-11		287.584		18.5865		-19.5928		-1.00624		83.5892
		55080		5.508e-11		304.573		19.6846		-20.6909		-1.0063		83.7276
		55140		5.514e-11		299.358		19.3475		-20.3537		-1.00616		83.8122
		55200		5.52e-11		313.749		20.2776		-21.2838		-1.00627		83.7863
		55260		5.526e-11		293.042		18.9393		-19.9455		-1.00614		83.7214
		55320		5.532e-11		306.232		19.7918		-20.7981		-1.0063		83.732
		55380		5.538e-11		293.91		18.9954		-20.0017		-1.00623		83.7865
		55440		5.544e-11		293.603		18.9756		-19.9819		-1.00628		83.8697
		55500		5.55e-11		288.623		18.6537		-19.6599		-1.00616		83.9861
		55560		5.556e-11		315.2		20.3714		-21.3777		-1.00632		84.1118
		55620		5.562e-11		304.756		19.6964		-20.7026		-1.00624		84.1916
		55680		5.568e-11		293.386		18.9615		-19.9678		-1.00631		84.2117
		55740		5.574e-11		279.025		18.0334		-19.0396		-1.0062		84.1754
		55800		5.58e-11		289.885		18.7352		-19.7415		-1.00623		84.0347
		55860		5.586e-11		301.735		19.5012		-20.5074		-1.00628		83.8575
		55920		5.592e-11		303.637		19.624		-20.6303		-1.00629		83.8286
		55980		5.598e-11		298.909		19.3185		-20.3247		-1.0062		83.8826
		56040		5.604e-11		310.193		20.0478		-21.054		-1.00622		83.8979
		56100		5.61e-11		301.832		19.5074		-20.5136		-1.00621		83.9993
		56160		5.616e-11		296.59		19.1686		-20.1748		-1.00621		84.2352
		56220		5.622e-11		309.576		20.0079		-21.0141		-1.00627		84.5044
		56280		5.628e-11		302.276		19.5361		-20.5423		-1.00623		84.7349
		56340		5.634e-11		305.318		19.7327		-20.739		-1.0063		84.799
		56400		5.64e-11		288.685		18.6577		-19.6639		-1.0062		84.7629
		56460		5.646e-11		285.834		18.4735		-19.4797		-1.00624		84.8226
		56520		5.652e-11		292.596		18.9105		-19.9167		-1.00624		84.9583
		56580		5.658e-11		311.726		20.1469		-21.1532		-1.00633		85.0102
		56640		5.664e-11		309.59		20.0088		-21.015		-1.00623		85.1043
		56700		5.67e-11		307.551		19.877		-20.8832		-1.0062		85.3135
		56760		5.676e-11		303.994		19.6471		-20.6534		-1.00628		85.5478
		56820		5.682e-11		289.091		18.6839		-19.6902		-1.00623		85.6796
		56880		5.688e-11		295.498		19.098		-20.1043		-1.00621		85.7869
		56940		5.694e-11		306.55		19.8123		-20.8186		-1.00625		85.8348
		57000		5.7e-11		297.688		19.2395		-20.2457		-1.00619		85.7687
		57060		5.706e-11		298.948		19.321		-20.3272		-1.00626		85.7403
		57120		5.712e-11		302.029		19.5201		-20.5263		-1.00624		85.8811
		57180		5.718e-11		306.244		19.7925		-20.7989		-1.00631		86.1329
		57240		5.724e-11		295.331		19.0872		-20.0935		-1.00623		86.3921
		57300		5.73e-11		303.948		19.6441		-20.6504		-1.00628		86.587
		57360		5.736e-11		294.874		19.0577		-20.0639		-1.00624		86.6425
		57420		5.742e-11		299.915		19.3835		-20.3897		-1.00621		86.5586
		57480		5.748e-11		319.359		20.6402		-21.6465		-1.00629		86.4605
		57540		5.754e-11		296.851		19.1855		-20.1917		-1.00618		86.5692
		57600		5.76e-11		294.798		19.0528		-20.059		-1.00624		86.9546
		57660		5.766e-11		298.587		19.2977		-20.3039		-1.00626		87.3917
		57720		5.772e-11		295.501		19.0982		-20.1045		-1.00622		87.6646
		57780		5.778e-11		307.337		19.8632		-20.8695		-1.00628		87.7957
		57840		5.784e-11		299.714		19.3705		-20.3767		-1.00617		87.9145
		57900		5.79e-11		296.502		19.1629		-20.1692		-1.00625		88.0893
		57960		5.796e-11		294.369		19.0251		-20.0314		-1.00627		88.4692
		58020		5.802e-11		296.547		19.1658		-20.1721		-1.00626		88.8304
		58080		5.808e-11		297.672		19.2385		-20.2448		-1.00625		88.9369
		58140		5.814e-11		304.333		19.6691		-20.6753		-1.00623		88.8846
		58200		5.82e-11		297.841		19.2495		-20.2557		-1.00619		88.7973
		58260		5.826e-11		315.406		20.3847		-21.391		-1.00633		88.7858
		58320		5.832e-11		311.421		20.1272		-21.1334		-1.00624		88.8791
		58380		5.838e-11		305.007		19.7126		-20.7188		-1.00626		89.0087
		58440		5.844e-11		314.245		20.3097		-21.316		-1.00638		89.1802
		58500		5.85e-11		297.513		19.2283		-20.2345		-1.00623		89.5264
		58560		5.856e-11		298.611		19.2992		-20.3055		-1.00626		89.8074
		58620		5.862e-11		294.594		19.0396		-20.0459		-1.00623		89.7463
		58680		5.868e-11		310.787		20.0862		-21.0924		-1.00629		89.5374
		58740		5.874e-11		295.812		19.1183		-20.1244		-1.00609		89.5051
		58800		5.88e-11		311.55		20.1355		-21.1418		-1.00636		89.6036
		58860		5.886e-11		293.567		18.9732		-19.9795		-1.00626		89.6818
		58920		5.892e-11		293.691		18.9813		-19.9875		-1.00622		89.6919
		58980		5.898e-11		298.764		19.3091		-20.3153		-1.00622		89.7053
		59040		5.904e-11		311.548		20.1353		-21.1416		-1.00631		89.8282
		59100		5.91e-11		309.191		19.983		-20.9893		-1.00626		90.0051
		59160		5.916e-11		296.868		19.1866		-20.1928		-1.00622		90.1553
		59220		5.922e-11		304.189		19.6598		-20.6661		-1.0063		90.2951
		59280		5.928e-11		291.052		18.8107		-19.8169		-1.00616		90.4605
		59340		5.934e-11		303.731		19.6301		-20.6364		-1.00626		90.5555
		59400		5.94e-11		300.1		19.3954		-20.4017		-1.00628		90.6687
		59460		5.946e-11		288.06		18.6173		-19.6235		-1.0062		90.7931
		59520		5.952e-11		285.858		18.475		-19.4812		-1.00619		90.924
		59580		5.958e-11		301.267		19.4709		-20.4772		-1.00631		91.0806
		59640		5.964e-11		306.539		19.8116		-20.8179		-1.0063		91.2155
		59700		5.97e-11		302.838		19.5724		-20.5787		-1.00623		91.3471
		59760		5.976e-11		294.613		19.0408		-20.047		-1.00619		91.4225
		59820		5.982e-11		304.292		19.6664		-20.6727		-1.00628		91.3871
		59880		5.988e-11		311.764		20.1493		-21.1555		-1.00621		91.3404
		59940		5.994e-11		315.568		20.3952		-21.4015		-1.00631		91.3387
