		timesteps		t		Temperature		Kin		Pot		TotalE		MSD
		0		0		608.151		39.3048		-43.9281		-4.62332		0.00743876
		200		2e-13		294.344		19.0235		-23.6467		-4.62324		0.433969
		400		4e-13		297.344		19.2173		-23.8406		-4.62322		0.593528
		600		6e-13		315.034		20.3607		-24.9839		-4.62328		0.618099
		800		8e-13		311.323		20.1208		-24.744		-4.62323		0.600865
		1000		1e-12		309.787		20.0216		-24.6448		-4.62322		0.608965
		1200		1.2e-12		303.723		19.6296		-24.2528		-4.62316		0.625609
		1400		1.4e-12		310.273		20.0529		-24.6761		-4.6232		0.61184
		1600		1.6e-12		305.771		19.762		-24.3852		-4.62322		0.623371
		1800		1.8e-12		322.259		20.8276		-25.4509		-4.6233		0.601775
		2000		2e-12		311.276		20.1178		-24.741		-4.62324		0.572975
		2200		2.2e-12		324.051		20.9434		-25.5667		-4.62325		0.550562
		2400		2.4e-12		313.049		20.2324		-24.8556		-4.62324		0.545637
		2600		2.6e-12		326.937		21.1299		-25.7532		-4.62324		0.502062
		2800		2.8e-12		320.026		20.6833		-25.3066		-4.62334		0.542266
		3000		3e-12		321.31		20.7663		-25.3895		-4.62321		0.540948
		3200		3.2e-12		313.461		20.259		-24.8822		-4.62322		0.518418
		3400		3.4e-12		313.482		20.2603		-24.8835		-4.62321		0.492471
		3600		3.6e-12		322.385		20.8358		-25.4589		-4.62319		0.468593
		3800		3.8e-12		321.333		20.7678		-25.391		-4.62324		0.473176
		4000		4e-12		319.316		20.6374		-25.2606		-4.62327		0.507216
		4200		4.2e-12		313.14		20.2382		-24.8614		-4.62315		0.5345
		4400		4.4e-12		312.009		20.1651		-24.7883		-4.62316		0.543078
		4600		4.6e-12		317.988		20.5516		-25.1748		-4.62322		0.519727
		4800		4.8e-12		321.059		20.75		-25.3732		-4.62321		0.478684
		5000		5e-12		323.82		20.9285		-25.5517		-4.62325		0.463968
		5200		5.2e-12		333.649		21.5637		-26.187		-4.62327		0.455359
		5400		5.4e-12		330.284		21.3462		-25.9695		-4.62322		0.468334
		5600		5.6e-12		316.442		20.4517		-25.0748		-4.62317		0.489636
		5800		5.8e-12		329.751		21.3118		-25.9351		-4.62326		0.490864
		6000		6e-12		316.332		20.4445		-25.0678		-4.62323		0.495737
		6200		6.2e-12		311.417		20.1269		-24.7501		-4.62324		0.550661
		6400		6.4e-12		308.46		19.9358		-24.559		-4.62321		0.607707
		6600		6.6e-12		322.264		20.8279		-25.4513		-4.62334		0.646789
		6800		6.8e-12		309.126		19.9788		-24.602		-4.62325		0.715382
		7000		7e-12		309.31		19.9907		-24.6139		-4.62322		0.731639
		7200		7.2e-12		300.375		19.4132		-24.0364		-4.62321		0.71271
		7400		7.4e-12		320.877		20.7383		-25.3615		-4.62322		0.674668
		7600		7.6e-12		310.527		20.0693		-24.6925		-4.6232		0.742218
		7800		7.8e-12		302.341		19.5403		-24.1635		-4.62322		0.798479
		8000		8e-12		318.126		20.5605		-25.1838		-4.62329		0.809717
		8200		8.2e-12		311.544		20.1351		-24.7583		-4.62324		0.810815
		8400		8.4e-12		322.699		20.856		-25.4793		-4.62325		0.783126
		8600		8.6e-12		307.308		19.8613		-24.4846		-4.62324		0.819528
		8800		8.8e-12		308.462		19.9359		-24.5591		-4.62325		0.794091
		9000		9e-12		325.602		21.0436		-25.667		-4.62333		0.764436
		9200		9.2e-12		322.305		20.8306		-25.4538		-4.62324		0.73086
		9400		9.4e-12		338.601		21.8838		-26.5071		-4.62331		0.671787
		9600		9.6e-12		320.379		20.7061		-25.3294		-4.6233		0.708197
		9800		9.8e-12		305.433		19.7402		-24.3633		-4.62319		0.753632
		10000		1e-11		321.024		20.7478		-25.371		-4.62326		0.771189
		10200		1.02e-11		316.643		20.4646		-25.0879		-4.62323		0.804855
		10400		1.04e-11		318.964		20.6147		-25.2379		-4.62327		0.829304
		10600		1.06e-11		324.185		20.9521		-25.5753		-4.6232		0.830892
		10800		1.08e-11		301.6		19.4924		-24.1156		-4.62321		0.941334
		11000		1.1e-11		310.928		20.0953		-24.7186		-4.6233		0.989656
		11200		1.12e-11		311.147		20.1094		-24.7326		-4.62321		0.97933
		11400		1.14e-11		326.031		21.0714		-25.6947		-4.62325		0.922065
		11600		1.16e-11		310.581		20.0729		-24.6961		-4.62321		0.909188
		11800		1.18e-11		311.604		20.139		-24.7622		-4.62316		0.881077
		12000		1.2e-11		317.74		20.5355		-25.1588		-4.62327		0.842431
		12200		1.22e-11		311.885		20.1571		-24.7803		-4.62316		0.832164
		12400		1.24e-11		322.883		20.8679		-25.4911		-4.62319		0.83471
		12600		1.26e-11		316.573		20.4601		-25.0833		-4.62318		0.839647
		12800		1.28e-11		318.818		20.6052		-25.2285		-4.62327		0.891837
		13000		1.3e-11		303.765		19.6323		-24.2555		-4.62322		0.944737
		13200		1.32e-11		296.539		19.1653		-23.7885		-4.62318		0.961723
		13400		1.34e-11		326.335		21.091		-25.7143		-4.62328		0.932017
		13600		1.36e-11		331.346		21.4149		-26.0381		-4.62322		0.891891
		13800		1.38e-11		341.343		22.061		-26.6843		-4.62331		0.878015
		14000		1.4e-11		325.692		21.0495		-25.6728		-4.62328		0.880393
		14200		1.42e-11		319.783		20.6676		-25.2909		-4.62331		0.902702
		14400		1.44e-11		313.742		20.2771		-24.9003		-4.62321		0.984807
		14600		1.46e-11		316.944		20.4841		-25.1074		-4.62329		1.01535
		14800		1.48e-11		315.106		20.3653		-24.9885		-4.62328		1.02408
		15000		1.5e-11		320.608		20.7209		-25.3441		-4.62322		1.01049
		15200		1.52e-11		311.204		20.1131		-24.7364		-4.62324		1.01092
		15400		1.54e-11		330.844		21.3824		-26.0057		-4.62329		1.02439
		15600		1.56e-11		328.002		21.1988		-25.8221		-4.62327		1.09962
		15800		1.58e-11		308.918		19.9654		-24.5886		-4.62321		1.13612
		16000		1.6e-11		305.669		19.7554		-24.3786		-4.62323		1.19721
		16200		1.62e-11		307.714		19.8876		-24.5108		-4.62323		1.22909
		16400		1.64e-11		312.065		20.1688		-24.792		-4.62318		1.25983
		16600		1.66e-11		309.513		20.0038		-24.627		-4.62319		1.30793
		16800		1.68e-11		307.406		19.8677		-24.4909		-4.6232		1.31221
		17000		1.7e-11		314.95		20.3552		-24.9785		-4.62327		1.37257
		17200		1.72e-11		303.646		19.6247		-24.2478		-4.62318		1.48917
		17400		1.74e-11		288.222		18.6278		-23.251		-4.6232		1.61851
		17600		1.76e-11		297.079		19.2002		-23.8234		-4.62324		1.65851
		17800		1.78e-11		307.144		19.8507		-24.4739		-4.62319		1.66349
		18000		1.8e-11		301.059		19.4574		-24.0805		-4.62312		1.67577
		18200		1.82e-11		317.48		20.5187		-25.142		-4.62327		1.75354
		18400		1.84e-11		297.441		19.2236		-23.8469		-4.62322		1.84794
		18600		1.86e-11		302.631		19.5591		-24.1823		-4.62325		1.82051
		18800		1.88e-11		300.055		19.3925		-24.0158		-4.62323		2.04223
		19000		1.9e-11		287.656		18.5912		-23.2145		-4.62327		2.2203
		19200		1.92e-11		288.422		18.6407		-23.2639		-4.62322		2.25615
		19400		1.94e-11		288.798		18.665		-23.2881		-4.62315		2.32196
		19600		1.96e-11		302.741		19.5661		-24.1894		-4.62325		2.42336
		19800		1.98e-11		296.658		19.173		-23.7962		-4.62323		2.51938
		20000		2e-11		296.819		19.1834		-23.8066		-4.62321		2.62543
		20200		2.02e-11		305.84		19.7664		-24.3897		-4.62321		2.60189
		20400		2.04e-11		299.132		19.3329		-23.9561		-4.62324		2.56279
		20600		2.06e-11		299.154		19.3343		-23.9575		-4.62318		2.53367
		20800		2.08e-11		292.605		18.9111		-23.5343		-4.62324		2.58027
		21000		2.1e-11		297.693		19.2399		-23.8631		-4.62327		2.6396
		21200		2.12e-11		306.233		19.7919		-24.4151		-4.62326		2.68984
		21400		2.14e-11		306.791		19.8279		-24.4511		-4.62321		2.73328
		21600		2.16e-11		304.609		19.6869		-24.3101		-4.62325		2.68823
		21800		2.18e-11		290.078		18.7477		-23.3709		-4.62318		2.6508
		22000		2.2e-11		290.351		18.7654		-23.3886		-4.62317		2.57741
		22200		2.22e-11		297.545		19.2304		-23.8536		-4.62319		2.54452
		22400		2.24e-11		318.935		20.6127		-25.236		-4.62323		2.58649
		22600		2.26e-11		307.904		19.8998		-24.523		-4.6232		2.59409
		22800		2.28e-11		300.442		19.4176		-24.0408		-4.62319		2.6613
		23000		2.3e-11		297.484		19.2264		-23.8496		-4.6232		2.77849
		23200		2.32e-11		319.115		20.6244		-25.2477		-4.6233		2.7485
		23400		2.34e-11		305.155		19.7222		-24.3454		-4.62318		2.74541
		23600		2.36e-11		311.716		20.1462		-24.7694		-4.6232		2.8506
		23800		2.38e-11		299.195		19.3369		-23.9602		-4.62321		2.91724
		24000		2.4e-11		305.693		19.757		-24.3802		-4.62326		2.99496
		24200		2.42e-11		293.71		18.9824		-23.6056		-4.62313		3.04585
		24400		2.44e-11		299.775		19.3745		-23.9976		-4.62316		2.94745
		24600		2.46e-11		297.321		19.2158		-23.839		-4.62318		2.97472
		24800		2.48e-11		306.477		19.8076		-24.4307		-4.62317		3.08529
		25000		2.5e-11		300.599		19.4277		-24.0509		-4.62327		3.23308
		25200		2.52e-11		300.439		19.4174		-24.0406		-4.62325		3.25075
		25400		2.54e-11		289.402		18.7041		-23.3272		-4.62311		3.28041
		25600		2.56e-11		314.901		20.3521		-24.9754		-4.62332		3.36944
		25800		2.58e-11		291.1		18.8138		-23.4369		-4.62314		3.3659
		26000		2.6e-11		298.886		19.317		-23.9402		-4.62322		3.3338
		26200		2.62e-11		301.054		19.4571		-24.0804		-4.62326		3.21052
		26400		2.64e-11		311.152		20.1097		-24.733		-4.62327		3.16986
		26600		2.66e-11		295.424		19.0933		-23.7165		-4.62323		3.24584
		26800		2.68e-11		294.391		19.0265		-23.6497		-4.62319		3.35098
		27000		2.7e-11		293.172		18.9477		-23.571		-4.62329		3.48936
		27200		2.72e-11		293.011		18.9373		-23.5605		-4.62322		3.63685
		27400		2.74e-11		293.076		18.9415		-23.5647		-4.6232		3.62489
		27600		2.76e-11		290.412		18.7693		-23.3926		-4.62327		3.80002
		27800		2.78e-11		280.134		18.1051		-22.7283		-4.62324		3.84597
		28000		2.8e-11		287.113		18.5561		-23.1793		-4.62321		3.82359
		28200		2.82e-11		286.409		18.5106		-23.1339		-4.62329		3.95162
		28400		2.84e-11		294.919		19.0606		-23.6839		-4.62328		4.06506
		28600		2.86e-11		284.681		18.3989		-23.0221		-4.62323		4.33721
		28800		2.88e-11		282.195		18.2382		-22.8615		-4.62323		4.62272
		29000		2.9e-11		275.824		17.8265		-22.4497		-4.62323		4.67305
		29200		2.92e-11		275.934		17.8336		-22.4568		-4.62317		4.82224
		29400		2.94e-11		274.038		17.7111		-22.3343		-4.62322		5.08206
		29600		2.96e-11		276.369		17.8617		-22.4849		-4.62319		5.24044
		29800		2.98e-11		287.071		18.5534		-23.1767		-4.62328		5.24712
		30000		3e-11		280.46		18.1261		-22.7494		-4.62325		5.41079
		30200		3.02e-11		280.23		18.1113		-22.7345		-4.62321		5.49134
		30400		3.04e-11		271.231		17.5296		-22.1529		-4.62324		5.72393
		30600		3.06e-11		272.927		17.6393		-22.2624		-4.62316		5.99622
		30800		3.08e-11		274.73		17.7558		-22.379		-4.62323		6.13381
		31000		3.1e-11		278.906		18.0257		-22.6489		-4.6232		6.41842
		31200		3.12e-11		271.415		17.5416		-22.1648		-4.62323		6.91583
		31400		3.14e-11		267.054		17.2597		-21.8829		-4.62317		7.04718
		31600		3.16e-11		275.438		17.8015		-22.4248		-4.62321		7.24487
		31800		3.18e-11		266.009		17.1922		-21.8154		-4.62322		7.50714
		32000		3.2e-11		273.516		17.6773		-22.3005		-4.62316		7.72739
		32200		3.22e-11		279.562		18.0681		-22.6913		-4.62323		8.0303
		32400		3.24e-11		282.205		18.2389		-22.8621		-4.62325		8.18678
		32600		3.26e-11		275.784		17.8239		-22.4471		-4.62317		8.52025
		32800		3.28e-11		282.321		18.2464		-22.8697		-4.62331		8.95
		33000		3.3e-11		276.162		17.8484		-22.4716		-4.62329		9.22933
		33200		3.32e-11		275.905		17.8317		-22.455		-4.62328		9.58111
		33400		3.34e-11		265.224		17.1414		-21.7646		-4.62323		9.92061
		33600		3.36e-11		275.847		17.828		-22.4512		-4.62319		10.2642
		33800		3.38e-11		262.023		16.9346		-21.5578		-4.62321		10.8295
		34000		3.4e-11		261.64		16.9098		-21.533		-4.62315		11.0193
		34200		3.42e-11		265.803		17.1788		-21.802		-4.62322		11.2116
		34400		3.44e-11		275.602		17.8121		-22.4354		-4.62326		11.4316
		34600		3.46e-11		278.473		17.9977		-22.6209		-4.62318		11.8624
		34800		3.48e-11		269.379		17.4099		-22.0332		-4.62321		11.9246
		35000		3.5e-11		272.505		17.612		-22.2353		-4.62323		12.4429
		35200		3.52e-11		269.856		17.4408		-22.0641		-4.62324		12.8724
		35400		3.54e-11		266.563		17.228		-21.8512		-4.62317		13.3313
		35600		3.56e-11		266.401		17.2175		-21.8408		-4.62329		13.7964
		35800		3.58e-11		275.788		17.8242		-22.4474		-4.62323		14.0163
		36000		3.6e-11		262.277		16.951		-21.5741		-4.62317		14.3505
		36200		3.62e-11		273.833		17.6978		-22.3211		-4.62329		14.7902
		36400		3.64e-11		270.499		17.4823		-22.1055		-4.62321		15.0663
		36600		3.66e-11		270.045		17.453		-22.0761		-4.62316		15.53
		36800		3.68e-11		268.481		17.352		-21.9752		-4.62323		15.6989
		37000		3.7e-11		275.632		17.8141		-22.4374		-4.62324		15.9848
		37200		3.72e-11		265.557		17.163		-21.7862		-4.62322		16.3131
		37400		3.74e-11		254.117		16.4236		-21.0467		-4.62313		16.3541
		37600		3.76e-11		265.744		17.175		-21.7982		-4.62317		16.3802
		37800		3.78e-11		280.803		18.1483		-22.7716		-4.6233		16.3154
		38000		3.8e-11		268.177		17.3323		-21.9555		-4.62322		16.637
		38200		3.82e-11		271.731		17.562		-22.1852		-4.62322		16.9499
		38400		3.84e-11		261.517		16.9018		-21.525		-4.62316		17.1983
		38600		3.86e-11		270.446		17.4789		-22.1021		-4.62321		17.3749
		38800		3.88e-11		276.488		17.8694		-22.4927		-4.62324		17.6343
		39000		3.9e-11		283.614		18.3299		-22.9532		-4.62322		18.1359
		39200		3.92e-11		261.967		16.9309		-21.554		-4.62314		18.3715
		39400		3.94e-11		275.397		17.7989		-22.4222		-4.62327		18.8505
		39600		3.96e-11		270.069		17.4545		-22.0777		-4.62318		19.0833
		39800		3.98e-11		260.671		16.8472		-21.4704		-4.62324		19.7096
		40000		4e-11		276.937		17.8984		-22.5217		-4.62324		19.9181
		40200		4.02e-11		270.026		17.4518		-22.075		-4.62322		20.2482
		40400		4.04e-11		264.862		17.1181		-21.7412		-4.62318		20.4902
		40600		4.06e-11		278.177		17.9786		-22.6018		-4.62324		20.7103
		40800		4.08e-11		267.007		17.2567		-21.8799		-4.62326		21.0813
		41000		4.1e-11		277.364		17.926		-22.5493		-4.62325		21.0294
		41200		4.12e-11		265.453		17.1562		-21.7794		-4.62323		21.2648
		41400		4.14e-11		265.777		17.1772		-21.8004		-4.62323		21.444
		41600		4.16e-11		265.401		17.1529		-21.776		-4.62318		21.7188
		41800		4.18e-11		276.804		17.8899		-22.5131		-4.6232		22.0257
		42000		4.2e-11		279.781		18.0823		-22.7055		-4.62318		21.9322
		42200		4.22e-11		273.134		17.6526		-22.2758		-4.6232		22.2577
		42400		4.24e-11		269.372		17.4095		-22.0327		-4.62323		22.436
		42600		4.26e-11		273.463		17.6739		-22.2971		-4.6232		22.8277
		42800		4.28e-11		281.436		18.1892		-22.8124		-4.62323		23.3145
		43000		4.3e-11		265.976		17.19		-21.8132		-4.62323		23.6118
		43200		4.32e-11		271.147		17.5242		-22.1474		-4.62321		23.9632
		43400		4.34e-11		274.092		17.7146		-22.3377		-4.62318		24.2864
		43600		4.36e-11		258.574		16.7117		-21.3348		-4.62316		24.7913
		43800		4.38e-11		279.703		18.0772		-22.7004		-4.62323		24.9749
		44000		4.4e-11		269.866		17.4414		-22.0646		-4.62323		25.3463
		44200		4.42e-11		270.771		17.4999		-22.1231		-4.62318		25.2698
		44400		4.44e-11		263.032		16.9998		-21.623		-4.62325		25.5947
		44600		4.46e-11		267.142		17.2654		-21.8886		-4.6232		25.804
		44800		4.48e-11		257.997		16.6743		-21.2975		-4.62323		25.8456
		45000		4.5e-11		281.463		18.1909		-22.8142		-4.62324		26.0546
		45200		4.52e-11		266.298		17.2109		-21.8341		-4.62321		26.1409
		45400		4.54e-11		260.296		16.8229		-21.4461		-4.62317		26.5204
		45600		4.56e-11		268.058		17.3246		-21.9478		-4.62321		26.4063
		45800		4.58e-11		273.158		17.6542		-22.2774		-4.62323		26.3668
		46000		4.6e-11		269.068		17.3899		-22.0131		-4.62317		26.5037
		46200		4.62e-11		260.894		16.8616		-21.4847		-4.62316		27.0414
		46400		4.64e-11		268.491		17.3526		-21.9758		-4.62324		27.6221
		46600		4.66e-11		275.716		17.8195		-22.4428		-4.6233		28.1022
		46800		4.68e-11		270.209		17.4636		-22.0868		-4.6232		28.4772
		47000		4.7e-11		273.972		17.7068		-22.33		-4.62319		28.93
		47200		4.72e-11		270.474		17.4807		-22.1039		-4.62319		29.0462
		47400		4.74e-11		279.916		18.091		-22.7142		-4.62323		28.9127
		47600		4.76e-11		277.141		17.9117		-22.5349		-4.62321		28.9801
		47800		4.78e-11		277.084		17.9079		-22.5312		-4.62324		29.0712
		48000		4.8e-11		261.127		16.8767		-21.4999		-4.6232		29.4362
		48200		4.82e-11		263.442		17.0263		-21.6495		-4.62321		30.0018
		48400		4.84e-11		266.33		17.2129		-21.8361		-4.62319		30.657
		48600		4.86e-11		269.841		17.4398		-22.063		-4.62321		30.9515
		48800		4.88e-11		270.912		17.509		-22.1322		-4.62322		31.4306
		49000		4.9e-11		261.581		16.906		-21.5292		-4.62321		31.6778
		49200		4.92e-11		273.955		17.7057		-22.3289		-4.62324		31.8072
		49400		4.94e-11		264.174		17.0736		-21.6968		-4.62321		32.2509
		49600		4.96e-11		264.322		17.0831		-21.7063		-4.6232		32.5933
		49800		4.98e-11		265.872		17.1833		-21.8065		-4.62318		32.83
		50000		5e-11		274.952		17.7701		-22.3934		-4.62326		33.2448
		50200		5.02e-11		267.034		17.2584		-21.8816		-4.62316		33.8209
		50400		5.04e-11		265.204		17.1401		-21.7633		-4.6232		34.0871
		50600		5.06e-11		276.251		17.8541		-22.4773		-4.62325		34.4622
		50800		5.08e-11		271.916		17.574		-22.1972		-4.6232		34.7922
		51000		5.1e-11		267.935		17.3166		-21.9399		-4.62323		35.2684
		51200		5.12e-11		275.666		17.8163		-22.4395		-4.62324		35.4305
		51400		5.14e-11		263.277		17.0156		-21.6389		-4.62326		35.4908
		51600		5.16e-11		266.057		17.1953		-21.8185		-4.6232		35.4548
		51800		5.18e-11		266.067		17.1959		-21.8191		-4.62319		35.3764
		52000		5.2e-11		282.888		18.2831		-22.9063		-4.62323		36.0601
		52200		5.22e-11		273.544		17.6792		-22.3024		-4.62328		36.6045
		52400		5.24e-11		272.513		17.6125		-22.2357		-4.62318		37.0758
		52600		5.26e-11		267.669		17.2994		-21.9226		-4.6232		37.3324
		52800		5.28e-11		276.216		17.8518		-22.4751		-4.62323		37.6685
		53000		5.3e-11		275.163		17.7838		-22.407		-4.62323		37.7995
		53200		5.32e-11		273.459		17.6737		-22.2969		-4.62323		38.1251
		53400		5.34e-11		273.425		17.6714		-22.2947		-4.62322		38.153
		53600		5.36e-11		278.47		17.9975		-22.6207		-4.62318		38.438
		53800		5.38e-11		274.492		17.7404		-22.3637		-4.62327		38.6399
		54000		5.4e-11		279.452		18.061		-22.6842		-4.62325		38.5807
		54200		5.42e-11		285.669		18.4628		-23.086		-4.62328		38.5948
		54400		5.44e-11		281.09		18.1668		-22.7901		-4.62327		38.3997
		54600		5.46e-11		286.484		18.5154		-23.1387		-4.62327		38.7033
		54800		5.48e-11		275.371		17.7972		-22.4205		-4.62321		38.9308
		55000		5.5e-11		275.406		17.7995		-22.4227		-4.62317		39.0018
		55200		5.52e-11		270.842		17.5045		-22.1277		-4.62324		39.1822
		55400		5.54e-11		278.672		18.0106		-22.6338		-4.62323		39.2862
		55600		5.56e-11		273.313		17.6642		-22.2875		-4.62325		39.8801
		55800		5.58e-11		277.236		17.9178		-22.541		-4.62321		39.9586
		56000		5.6e-11		285.816		18.4723		-23.0956		-4.62329		39.9636
		56200		5.62e-11		285.935		18.4799		-23.1032		-4.62326		40.3261
		56400		5.64e-11		277.51		17.9355		-22.5587		-4.62322		40.524
		56600		5.66e-11		269.913		17.4445		-22.0678		-4.62329		41.0579
		56800		5.68e-11		275.175		17.7845		-22.4078		-4.62325		41.5412
		57000		5.7e-11		277.874		17.959		-22.5823		-4.62332		41.9136
		57200		5.72e-11		266.216		17.2055		-21.8287		-4.62315		42.1796
		57400		5.74e-11		253.698		16.3965		-21.0197		-4.62319		42.5867
		57600		5.76e-11		272.696		17.6243		-22.2475		-4.62322		42.5183
		57800		5.78e-11		272.353		17.6022		-22.2254		-4.62321		42.6864
		58000		5.8e-11		264.858		17.1177		-21.7409		-4.62317		42.897
		58200		5.82e-11		271.47		17.5451		-22.1684		-4.62323		43.2599
		58400		5.84e-11		272.494		17.6113		-22.2345		-4.62327		43.4042
		58600		5.86e-11		270.222		17.4645		-22.0876		-4.62319		43.5791
		58800		5.88e-11		267.573		17.2932		-21.9164		-4.6232		43.6286
		59000		5.9e-11		281.043		18.1638		-22.7871		-4.62328		43.8619
		59200		5.92e-11		263.404		17.0238		-21.647		-4.62318		44.3599
		59400		5.94e-11		271.131		17.5232		-22.1464		-4.62325		44.7496
		59600		5.96e-11		277.215		17.9164		-22.5397		-4.62329		45.214
		59800		5.98e-11		277.272		17.9201		-22.5434		-4.62327		45.845
		60000		6e-11		279.478		18.0627		-22.6859		-4.62323		46.2622
		60200		6.02e-11		276.158		17.8481		-22.4714		-4.6233		46.4644
		60400		6.04e-11		283.694		18.3351		-22.9584		-4.62325		46.7028
		60600		6.06e-11		276.467		17.8681		-22.4913		-4.62322		46.948
		60800		6.08e-11		276.478		17.8687		-22.492		-4.62321		47.1259
		61000		6.1e-11		271.835		17.5687		-22.1919		-4.62324		47.3106
		61200		6.12e-11		276.637		17.879		-22.5022		-4.62319		47.6576
		61400		6.14e-11		279.919		18.0912		-22.7144		-4.62324		48.2462
		61600		6.16e-11		270.018		17.4513		-22.0745		-4.62321		48.4209
		61800		6.18e-11		278.272		17.9847		-22.608		-4.62331		48.7696
		62000		6.2e-11		261.816		16.9212		-21.5444		-4.62321		48.6217
		62200		6.22e-11		268.386		17.3458		-21.969		-4.62321		49.1765
		62400		6.24e-11		276.337		17.8597		-22.4829		-4.62324		49.4986
		62600		6.26e-11		280.857		18.1518		-22.7751		-4.62328		49.3949
		62800		6.28e-11		273.013		17.6448		-22.268		-4.62319		49.7482
		63000		6.3e-11		286.603		18.5232		-23.1464		-4.62326		49.6772
		63200		6.32e-11		263.927		17.0576		-21.6808		-4.62319		49.8499
		63400		6.34e-11		260.866		16.8598		-21.4829		-4.62317		49.9538
		63600		6.36e-11		268.66		17.3635		-21.9867		-4.62317		49.9149
		63800		6.38e-11		268.317		17.3413		-21.9646		-4.62323		50.4169
		64000		6.4e-11		258.811		16.727		-21.3502		-4.6232		50.5501
		64200		6.42e-11		266.813		17.2442		-21.8674		-4.6232		50.7619
		64400		6.44e-11		271.74		17.5626		-22.1858		-4.62323		51.006
		64600		6.46e-11		284.979		18.4182		-23.0415		-4.62332		50.9851
		64800		6.48e-11		274.739		17.7564		-22.3796		-4.62321		51.4257
		65000		6.5e-11		274.398		17.7344		-22.3575		-4.62315		51.5308
		65200		6.52e-11		268.854		17.3761		-21.9993		-4.62321		51.6225
		65400		6.54e-11		276.127		17.8461		-22.4693		-4.62321		51.6029
		65600		6.56e-11		282.698		18.2708		-22.894		-4.62323		51.5286
		65800		6.58e-11		272.078		17.5844		-22.2076		-4.6232		52.2154
		66000		6.6e-11		271.006		17.5151		-22.1383		-4.62323		52.6698
		66200		6.62e-11		270.271		17.4676		-22.0908		-4.62322		53.2284
		66400		6.64e-11		259.689		16.7837		-21.4069		-4.62317		53.6863
		66600		6.66e-11		276.527		17.8719		-22.4952		-4.62322		54.2321
		66800		6.68e-11		274.85		17.7636		-22.3868		-4.62326		54.184
		67000		6.7e-11		259.351		16.7619		-21.3851		-4.62322		54.6848
		67200		6.72e-11		271.202		17.5278		-22.1509		-4.62316		54.8742
		67400		6.74e-11		261.583		16.9061		-21.5293		-4.62317		55.1397
		67600		6.76e-11		275.19		17.7855		-22.4088		-4.62324		55.5024
		67800		6.78e-11		265.003		17.1271		-21.7503		-4.6232		56.0114
		68000		6.8e-11		270.192		17.4625		-22.0857		-4.62326		56.7099
		68200		6.82e-11		260.075		16.8086		-21.4318		-4.62319		57.2228
		68400		6.84e-11		272.622		17.6195		-22.2428		-4.62325		57.4403
		68600		6.86e-11		261.661		16.9111		-21.5343		-4.62322		57.8834
		68800		6.88e-11		277.421		17.9297		-22.553		-4.62327		57.9733
		69000		6.9e-11		271.007		17.5152		-22.1384		-4.6232		58.3785
		69200		6.92e-11		277.965		17.9649		-22.5881		-4.62319		58.7856
		69400		6.94e-11		275.428		17.8009		-22.4242		-4.62326		59.2463
		69600		6.96e-11		268.904		17.3793		-22.0025		-4.6232		59.7223
		69800		6.98e-11		272.013		17.5802		-22.2034		-4.62315		59.8649
		70000		7e-11		278.595		18.0056		-22.6288		-4.6232		60.5913
		70200		7.02e-11		259.696		16.7841		-21.4074		-4.62321		61.0469
		70400		7.04e-11		272.548		17.6148		-22.238		-4.62318		61.2314
		70600		7.06e-11		277.877		17.9592		-22.5825		-4.62334		61.8247
		70800		7.08e-11		282.136		18.2345		-22.8577		-4.62326		62.2434
		71000		7.1e-11		270.15		17.4598		-22.083		-4.62322		62.5408
		71200		7.12e-11		279.923		18.0914		-22.7147		-4.62328		62.7361
		71400		7.14e-11		271.833		17.5685		-22.1918		-4.62325		62.7653
		71600		7.16e-11		281.288		18.1797		-22.8028		-4.62319		62.6503
		71800		7.18e-11		261.501		16.9008		-21.524		-4.62322		62.8419
		72000		7.2e-11		274.788		17.7596		-22.3829		-4.6233		63.0092
		72200		7.22e-11		273.2		17.6569		-22.2801		-4.6232		63.4685
		72400		7.24e-11		275.062		17.7772		-22.4005		-4.6233		63.6394
		72600		7.26e-11		280.586		18.1343		-22.7576		-4.62325		64.0832
		72800		7.28e-11		270.256		17.4666		-22.0899		-4.62326		64.3624
		73000		7.3e-11		268.919		17.3802		-22.0034		-4.62321		64.3859
		73200		7.32e-11		273.177		17.6554		-22.2786		-4.62315		64.9735
		73400		7.34e-11		271.178		17.5262		-22.1495		-4.62322		65.1846
		73600		7.36e-11		271.962		17.5769		-22.2		-4.62316		64.9806
		73800		7.38e-11		262.427		16.9606		-21.5838		-4.6232		65.615
		74000		7.4e-11		280.079		18.1015		-22.7248		-4.62329		65.5417
		74200		7.42e-11		270.734		17.4975		-22.1207		-4.62317		65.7094
		74400		7.44e-11		269.005		17.3858		-22.009		-4.62319		66.099
		74600		7.46e-11		267.199		17.2691		-21.8923		-4.62319		66.3316
		74800		7.48e-11		274.695		17.7536		-22.3768		-4.62326		66.7625
		75000		7.5e-11		276.395		17.8634		-22.4866		-4.62322		67.1279
		75200		7.52e-11		278.31		17.9872		-22.6104		-4.62322		67.2931
		75400		7.54e-11		278.034		17.9693		-22.5925		-4.62322		67.5922
		75600		7.56e-11		266.07		17.1961		-21.8192		-4.62311		68.1154
		75800		7.58e-11		269.796		17.4369		-22.0601		-4.62321		69.0348
		76000		7.6e-11		268.5		17.3531		-21.9763		-4.6232		69.2899
		76200		7.62e-11		276.271		17.8554		-22.4787		-4.62325		69.682
		76400		7.64e-11		274.02		17.7099		-22.3331		-4.62321		69.779
		76600		7.66e-11		275.102		17.7798		-22.4031		-4.62325		69.7481
		76800		7.68e-11		265.609		17.1663		-21.7895		-4.62321		69.6166
		77000		7.7e-11		272.712		17.6253		-22.2486		-4.62321		69.7778
		77200		7.72e-11		281.246		18.1769		-22.8001		-4.62322		69.6729
		77400		7.74e-11		264.734		17.1097		-21.7329		-4.62318		69.9043
		77600		7.76e-11		269.351		17.4082		-22.0314		-4.62323		70.3674
		77800		7.78e-11		260.642		16.8453		-21.4684		-4.62317		70.211
		78000		7.8e-11		268.005		17.3212		-21.9444		-4.62322		70.042
		78200		7.82e-11		278.77		18.0169		-22.6401		-4.62325		69.8824
		78400		7.84e-11		276.744		17.8859		-22.5092		-4.62324		70.2319
		78600		7.86e-11		270.121		17.4579		-22.081		-4.62313		70.6871
		78800		7.88e-11		270.982		17.5136		-22.1368		-4.62324		70.7545
		79000		7.9e-11		271.175		17.526		-22.1492		-4.62318		70.9945
		79200		7.92e-11		271.186		17.5268		-22.15		-4.62326		71.3354
		79400		7.94e-11		266.365		17.2152		-21.8384		-4.62319		71.8611
		79600		7.96e-11		256.079		16.5504		-21.1735		-4.62317		72.3921
		79800		7.98e-11		275.414		17.8		-22.4233		-4.62326		72.5701
		80000		8e-11		269.469		17.4158		-22.039		-4.62323		72.6891
		80200		8.02e-11		280.039		18.0989		-22.7221		-4.62325		72.9588
		80400		8.04e-11		272.665		17.6223		-22.2456		-4.62326		73.17
		80600		8.06e-11		272.497		17.6115		-22.2347		-4.62321		73.1341
		80800		8.08e-11		263.839		17.0519		-21.6751		-4.62317		73.3129
		81000		8.1e-11		267.739		17.304		-21.9271		-4.62317		73.8511
		81200		8.12e-11		276.932		17.8981		-22.5213		-4.62324		74.1444
		81400		8.14e-11		280.858		18.1518		-22.775		-4.62321		74.7799
		81600		8.16e-11		274.116		17.7161		-22.3394		-4.62324		75.7183
		81800		8.18e-11		279.587		18.0697		-22.6929		-4.6232		75.6322
		82000		8.2e-11		274.524		17.7425		-22.3657		-4.62324		75.7186
		82200		8.22e-11		275.028		17.7751		-22.3982		-4.62317		75.9322
		82400		8.24e-11		275.364		17.7968		-22.4199		-4.62316		76.3295
		82600		8.26e-11		297.737		19.2427		-23.866		-4.62327		76.759
		82800		8.28e-11		271.133		17.5233		-22.1465		-4.6232		76.8175
		83000		8.3e-11		273.564		17.6804		-22.3037		-4.62324		77.0362
		83200		8.32e-11		272.081		17.5846		-22.2078		-4.62319		77.1163
		83400		8.34e-11		283.247		18.3063		-22.9295		-4.62322		77.6098
		83600		8.36e-11		268.112		17.3281		-21.9513		-4.6232		77.8799
		83800		8.38e-11		278.259		17.9839		-22.6072		-4.62328		78.4602
		84000		8.4e-11		269.454		17.4148		-22.038		-4.6232		78.677
		84200		8.42e-11		266.785		17.2423		-21.8655		-4.6232		79.2245
		84400		8.44e-11		269.44		17.4139		-22.0372		-4.62331		79.0223
		84600		8.46e-11		269.817		17.4383		-22.0615		-4.62319		79.7683
		84800		8.48e-11		274.184		17.7205		-22.3437		-4.62322		79.8917
		85000		8.5e-11		260.084		16.8093		-21.4324		-4.62313		79.8899
		85200		8.52e-11		265.589		17.165		-21.7882		-4.62316		80.2314
		85400		8.54e-11		262.12		16.9408		-21.564		-4.62317		80.3984
		85600		8.56e-11		265.55		17.1625		-21.7856		-4.62313		80.6774
		85800		8.58e-11		265.198		17.1397		-21.7628		-4.6231		81.1144
		86000		8.6e-11		271.018		17.5159		-22.1391		-4.6232		81.3014
		86200		8.62e-11		265.252		17.1432		-21.7664		-4.62318		81.9667
		86400		8.64e-11		271.071		17.5193		-22.1425		-4.62316		82.4676
		86600		8.66e-11		266.132		17.2001		-21.8233		-4.62317		82.3556
		86800		8.68e-11		264.649		17.1043		-21.7275		-4.62323		82.6724
		87000		8.7e-11		274.871		17.7649		-22.3881		-4.62322		82.9672
		87200		8.72e-11		270.252		17.4664		-22.0896		-4.62321		83.3868
		87400		8.74e-11		265.514		17.1601		-21.7834		-4.62323		83.8008
		87600		8.76e-11		276.553		17.8736		-22.4969		-4.62327		84.1292
		87800		8.78e-11		284.206		18.3683		-22.9915		-4.62327		84.8091
		88000		8.8e-11		269.053		17.3889		-22.0122		-4.62331		84.8889
		88200		8.82e-11		276.843		17.8924		-22.5156		-4.62323		85.583
		88400		8.84e-11		276.3		17.8573		-22.4805		-4.62325		85.9054
		88600		8.86e-11		269.271		17.403		-22.0261		-4.62317		85.5969
		88800		8.88e-11		274.625		17.749		-22.3723		-4.62331		86.0625
		89000		8.9e-11		269.248		17.4015		-22.0247		-4.62324		86.0695
		89200		8.92e-11		265.427		17.1545		-21.7777		-4.62319		86.1683
		89400		8.94e-11		255.395		16.5062		-21.1293		-4.62314		86.6351
		89600		8.96e-11		270.643		17.4917		-22.1149		-4.62317		87.3815
		89800		8.98e-11		270.874		17.5066		-22.1299		-4.62324		87.9538
		90000		9e-11		274.597		17.7472		-22.3704		-4.62319		87.9231
		90200		9.02e-11		256.762		16.5945		-21.2176		-4.62312		88.1824
		90400		9.04e-11		266.227		17.2062		-21.8294		-4.62318		88.5528
		90600		9.06e-11		260.591		16.842		-21.4651		-4.62316		89.3218
		90800		9.08e-11		274.98		17.772		-22.3952		-4.62319		90.044
		91000		9.1e-11		262.925		16.9928		-21.6161		-4.62326		90.6655
		91200		9.12e-11		268.044		17.3237		-21.9469		-4.62324		91.1779
		91400		9.14e-11		273.687		17.6884		-22.3116		-4.62325		91.4323
		91600		9.16e-11		262.369		16.9569		-21.5801		-4.62318		91.871
		91800		9.18e-11		271.691		17.5594		-22.1826		-4.62322		92.8662
		92000		9.2e-11		274.719		17.7551		-22.3783		-4.62322		93.0756
		92200		9.22e-11		277.164		17.9131		-22.5364		-4.62326		92.7455
		92400		9.24e-11		276.707		17.8836		-22.5068		-4.62318		92.9445
		92600		9.26e-11		280.043		18.0992		-22.7224		-4.62321		92.7249
		92800		9.28e-11		260.154		16.8138		-21.4369		-4.62316		93.2426
		93000		9.3e-11		268.366		17.3445		-21.9678		-4.6233		93.6477
		93200		9.32e-11		267.716		17.3025		-21.9257		-4.62325		94.3983
		93400		9.34e-11		267.94		17.3169		-21.9401		-4.62316		94.3772
		93600		9.36e-11		266.118		17.1992		-21.8224		-4.62318		95.0197
		93800		9.38e-11		267.04		17.2588		-21.882		-4.62319		95.617
		94000		9.4e-11		272.847		17.6341		-22.2573		-4.62318		95.4815
		94200		9.42e-11		262.545		16.9683		-21.5915		-4.6232		95.6261
		94400		9.44e-11		267.13		17.2646		-21.8879		-4.62324		96.0805
		94600		9.46e-11		271.149		17.5244		-22.1476		-4.62319		96.0841
		94800		9.48e-11		279.036		18.0341		-22.6573		-4.62325		96.837
		95000		9.5e-11		277.477		17.9333		-22.5566		-4.62322		96.554
		95200		9.52e-11		272.268		17.5966		-22.2198		-4.62319		97.3292
		95400		9.54e-11		276.074		17.8427		-22.4659		-4.62323		97.3633
		95600		9.56e-11		270.034		17.4523		-22.0755		-4.62318		97.8712
		95800		9.58e-11		282.383		18.2504		-22.8737		-4.62323		97.9749
		96000		9.6e-11		279.261		18.0486		-22.6719		-4.62323		98.0727
		96200		9.62e-11		281.426		18.1886		-22.8118		-4.62324		97.847
		96400		9.64e-11		275.814		17.8259		-22.4491		-4.62327		98.0203
		96600		9.66e-11		278.135		17.9759		-22.5991		-4.62323		98.7086
		96800		9.68e-11		269.47		17.4158		-22.039		-4.62315		98.7418
		97000		9.7e-11		268.556		17.3567		-21.98		-4.62324		97.9973
		97200		9.72e-11		275.908		17.8319		-22.4551		-4.62319		97.4622
		97400		9.74e-11		262.458		16.9627		-21.5859		-4.62318		97.9719
		97600		9.76e-11		275.776		17.8234		-22.4466		-4.62324		98.0741
		97800		9.78e-11		271.615		17.5545		-22.1776		-4.62311		98.2616
		98000		9.8e-11		271.21		17.5283		-22.1514		-4.62315		98.8479
		98200		9.82e-11		277.404		17.9286		-22.5519		-4.62326		99.1597
		98400		9.84e-11		269.539		17.4203		-22.0435		-4.62322		99.436
		98600		9.86e-11		276.223		17.8523		-22.4755		-4.62322		99.5464
		98800		9.88e-11		272.284		17.5977		-22.2208		-4.62315		99.0703
		99000		9.9e-11		260.725		16.8506		-21.4738		-4.62317		98.943
		99200		9.92e-11		257.84		16.6642		-21.2873		-4.62314		98.5191
		99400		9.94e-11		266.356		17.2146		-21.8378		-4.62317		98.9744
		99600		9.96e-11		275.699		17.8185		-22.4417		-4.62328		99.7452
		99800		9.98e-11		258.103		16.6812		-21.3044		-4.62324		100.245
		100000		1e-10		259.933		16.7995		-21.4227		-4.62322		100.149
		100200		1.002e-10		276.422		17.8652		-22.4883		-4.62315		100.145
		100400		1.004e-10		266.558		17.2276		-21.8509		-4.62324		100.683
		100600		1.006e-10		273.062		17.648		-22.2712		-4.62326		101.028
		100800		1.008e-10		279.201		18.0447		-22.6679		-4.62315		101.805
		101000		1.01e-10		276.784		17.8885		-22.5117		-4.6232		102.579
		101200		1.012e-10		260.887		16.8611		-21.4843		-4.62319		103.625
		101400		1.014e-10		269.81		17.4378		-22.061		-4.62323		103.33
		101600		1.016e-10		265.913		17.1859		-21.8091		-4.62322		103.556
		101800		1.018e-10		253.819		16.4043		-21.0274		-4.62313		103.051
		102000		1.02e-10		283.648		18.3321		-22.9553		-4.6232		102.68
		102200		1.022e-10		270.27		17.4675		-22.0907		-4.6232		102.414
		102400		1.024e-10		268.647		17.3627		-21.9858		-4.62317		102.818
		102600		1.026e-10		277.907		17.9611		-22.5844		-4.62327		103.101
		102800		1.028e-10		276.774		17.8879		-22.5111		-4.62323		103.858
		103000		1.03e-10		276.652		17.88		-22.5032		-4.62317		104.176
		103200		1.032e-10		275.297		17.7925		-22.4156		-4.62317		105.225
		103400		1.034e-10		273.827		17.6975		-22.3207		-4.62325		105.686
		103600		1.036e-10		276.472		17.8684		-22.4916		-4.62325		106.325
		103800		1.038e-10		276.663		17.8807		-22.5039		-4.6232		106.935
		104000		1.04e-10		272.601		17.6182		-22.2414		-4.62317		107.386
		104200		1.042e-10		273.092		17.65		-22.2731		-4.6232		107.533
		104400		1.044e-10		293.364		18.9601		-23.5834		-4.62332		107.906
		104600		1.046e-10		261.315		16.8888		-21.5119		-4.62314		108.666
		104800		1.048e-10		257.52		16.6435		-21.2667		-4.62315		108.543
		105000		1.05e-10		282.718		18.272		-22.8953		-4.62323		109.16
		105200		1.052e-10		262.295		16.9521		-21.5753		-4.62316		109.349
		105400		1.054e-10		273.53		17.6783		-22.3015		-4.62324		109.251
		105600		1.056e-10		274.368		17.7324		-22.3556		-4.62318		109.842
		105800		1.058e-10		271.23		17.5296		-22.1528		-4.62319		109.446
		106000		1.06e-10		277.578		17.9399		-22.5631		-4.62319		109.643
		106200		1.062e-10		272.982		17.6428		-22.266		-4.62318		110.127
		106400		1.064e-10		281.467		18.1912		-22.8144		-4.62324		111.106
		106600		1.066e-10		265.873		17.1834		-21.8066		-4.62319		111.16
		106800		1.068e-10		283.178		18.3018		-22.925		-4.6232		110.908
		107000		1.07e-10		269.79		17.4365		-22.0597		-4.62318		111.386
		107200		1.072e-10		272.841		17.6337		-22.2569		-4.62322		111.472
		107400		1.074e-10		281.821		18.2141		-22.8373		-4.62326		111.229
		107600		1.076e-10		268.787		17.3717		-21.9949		-4.62321		112.04
		107800		1.078e-10		278.553		18.0029		-22.6261		-4.62326		112.031
		108000		1.08e-10		274.913		17.7677		-22.3909		-4.62326		112.896
		108200		1.082e-10		272.538		17.6141		-22.2373		-4.62319		113.91
		108400		1.084e-10		264.846		17.117		-21.7402		-4.6232		114.159
		108600		1.086e-10		270.132		17.4587		-22.0819		-4.62323		113.926
		108800		1.088e-10		270.819		17.5031		-22.1262		-4.62317		114.556
		109000		1.09e-10		270.509		17.483		-22.1061		-4.62314		114.481
		109200		1.092e-10		278.769		18.0168		-22.6401		-4.62327		114.487
		109400		1.094e-10		276.37		17.8618		-22.485		-4.62317		113.98
		109600		1.096e-10		276.936		17.8984		-22.5216		-4.62326		114.277
		109800		1.098e-10		269.951		17.4469		-22.0701		-4.62318		115.071
		110000		1.1e-10		268.137		17.3297		-21.9529		-4.62318		115.502
		110200		1.102e-10		259.194		16.7517		-21.3749		-4.62317		116.411
		110400		1.104e-10		278.245		17.983		-22.6061		-4.62314		116.041
		110600		1.106e-10		269.409		17.4119		-22.0351		-4.62317		116.43
		110800		1.108e-10		279.953		18.0933		-22.7165		-4.62318		117.028
		111000		1.11e-10		262.268		16.9504		-21.5736		-4.62325		117.109
		111200		1.112e-10		266.494		17.2235		-21.8467		-4.62321		116.754
		111400		1.114e-10		263.923		17.0573		-21.6805		-4.62315		117.117
		111600		1.116e-10		272.779		17.6297		-22.2529		-4.62314		117.858
		111800		1.118e-10		274.321		17.7293		-22.3526		-4.62321		117.937
		112000		1.12e-10		281.13		18.1694		-22.7927		-4.62322		118.028
		112200		1.122e-10		285.35		18.4422		-23.0655		-4.62334		117.957
		112400		1.124e-10		275.114		17.7806		-22.4038		-4.62323		117.912
		112600		1.126e-10		274.808		17.7609		-22.3841		-4.62323		117.268
		112800		1.128e-10		270.755		17.4989		-22.1221		-4.6232		117.421
		113000		1.13e-10		266.053		17.195		-21.8182		-4.62315		117.903
		113200		1.132e-10		268.755		17.3697		-21.9928		-4.62318		118.411
		113400		1.134e-10		274.645		17.7503		-22.3736		-4.62329		118.3
		113600		1.136e-10		268.165		17.3315		-21.9547		-4.62317		118.558
		113800		1.138e-10		272.831		17.633		-22.2562		-4.62314		118.75
		114000		1.14e-10		270.751		17.4986		-22.1218		-4.62316		118.727
		114200		1.142e-10		270.752		17.4987		-22.1219		-4.62316		119.329
		114400		1.144e-10		271.745		17.5628		-22.1861		-4.62323		120.143
		114600		1.146e-10		279.174		18.043		-22.6662		-4.62319		120.728
		114800		1.148e-10		268.247		17.3368		-21.96		-4.62321		120.579
		115000		1.15e-10		281.312		18.1812		-22.8044		-4.62325		120.923
		115200		1.152e-10		268.161		17.3312		-21.9544		-4.62315		121.134
		115400		1.154e-10		275.918		17.8326		-22.4558		-4.62322		121.413
		115600		1.156e-10		274.509		17.7415		-22.3647		-4.6232		122.055
		115800		1.158e-10		269.514		17.4187		-22.0418		-4.62316		121.976
		116000		1.16e-10		262.479		16.964		-21.5871		-4.62312		121.982
		116200		1.162e-10		270.724		17.4969		-22.1201		-4.62325		122.006
		116400		1.164e-10		264.842		17.1167		-21.7398		-4.62314		121.984
		116600		1.166e-10		271.666		17.5578		-22.181		-4.62322		121.756
		116800		1.168e-10		279.334		18.0533		-22.6766		-4.62325		122.075
		117000		1.17e-10		268.974		17.3838		-22.007		-4.6232		122.107
		117200		1.172e-10		274.377		17.733		-22.3562		-4.62321		122.244
		117400		1.174e-10		272.777		17.6296		-22.2528		-4.62326		122.59
		117600		1.176e-10		267.894		17.314		-21.9372		-4.62321		122.931
		117800		1.178e-10		277.041		17.9051		-22.5284		-4.62324		123.178
		118000		1.18e-10		264.422		17.0896		-21.7128		-4.62321		123.142
		118200		1.182e-10		271.083		17.5201		-22.1433		-4.62319		123.495
		118400		1.184e-10		268.188		17.333		-21.9561		-4.62316		123.882
		118600		1.186e-10		275.88		17.8301		-22.4533		-4.62321		123.452
		118800		1.188e-10		271.735		17.5622		-22.1855		-4.62324		124.131
		119000		1.19e-10		277.417		17.9295		-22.5528		-4.62328		124.808
		119200		1.192e-10		268.871		17.3771		-22.0003		-4.6232		125.555
		119400		1.194e-10		273.635		17.685		-22.3082		-4.62321		125.897
		119600		1.196e-10		268.439		17.3492		-21.9724		-4.62316		126.559
		119800		1.198e-10		276.522		17.8716		-22.4948		-4.62318		126.87
		120000		1.2e-10		272.486		17.6108		-22.234		-4.6232		127.745
		120200		1.202e-10		279.547		18.0671		-22.6904		-4.62326		127.333
		120400		1.204e-10		265.916		17.1861		-21.8093		-4.62318		127.535
		120600		1.206e-10		264.224		17.0768		-21.7		-4.62318		127.701
		120800		1.208e-10		262.691		16.9777		-21.6009		-4.62314		127.548
		121000		1.21e-10		267.471		17.2866		-21.9098		-4.62319		127.856
		121200		1.212e-10		280.078		18.1014		-22.7247		-4.62327		128.013
		121400		1.214e-10		263.65		17.0397		-21.6628		-4.62314		128.028
		121600		1.216e-10		274.285		17.727		-22.3502		-4.62321		128.243
		121800		1.218e-10		274.937		17.7692		-22.3924		-4.62326		128.499
		122000		1.22e-10		273.723		17.6907		-22.3139		-4.62323		128.699
		122200		1.222e-10		267.58		17.2937		-21.9169		-4.62317		129.337
		122400		1.224e-10		263.538		17.0324		-21.6556		-4.62315		130.059
		122600		1.226e-10		271.775		17.5648		-22.1881		-4.62324		130.636
		122800		1.228e-10		270.607		17.4893		-22.1125		-4.62315		131.098
		123000		1.23e-10		264.949		17.1236		-21.7468		-4.62322		130.649
		123200		1.232e-10		279.778		18.082		-22.7053		-4.62322		130.226
		123400		1.234e-10		276.199		17.8508		-22.474		-4.62326		130.476
		123600		1.236e-10		275.027		17.775		-22.3983		-4.6233		130.852
		123800		1.238e-10		267.464		17.2862		-21.9094		-4.62319		130.916
		124000		1.24e-10		272.154		17.5893		-22.2125		-4.62318		130.198
		124200		1.242e-10		273.273		17.6616		-22.2848		-4.6232		130.479
		124400		1.244e-10		280.753		18.145		-22.7682		-4.62319		129.901
		124600		1.246e-10		291.478		18.8382		-23.4615		-4.62328		130.447
		124800		1.248e-10		268.236		17.3361		-21.9592		-4.62318		130.879
		125000		1.25e-10		266.461		17.2214		-21.8446		-4.62318		130.427
		125200		1.252e-10		273.605		17.6831		-22.3063		-4.6232		130.63
		125400		1.254e-10		265.283		17.1453		-21.7685		-4.62321		129.908
		125600		1.256e-10		261.57		16.9052		-21.5284		-4.6232		130.024
		125800		1.258e-10		268.725		17.3677		-21.9908		-4.62314		129.881
		126000		1.26e-10		263.536		17.0324		-21.6555		-4.62314		130.075
		126200		1.262e-10		272.207		17.5927		-22.2159		-4.62313		130.661
		126400		1.264e-10		266.968		17.2542		-21.8774		-4.62322		130.662
		126600		1.266e-10		286.495		18.5162		-23.1395		-4.62326		131.023
		126800		1.268e-10		268.966		17.3833		-22.0065		-4.62321		131.704
		127000		1.27e-10		271.356		17.5377		-22.161		-4.62323		132.092
		127200		1.272e-10		266.523		17.2254		-21.8486		-4.62318		132.436
		127400		1.274e-10		265.314		17.1472		-21.7704		-4.62319		132.254
		127600		1.276e-10		273.42		17.6711		-22.2943		-4.6232		132.776
		127800		1.278e-10		277.564		17.9389		-22.5622		-4.62325		133.288
		128000		1.28e-10		268.283		17.3392		-21.9624		-4.62323		133.586
		128200		1.282e-10		261.706		16.9141		-21.5373		-4.62319		133.822
		128400		1.284e-10		258.984		16.7381		-21.3613		-4.62316		134.129
		128600		1.286e-10		272.025		17.5809		-22.2042		-4.62323		134.921
		128800		1.288e-10		269.485		17.4168		-22.04		-4.62316		135.481
		129000		1.29e-10		269.563		17.4218		-22.0451		-4.62323		135.552
		129200		1.292e-10		277.778		17.9528		-22.576		-4.62318		136.039
		129400		1.294e-10		264.884		17.1195		-21.7426		-4.6231		135.901
		129600		1.296e-10		272.071		17.5839		-22.2071		-4.62321		135.418
		129800		1.298e-10		272.107		17.5863		-22.2095		-4.62319		136.111
		130000		1.3e-10		266.811		17.244		-21.8672		-4.62319		136.548
		130200		1.302e-10		265.553		17.1627		-21.7858		-4.62314		136.941
		130400		1.304e-10		275.792		17.8244		-22.4477		-4.62321		137.432
		130600		1.306e-10		269.788		17.4364		-22.0596		-4.62316		138.202
		130800		1.308e-10		265.993		17.1911		-21.8144		-4.62322		138.819
		131000		1.31e-10		269.769		17.4352		-22.0584		-4.62326		139.153
		131200		1.312e-10		261.384		16.8932		-21.5165		-4.62325		139.543
		131400		1.314e-10		270.636		17.4912		-22.1144		-4.62319		140.445
		131600		1.316e-10		267.331		17.2776		-21.9008		-4.62319		140.543
		131800		1.318e-10		267.92		17.3157		-21.9389		-4.62326		140.552
		132000		1.32e-10		266.571		17.2285		-21.8517		-4.62318		139.706
		132200		1.322e-10		260.442		16.8324		-21.4555		-4.62315		139.862
		132400		1.324e-10		261.836		16.9224		-21.5456		-4.62317		139.568
		132600		1.326e-10		279.508		18.0646		-22.6879		-4.62328		140.524
		132800		1.328e-10		261.311		16.8885		-21.5117		-4.62319		140.96
		133000		1.33e-10		274.099		17.715		-22.3383		-4.62324		141.235
		133200		1.332e-10		276.219		17.852		-22.4752		-4.62317		141.668
		133400		1.334e-10		263.458		17.0273		-21.6505		-4.62322		142.609
		133600		1.336e-10		271.346		17.5371		-22.1602		-4.62312		143.226
		133800		1.338e-10		284.93		18.415		-23.0383		-4.62327		143.091
		134000		1.34e-10		283.045		18.2932		-22.9164		-4.62324		143.785
		134200		1.342e-10		278.628		18.0077		-22.631		-4.62326		145.263
		134400		1.344e-10		260.235		16.819		-21.4422		-4.62316		145.076
		134600		1.346e-10		272.968		17.6419		-22.2651		-4.62315		145.711
		134800		1.348e-10		277.597		17.9411		-22.5643		-4.62318		146.453
		135000		1.35e-10		268.111		17.328		-21.9512		-4.62318		147.691
		135200		1.352e-10		272.517		17.6128		-22.236		-4.62322		148.059
		135400		1.354e-10		269.256		17.402		-22.0252		-4.62318		147.227
		135600		1.356e-10		270.613		17.4897		-22.1129		-4.62317		147.632
		135800		1.358e-10		275.488		17.8048		-22.428		-4.62324		147.366
		136000		1.36e-10		277.615		17.9422		-22.5655		-4.62327		147.63
		136200		1.362e-10		277.631		17.9433		-22.5664		-4.62318		148.064
		136400		1.364e-10		267.609		17.2955		-21.9187		-4.62318		147.747
		136600		1.366e-10		278.311		17.9872		-22.6105		-4.62323		148.336
		136800		1.368e-10		274.991		17.7726		-22.3959		-4.6233		148.422
		137000		1.37e-10		260.254		16.8202		-21.4433		-4.62311		148.976
		137200		1.372e-10		272.288		17.598		-22.2212		-4.62321		149.547
		137400		1.374e-10		267.458		17.2858		-21.9091		-4.62325		150.073
		137600		1.376e-10		260.422		16.8311		-21.4542		-4.62317		150.182
		137800		1.378e-10		278.351		17.9899		-22.6131		-4.62324		149.724
		138000		1.38e-10		263.446		17.0265		-21.6497		-4.62318		149.799
		138200		1.382e-10		276.448		17.8669		-22.49		-4.62316		150.155
		138400		1.384e-10		257.348		16.6324		-21.2555		-4.62312		150.472
		138600		1.386e-10		272.46		17.6091		-22.2323		-4.62324		150.617
		138800		1.388e-10		269.249		17.4016		-22.0248		-4.62319		150.677
		139000		1.39e-10		266.659		17.2342		-21.8574		-4.62322		151.267
		139200		1.392e-10		274.905		17.7671		-22.3903		-4.62315		151.389
		139400		1.394e-10		265.701		17.1723		-21.7955		-4.62319		151.318
		139600		1.396e-10		270.481		17.4812		-22.1044		-4.6232		151.901
		139800		1.398e-10		268.218		17.3349		-21.9582		-4.62326		152.083
		140000		1.4e-10		266.61		17.231		-21.8542		-4.62317		152.501
		140200		1.402e-10		264.314		17.0826		-21.7058		-4.62317		152.722
		140400		1.404e-10		266.442		17.2201		-21.8433		-4.62319		153.201
		140600		1.406e-10		277.087		17.9081		-22.5313		-4.62319		153.887
		140800		1.408e-10		271.375		17.539		-22.1621		-4.62317		153.981
		141000		1.41e-10		281.174		18.1723		-22.7955		-4.62321		154.099
		141200		1.412e-10		268.496		17.3529		-21.9761		-4.6232		154.621
		141400		1.414e-10		270.783		17.5007		-22.124		-4.62325		154.679
		141600		1.416e-10		287.093		18.5548		-23.178		-4.62322		154.805
		141800		1.418e-10		278.664		18.0101		-22.6332		-4.62318		154.946
		142000		1.42e-10		282.694		18.2705		-22.8937		-4.62326		154.43
		142200		1.422e-10		270.795		17.5015		-22.1246		-4.62316		154.413
		142400		1.424e-10		265.53		17.1612		-21.7844		-4.62317		154.902
		142600		1.426e-10		280.281		18.1145		-22.7377		-4.62321		155.477
		142800		1.428e-10		262.055		16.9366		-21.5598		-4.62322		155.599
		143000		1.43e-10		269.043		17.3882		-22.0114		-4.62319		155.366
		143200		1.432e-10		270.762		17.4993		-22.1225		-4.6232		155.662
		143400		1.434e-10		275.116		17.7808		-22.404		-4.62319		156.355
		143600		1.436e-10		265.603		17.1659		-21.7891		-4.6232		156.715
		143800		1.438e-10		276.234		17.853		-22.4762		-4.62322		157.2
		144000		1.44e-10		273.74		17.6918		-22.3151		-4.62327		158.171
		144200		1.442e-10		273.468		17.6742		-22.2974		-4.6232		158.639
		144400		1.444e-10		266.163		17.2021		-21.8253		-4.62321		159.29
		144600		1.446e-10		268.935		17.3813		-22.0044		-4.62315		159.729
		144800		1.448e-10		280.53		18.1306		-22.7538		-4.62319		159.727
		145000		1.45e-10		267.717		17.3026		-21.9258		-4.62319		160.063
		145200		1.452e-10		268.74		17.3686		-21.9918		-4.62317		160.321
		145400		1.454e-10		264.607		17.1016		-21.7248		-4.6232		160.717
		145600		1.456e-10		280.523		18.1302		-22.7534		-4.62315		161.166
		145800		1.458e-10		274.947		17.7698		-22.393		-4.62322		161.407
		146000		1.46e-10		265.263		17.1439		-21.7671		-4.62317		161.773
		146200		1.462e-10		270.244		17.4658		-22.089		-4.62319		162.063
		146400		1.464e-10		283.243		18.306		-22.9292		-4.62326		162.323
		146600		1.466e-10		278.226		17.9817		-22.6049		-4.62319		162.472
		146800		1.468e-10		274.528		17.7428		-22.366		-4.62323		162.703
		147000		1.47e-10		262.318		16.9536		-21.5768		-4.62317		163.535
		147200		1.472e-10		264.537		17.097		-21.7202		-4.62318		164.022
		147400		1.474e-10		277.192		17.9149		-22.5382		-4.62326		164.572
		147600		1.476e-10		260.299		16.8231		-21.4462		-4.62313		165.703
		147800		1.478e-10		275.173		17.7844		-22.4077		-4.62328		165.774
		148000		1.48e-10		275.706		17.8189		-22.4421		-4.62324		166.025
		148200		1.482e-10		266.789		17.2425		-21.8657		-4.62312		165.818
		148400		1.484e-10		266.867		17.2476		-21.8708		-4.62315		166.715
		148600		1.486e-10		271.82		17.5677		-22.191		-4.6232		165.998
		148800		1.488e-10		270.704		17.4956		-22.1188		-4.62317		166.359
		149000		1.49e-10		272.191		17.5917		-22.2149		-4.62319		166.936
		149200		1.492e-10		263.586		17.0356		-21.6588		-4.6232		167.281
		149400		1.494e-10		256.513		16.5784		-21.2016		-4.62315		168.106
		149600		1.496e-10		269.553		17.4212		-22.0444		-4.62318		168.323
		149800		1.498e-10		279.883		18.0888		-22.7121		-4.62323		169.11
		150000		1.5e-10		278.472		17.9977		-22.6209		-4.62324		169.763
		150200		1.502e-10		276.372		17.8619		-22.4851		-4.62316		170.061
		150400		1.504e-10		268.719		17.3673		-21.9905		-4.62314		170.311
		150600		1.506e-10		272.526		17.6134		-22.2366		-4.62323		170.724
		150800		1.508e-10		256.693		16.5901		-21.2132		-4.62313		171.48
		151000		1.51e-10		274.381		17.7332		-22.3564		-4.6232		171.459
		151200		1.512e-10		266.183		17.2034		-21.8266		-4.62324		172.171
		151400		1.514e-10		269.208		17.3989		-22.0222		-4.62329		172.395
		151600		1.516e-10		271.229		17.5295		-22.1527		-4.6232		172.086
		151800		1.518e-10		258.451		16.7037		-21.3268		-4.6231		171.912
		152000		1.52e-10		258.693		16.7193		-21.3425		-4.62313		171.988
		152200		1.522e-10		266.95		17.253		-21.8761		-4.62316		171.719
		152400		1.524e-10		269.149		17.3951		-22.0182		-4.62316		170.917
		152600		1.526e-10		266.83		17.2452		-21.8684		-4.62318		170.809
		152800		1.528e-10		266.937		17.2521		-21.8753		-4.62316		170.402
		153000		1.53e-10		279.508		18.0646		-22.6879		-4.62325		170.685
		153200		1.532e-10		277.902		17.9608		-22.5841		-4.62326		171.807
		153400		1.534e-10		269.212		17.3992		-22.0223		-4.62318		171.457
		153600		1.536e-10		284.713		18.401		-23.0242		-4.62323		171.045
		153800		1.538e-10		275.957		17.8351		-22.4584		-4.6233		170.991
		154000		1.54e-10		263.788		17.0486		-21.6718		-4.6232		171.677
		154200		1.542e-10		276.643		17.8794		-22.5027		-4.62327		171.695
		154400		1.544e-10		262.937		16.9936		-21.6168		-4.62321		171.83
		154600		1.546e-10		259.138		16.7481		-21.3712		-4.62313		172.362
		154800		1.548e-10		277.713		17.9486		-22.5718		-4.62322		172.235
		155000		1.55e-10		271.943		17.5757		-22.1989		-4.62322		173.052
		155200		1.552e-10		270.849		17.5049		-22.128		-4.62308		173.21
		155400		1.554e-10		273.595		17.6825		-22.3057		-4.62325		173.205
		155600		1.556e-10		267.264		17.2732		-21.8965		-4.62324		173.117
		155800		1.558e-10		266.259		17.2083		-21.8315		-4.6232		173.294
		156000		1.56e-10		262.087		16.9387		-21.5618		-4.62311		173.537
		156200		1.562e-10		277.163		17.913		-22.5362		-4.62318		173.713
		156400		1.564e-10		267.813		17.3087		-21.9319		-4.6232		173.659
		156600		1.566e-10		272.785		17.6301		-22.2533		-4.62321		173.513
		156800		1.568e-10		281.377		18.1854		-22.8086		-4.62319		173.449
		157000		1.57e-10		264.484		17.0936		-21.7168		-4.62318		173.569
		157200		1.572e-10		277.813		17.9551		-22.5783		-4.62327		174.995
		157400		1.574e-10		269.7		17.4307		-22.0539		-4.62321		175.065
		157600		1.576e-10		263.14		17.0067		-21.6299		-4.62312		175.782
		157800		1.578e-10		274.035		17.7109		-22.3341		-4.62325		176.124
		158000		1.58e-10		274.866		17.7646		-22.3878		-4.62324		176.211
		158200		1.582e-10		276.144		17.8472		-22.4704		-4.6232		176.085
		158400		1.584e-10		268.797		17.3724		-21.9956		-4.6232		176.44
		158600		1.586e-10		275.162		17.7837		-22.4069		-4.62318		177.065
		158800		1.588e-10		274.508		17.7415		-22.3647		-4.6232		178.035
		159000		1.59e-10		280.697		18.1414		-22.7647		-4.62325		178.408
		159200		1.592e-10		270.513		17.4832		-22.1065		-4.62323		179.36
		159400		1.594e-10		278.424		17.9946		-22.6178		-4.62323		179.063
		159600		1.596e-10		267.291		17.275		-21.8982		-4.62315		179.068
		159800		1.598e-10		273.346		17.6663		-22.2895		-4.62319		179.457
		160000		1.6e-10		272.788		17.6303		-22.2535		-4.62318		179.974
		160200		1.602e-10		263.531		17.032		-21.6552		-4.62311		180.813
		160400		1.604e-10		271.556		17.5507		-22.1739		-4.62323		181.194
		160600		1.606e-10		267.426		17.2837		-21.9069		-4.62319		180.924
		160800		1.608e-10		257.79		16.6609		-21.2841		-4.62315		181.773
		161000		1.61e-10		275.158		17.7835		-22.4067		-4.6232		181.834
		161200		1.612e-10		269.859		17.441		-22.0642		-4.62321		181.944
		161400		1.614e-10		275.179		17.7848		-22.408		-4.62318		182.077
		161600		1.616e-10		261.224		16.8829		-21.5061		-4.62317		182.886
		161800		1.618e-10		273.541		17.679		-22.3022		-4.62327		182.707
		162000		1.62e-10		273.816		17.6968		-22.3199		-4.62319		182.658
		162200		1.622e-10		274.82		17.7616		-22.3849		-4.62328		183.656
		162400		1.624e-10		268.848		17.3756		-21.9989		-4.62325		184.508
		162600		1.626e-10		264.158		17.0725		-21.6958		-4.62323		184.421
		162800		1.628e-10		274.089		17.7144		-22.3376		-4.62324		184.251
		163000		1.63e-10		262.023		16.9346		-21.5578		-4.62321		184.141
		163200		1.632e-10		261.84		16.9227		-21.5458		-4.62311		184.465
		163400		1.634e-10		271.488		17.5463		-22.1695		-4.6232		184.308
		163600		1.636e-10		263.922		17.0573		-21.6805		-4.62321		184.396
		163800		1.638e-10		268.741		17.3687		-21.9919		-4.62317		183.668
		164000		1.64e-10		275.408		17.7996		-22.4228		-4.6232		184.183
		164200		1.642e-10		277.306		17.9223		-22.5456		-4.62324		184.275
		164400		1.644e-10		265.217		17.141		-21.7641		-4.62314		184.741
		164600		1.646e-10		272.473		17.61		-22.2331		-4.6232		184.633
		164800		1.648e-10		272.988		17.6432		-22.2665		-4.62326		184.302
		165000		1.65e-10		263.54		17.0326		-21.6557		-4.62315		185.071
		165200		1.652e-10		279.092		18.0377		-22.6609		-4.62322		186.011
		165400		1.654e-10		268.04		17.3234		-21.9467		-4.62323		186.829
		165600		1.656e-10		279.796		18.0832		-22.7064		-4.62323		186.556
		165800		1.658e-10		264.707		17.108		-21.7312		-4.62318		186.944
		166000		1.66e-10		263.226		17.0123		-21.6355		-4.62318		187.116
		166200		1.662e-10		267.983		17.3197		-21.9429		-4.62321		187.418
		166400		1.664e-10		259.695		16.7841		-21.4073		-4.6232		187.281
		166600		1.666e-10		260.757		16.8527		-21.4759		-4.62321		187.653
		166800		1.668e-10		261.891		16.926		-21.5492		-4.6232		187.758
		167000		1.67e-10		269.45		17.4145		-22.0378		-4.62328		188.012
		167200		1.672e-10		261.487		16.8999		-21.5231		-4.62318		187.768
		167400		1.674e-10		264.522		17.096		-21.7193		-4.62322		188.212
		167600		1.676e-10		266.236		17.2068		-21.8301		-4.62321		189.003
		167800		1.678e-10		263.395		17.0232		-21.6464		-4.62319		189.229
		168000		1.68e-10		265.421		17.1541		-21.7774		-4.62324		189.438
		168200		1.682e-10		278.117		17.9747		-22.5979		-4.62321		189.186
		168400		1.684e-10		274.451		17.7378		-22.3609		-4.62319		189.235
		168600		1.686e-10		269.539		17.4203		-22.0435		-4.62322		189.302
		168800		1.688e-10		275.899		17.8314		-22.4546		-4.62323		189.901
		169000		1.69e-10		281.672		18.2045		-22.8277		-4.62321		189.929
		169200		1.692e-10		276.032		17.8399		-22.4631		-4.6232		189.839
		169400		1.694e-10		268.226		17.3355		-21.9586		-4.62317		189.72
		169600		1.696e-10		275.156		17.7833		-22.4065		-4.62324		189.654
		169800		1.698e-10		276.801		17.8896		-22.5129		-4.62328		189.481
		170000		1.7e-10		280.503		18.1289		-22.7522		-4.62324		189.293
		170200		1.702e-10		276.204		17.8511		-22.4743		-4.62325		189.691
		170400		1.704e-10		267.45		17.2853		-21.9085		-4.62319		190.151
		170600		1.706e-10		266.137		17.2004		-21.8236		-4.62315		190.656
		170800		1.708e-10		282.375		18.2499		-22.8732		-4.62325		190.682
		171000		1.71e-10		281.733		18.2084		-22.8316		-4.62321		191.113
		171200		1.712e-10		275.328		17.7945		-22.4177		-4.62324		191.711
		171400		1.714e-10		284.311		18.375		-22.9983		-4.62326		192.852
		171600		1.716e-10		279.722		18.0784		-22.7017		-4.62326		193.246
		171800		1.718e-10		284.964		18.4172		-23.0405		-4.62325		194.041
		172000		1.72e-10		274.199		17.7215		-22.3447		-4.6232		194.476
		172200		1.722e-10		267.886		17.3135		-21.9366		-4.62314		193.88
		172400		1.724e-10		274.016		17.7096		-22.3328		-4.62317		195.007
		172600		1.726e-10		270.237		17.4654		-22.0887		-4.62329		194.575
		172800		1.728e-10		275.027		17.775		-22.3982		-4.62326		195.384
		173000		1.73e-10		282.769		18.2753		-22.8987		-4.62332		196.906
		173200		1.732e-10		277.222		17.9169		-22.5401		-4.62323		196.622
		173400		1.734e-10		268.538		17.3556		-21.9788		-4.62318		196.286
		173600		1.736e-10		275.127		17.7814		-22.4047		-4.62325		195.961
		173800		1.738e-10		264.45		17.0914		-21.7146		-4.62319		195.683
		174000		1.74e-10		267.238		17.2716		-21.8949		-4.62324		195.523
		174200		1.742e-10		270.081		17.4554		-22.0786		-4.62324		196.869
		174400		1.744e-10		270.325		17.4711		-22.0943		-4.6232		197.091
		174600		1.746e-10		270.888		17.5075		-22.1308		-4.62325		196.64
		174800		1.748e-10		272.165		17.59		-22.2133		-4.62324		196.608
		175000		1.75e-10		264.778		17.1126		-21.7358		-4.62321		196.804
		175200		1.752e-10		271.3		17.5341		-22.1573		-4.62315		198.119
		175400		1.754e-10		264.121		17.0701		-21.6933		-4.62317		198.715
		175600		1.756e-10		267.905		17.3147		-21.9379		-4.62317		199.914
		175800		1.758e-10		272.687		17.6238		-22.247		-4.62321		200.205
		176000		1.76e-10		282.159		18.236		-22.8593		-4.6233		200.173
		176200		1.762e-10		260.171		16.8148		-21.438		-4.62315		200.549
		176400		1.764e-10		270.598		17.4888		-22.112		-4.62325		200.915
		176600		1.766e-10		266.788		17.2425		-21.8657		-4.62321		201.614
		176800		1.768e-10		282.01		18.2263		-22.8495		-4.62323		202.416
		177000		1.77e-10		271.726		17.5617		-22.1848		-4.62315		202.134
		177200		1.772e-10		270.76		17.4992		-22.1224		-4.62323		201.816
		177400		1.774e-10		269.741		17.4333		-22.0566		-4.62323		202.753
		177600		1.776e-10		267.588		17.2942		-21.9174		-4.62324		202.869
		177800		1.778e-10		267.444		17.2849		-21.9081		-4.62319		202.614
		178000		1.78e-10		275.714		17.8194		-22.4426		-4.62319		202.308
		178200		1.782e-10		258.68		16.7185		-21.3417		-4.62318		203.489
		178400		1.784e-10		266.221		17.2058		-21.829		-4.62318		204.414
		178600		1.786e-10		275.31		17.7933		-22.4165		-4.62328		204.071
		178800		1.788e-10		285.385		18.4444		-23.0677		-4.62327		203.446
		179000		1.79e-10		274.557		17.7446		-22.3678		-4.62323		203.416
		179200		1.792e-10		278.025		17.9688		-22.592		-4.62325		203.385
		179400		1.794e-10		270.071		17.4547		-22.0779		-4.62326		204.001
		179600		1.796e-10		268.961		17.3829		-22.0062		-4.62323		203.561
		179800		1.798e-10		280.479		18.1273		-22.7506		-4.62324		203.667
		180000		1.8e-10		260.767		16.8533		-21.4765		-4.62317		203.911
		180200		1.802e-10		279.343		18.054		-22.6772		-4.62324		202.948
		180400		1.804e-10		269.271		17.403		-22.0262		-4.62323		203.798
		180600		1.806e-10		273.87		17.7002		-22.3234		-4.62318		203.49
		180800		1.808e-10		271.918		17.5741		-22.1973		-4.6232		204.444
		181000		1.81e-10		268.375		17.3451		-21.9683		-4.62323		205.326
		181200		1.812e-10		273.673		17.6875		-22.3107		-4.62325		205.969
		181400		1.814e-10		278.496		17.9992		-22.6224		-4.62327		206.177
		181600		1.816e-10		263.847		17.0524		-21.6756		-4.62315		207.078
		181800		1.818e-10		280.43		18.1242		-22.7474		-4.62322		207.151
		182000		1.82e-10		270.165		17.4608		-22.0839		-4.62318		207.777
		182200		1.822e-10		278.494		17.9991		-22.6223		-4.62319		207.524
		182400		1.824e-10		263.495		17.0297		-21.6529		-4.62318		207.4
		182600		1.826e-10		283.625		18.3307		-22.9539		-4.62321		208.051
		182800		1.828e-10		267.204		17.2694		-21.8926		-4.62325		208.718
		183000		1.83e-10		274.359		17.7318		-22.3551		-4.62323		209.327
		183200		1.832e-10		276.046		17.8409		-22.464		-4.62316		208.966
		183400		1.834e-10		270.267		17.4674		-22.0905		-4.62317		209.025
		183600		1.836e-10		269.063		17.3896		-22.0127		-4.62316		209.771
		183800		1.838e-10		278.013		17.9679		-22.5912		-4.62326		210.298
		184000		1.84e-10		279.007		18.0323		-22.6555		-4.62327		210.675
		184200		1.842e-10		259.974		16.8021		-21.4253		-4.6232		210.399
		184400		1.844e-10		279.738		18.0794		-22.7027		-4.62325		211.101
		184600		1.846e-10		262.219		16.9472		-21.5704		-4.62315		211.191
		184800		1.848e-10		259.018		16.7403		-21.3635		-4.62317		210.739
		185000		1.85e-10		265.199		17.1398		-21.763		-4.62319		210.89
		185200		1.852e-10		264.565		17.0989		-21.7221		-4.62323		209.868
		185400		1.854e-10		270.201		17.4631		-22.0863		-4.62323		209.933
		185600		1.856e-10		274.102		17.7152		-22.3384		-4.6232		210.816
		185800		1.858e-10		269.25		17.4016		-22.0248		-4.62315		211.125
		186000		1.86e-10		275.57		17.8101		-22.4333		-4.62324		211.189
		186200		1.862e-10		284.124		18.3629		-22.986		-4.62314		211.162
		186400		1.864e-10		270.321		17.4708		-22.094		-4.62318		211.227
		186600		1.866e-10		271.916		17.5739		-22.1971		-4.62319		211.298
		186800		1.868e-10		270.269		17.4675		-22.0907		-4.62319		211.149
		187000		1.87e-10		274.472		17.7391		-22.3623		-4.62323		212.546
		187200		1.872e-10		264.829		17.1159		-21.7391		-4.62318		212.784
		187400		1.874e-10		272.383		17.6041		-22.2274		-4.62324		212.559
		187600		1.876e-10		276.894		17.8957		-22.5188		-4.62316		212.457
		187800		1.878e-10		285.959		18.4815		-23.1048		-4.62324		212.026
		188000		1.88e-10		277.522		17.9362		-22.5595		-4.62326		212.629
		188200		1.882e-10		274.3		17.728		-22.3512		-4.6232		212.615
		188400		1.884e-10		279.003		18.0319		-22.6552		-4.6233		212.157
		188600		1.886e-10		273.909		17.7027		-22.3259		-4.62319		211.828
		188800		1.888e-10		268.977		17.384		-22.0072		-4.6232		212.075
		189000		1.89e-10		273.737		17.6917		-22.3149		-4.62325		212.793
		189200		1.892e-10		265.194		17.1395		-21.7626		-4.62316		213.717
		189400		1.894e-10		265.616		17.1668		-21.79		-4.62324		213.48
		189600		1.896e-10		267.089		17.2619		-21.8851		-4.62321		213.769
		189800		1.898e-10		270.582		17.4877		-22.1109		-4.62321		214.027
		190000		1.9e-10		267.5		17.2885		-21.9117		-4.62318		214.308
		190200		1.902e-10		264.33		17.0836		-21.7069		-4.62325		215.074
		190400		1.904e-10		285.269		18.4369		-23.0601		-4.62323		215.945
		190600		1.906e-10		269.812		17.4379		-22.0611		-4.62316		216.327
		190800		1.908e-10		276.194		17.8504		-22.4737		-4.62324		216.982
		191000		1.91e-10		275.109		17.7803		-22.4036		-4.62325		217.213
		191200		1.912e-10		265.69		17.1716		-21.7948		-4.6232		217.267
		191400		1.914e-10		270.536		17.4847		-22.108		-4.62323		217.299
		191600		1.916e-10		258.925		16.7343		-21.3575		-4.62315		218.374
		191800		1.918e-10		279.995		18.0961		-22.7193		-4.62324		219.309
		192000		1.92e-10		261.168		16.8793		-21.5025		-4.6232		220.055
		192200		1.922e-10		280.155		18.1064		-22.7296		-4.62316		220.963
		192400		1.924e-10		271.232		17.5297		-22.153		-4.62322		222.173
		192600		1.926e-10		277.339		17.9244		-22.5477		-4.62324		221.896
		192800		1.928e-10		264.49		17.094		-21.7172		-4.62318		222.67
		193000		1.93e-10		280.47		18.1268		-22.7501		-4.62325		223.242
		193200		1.932e-10		261.567		16.9051		-21.5283		-4.6232		223.337
		193400		1.934e-10		275.692		17.818		-22.4412		-4.62319		223.554
		193600		1.936e-10		280.675		18.14		-22.7633		-4.62321		223.755
		193800		1.938e-10		276.344		17.8601		-22.4833		-4.62322		225.04
		194000		1.94e-10		279.175		18.0431		-22.6663		-4.62322		225.995
		194200		1.942e-10		274.084		17.714		-22.3373		-4.62324		225.586
		194400		1.944e-10		277.053		17.9059		-22.5292		-4.62323		225.888
		194600		1.946e-10		279.49		18.0634		-22.6867		-4.62324		227.196
		194800		1.948e-10		262.064		16.9372		-21.5604		-4.62317		228.346
		195000		1.95e-10		265.584		17.1647		-21.7879		-4.62323		228.772
		195200		1.952e-10		272.841		17.6337		-22.2569		-4.62321		228.909
		195400		1.954e-10		274.768		17.7583		-22.3814		-4.62316		228.557
		195600		1.956e-10		275.034		17.7755		-22.3987		-4.62326		228.254
		195800		1.958e-10		280.102		18.103		-22.7263		-4.62327		228.914
		196000		1.96e-10		286.238		18.4995		-23.1228		-4.62325		229.477
		196200		1.962e-10		274.87		17.7649		-22.3881		-4.62322		230.307
		196400		1.964e-10		274.147		17.7181		-22.3414		-4.62327		230.075
		196600		1.966e-10		268.419		17.3479		-21.9711		-4.62316		229.646
		196800		1.968e-10		262.045		16.936		-21.5591		-4.62315		230.367
		197000		1.97e-10		267.868		17.3123		-21.9354		-4.62311		230.592
		197200		1.972e-10		266.669		17.2348		-21.858		-4.62318		231.095
		197400		1.974e-10		276.229		17.8527		-22.476		-4.62325		231.743
		197600		1.976e-10		266.286		17.2101		-21.8332		-4.62317		231.551
		197800		1.978e-10		270.526		17.4841		-22.1074		-4.62325		231.191
		198000		1.98e-10		274.763		17.758		-22.3812		-4.62322		230.791
		198200		1.982e-10		284.278		18.3729		-22.9961		-4.62324		231.34
		198400		1.984e-10		275.233		17.7883		-22.4115		-4.62322		232.367
		198600		1.986e-10		273.775		17.6941		-22.3173		-4.62323		233.007
		198800		1.988e-10		274.4		17.7345		-22.3577		-4.62325		233.22
		199000		1.99e-10		264.142		17.0715		-21.6947		-4.62317		233.602
		199200		1.992e-10		266.152		17.2014		-21.8246		-4.62323		233.728
		199400		1.994e-10		273.563		17.6804		-22.3036		-4.62319		233.855
		199600		1.996e-10		275.165		17.7839		-22.4072		-4.62325		233.923
		199800		1.998e-10		276.539		17.8727		-22.4959		-4.62321		233.684
