		timesteps		t		Temperature		Kin		Pot		TotalE		MSD
		0		0		605.244		39.1169		-43.9281		-4.81125		0.00743876
		200		2e-13		284.748		18.4033		-23.2144		-4.81116		0.438519
		400		4e-13		297.382		19.2198		-24.031		-4.81118		0.577197
		600		6e-13		322.031		20.8128		-25.6241		-4.81122		0.591334
		800		8e-13		308.045		19.9089		-24.7201		-4.81113		0.609251
		1000		1e-12		322.057		20.8145		-25.6258		-4.81123		0.626073
		1200		1.2e-12		308.377		19.9304		-24.7416		-4.81117		0.652037
		1400		1.4e-12		309.956		20.0324		-24.8436		-4.81121		0.65236
		1600		1.6e-12		327.809		21.1863		-25.9974		-4.81116		0.61309
		1800		1.8e-12		303.605		19.622		-24.433		-4.81106		0.646434
		2000		2e-12		304.432		19.6754		-24.4866		-4.81115		0.675378
		2200		2.2e-12		321.787		20.7971		-25.6084		-4.81127		0.698669
		2400		2.4e-12		318.036		20.5546		-25.3659		-4.81124		0.721971
		2600		2.6e-12		312.119		20.1723		-24.9834		-4.81117		0.693723
		2800		2.8e-12		313.075		20.234		-25.0453		-4.81123		0.666204
		3000		3e-12		316.423		20.4504		-25.2615		-4.81112		0.65235
		3200		3.2e-12		313.085		20.2347		-25.0459		-4.81119		0.673947
		3400		3.4e-12		314.444		20.3225		-25.1337		-4.81122		0.667482
		3600		3.6e-12		319.141		20.6261		-25.4374		-4.81133		0.681035
		3800		3.8e-12		324.836		20.9941		-25.8054		-4.81127		0.674297
		4000		4e-12		316.754		20.4718		-25.2831		-4.81126		0.683472
		4200		4.2e-12		315.056		20.3621		-25.1732		-4.81118		0.68173
		4400		4.4e-12		316.776		20.4732		-25.2844		-4.81121		0.723277
		4600		4.6e-12		313.093		20.2352		-25.0465		-4.81123		0.733039
		4800		4.8e-12		306.308		19.7967		-24.6079		-4.81121		0.781073
		5000		5e-12		312.473		20.1952		-25.0063		-4.81119		0.760349
		5200		5.2e-12		297.506		19.2278		-24.039		-4.81118		0.7875
		5400		5.4e-12		312.186		20.1766		-24.9878		-4.81119		0.824239
		5600		5.6e-12		300.418		19.416		-24.2273		-4.81125		0.861213
		5800		5.8e-12		308.737		19.9537		-24.7648		-4.81113		0.84709
		6000		6e-12		317.422		20.515		-25.3261		-4.81116		0.896077
		6200		6.2e-12		296.954		19.1921		-24.0032		-4.81114		1.02158
		6400		6.4e-12		312.688		20.209		-25.0202		-4.81121		1.09627
		6600		6.6e-12		307.582		19.8791		-24.6902		-4.81115		1.15088
		6800		6.8e-12		301.549		19.4891		-24.3003		-4.81119		1.15359
		7000		7e-12		315.228		20.3732		-25.1844		-4.81116		1.15448
		7200		7.2e-12		311.817		20.1527		-24.964		-4.81121		1.24347
		7400		7.4e-12		307.044		19.8442		-24.6555		-4.81123		1.35069
		7600		7.6e-12		299.472		19.3549		-24.166		-4.81114		1.41274
		7800		7.8e-12		305.973		19.775		-24.5862		-4.81118		1.4157
		8000		8e-12		320.97		20.7443		-25.5554		-4.81114		1.41306
		8200		8.2e-12		313.831		20.2829		-25.0941		-4.81118		1.39562
		8400		8.4e-12		326.073		21.0741		-25.8853		-4.81122		1.32152
		8600		8.6e-12		305.429		19.7398		-24.5511		-4.81121		1.42123
		8800		8.8e-12		301.898		19.5117		-24.3229		-4.81119		1.43249
		9000		9e-12		312.689		20.2091		-25.0203		-4.8112		1.36065
		9200		9.2e-12		326.19		21.0817		-25.8929		-4.8112		1.37607
		9400		9.4e-12		305.045		19.715		-24.5262		-4.81116		1.421
		9600		9.6e-12		301.406		19.4799		-24.291		-4.81111		1.47148
		9800		9.8e-12		330.688		21.3723		-26.1835		-4.81118		1.43537
		10000		1e-11		300.055		19.3925		-24.2037		-4.81115		1.50196
		10200		1.02e-11		305.097		19.7184		-24.5297		-4.81123		1.50627
		10400		1.04e-11		312.911		20.2234		-25.0346		-4.81117		1.49558
		10600		1.06e-11		320.925		20.7414		-25.5526		-4.8112		1.48766
		10800		1.08e-11		314.934		20.3542		-25.1654		-4.81119		1.53164
		11000		1.1e-11		321.877		20.8029		-25.6141		-4.81119		1.58984
		11200		1.12e-11		296.891		19.1881		-23.9992		-4.81117		1.66837
		11400		1.14e-11		310.417		20.0623		-24.8734		-4.81109		1.65078
		11600		1.16e-11		304.944		19.7085		-24.5197		-4.81114		1.65696
		11800		1.18e-11		311.775		20.15		-24.9613		-4.81124		1.67868
		12000		1.2e-11		311.817		20.1527		-24.9639		-4.8112		1.72568
		12200		1.22e-11		302.088		19.524		-24.3351		-4.81116		1.78619
		12400		1.24e-11		306.34		19.7988		-24.61		-4.81119		1.75718
		12600		1.26e-11		303.459		19.6126		-24.4238		-4.8112		1.73622
		12800		1.28e-11		293.739		18.9844		-23.7956		-4.81123		1.84511
		13000		1.3e-11		304.208		19.661		-24.4722		-4.81126		1.86416
		13200		1.32e-11		306.148		19.7864		-24.5976		-4.81122		1.81827
		13400		1.34e-11		303.861		19.6385		-24.4497		-4.81115		1.88879
		13600		1.36e-11		298.356		19.2827		-24.0939		-4.81115		1.98147
		13800		1.38e-11		296.293		19.1494		-23.9606		-4.81119		2.02037
		14000		1.4e-11		290.657		18.7851		-23.5963		-4.81116		1.98994
		14200		1.42e-11		313.343		20.2514		-25.0626		-4.81121		1.94094
		14400		1.44e-11		294.23		19.0161		-23.8272		-4.81116		2.01275
		14600		1.46e-11		311.781		20.1504		-24.9616		-4.8112		2.08979
		14800		1.48e-11		300.703		19.4345		-24.2456		-4.81117		2.0991
		15000		1.5e-11		306.141		19.7859		-24.5971		-4.81121		2.14268
		15200		1.52e-11		297.219		19.2092		-24.0204		-4.8112		2.17592
		15400		1.54e-11		296.397		19.1561		-23.9673		-4.81113		2.18094
		15600		1.56e-11		295.826		19.1192		-23.9304		-4.81117		2.23079
		15800		1.58e-11		296.589		19.1685		-23.9797		-4.81117		2.28269
		16000		1.6e-11		298.507		19.2925		-24.1037		-4.81123		2.27256
		16200		1.62e-11		297.097		19.2013		-24.0125		-4.81118		2.30143
		16400		1.64e-11		301.67		19.4969		-24.308		-4.81109		2.35774
		16600		1.66e-11		305.006		19.7125		-24.5237		-4.81117		2.49239
		16800		1.68e-11		295.273		19.0835		-23.8947		-4.81117		2.52527
		17000		1.7e-11		290.844		18.7972		-23.6084		-4.81117		2.51804
		17200		1.72e-11		299.59		19.3625		-24.1736		-4.8111		2.42327
		17400		1.74e-11		305.325		19.7332		-24.5443		-4.81118		2.4357
		17600		1.76e-11		305.085		19.7176		-24.5288		-4.81115		2.40599
		17800		1.78e-11		295.013		19.0667		-23.8778		-4.81113		2.45833
		18000		1.8e-11		291.723		18.8541		-23.6652		-4.81111		2.44677
		18200		1.82e-11		290.166		18.7535		-23.5647		-4.8112		2.5006
		18400		1.84e-11		307.073		19.8461		-24.6573		-4.81117		2.43567
		18600		1.86e-11		301.511		19.4867		-24.2978		-4.81115		2.52847
		18800		1.88e-11		301.798		19.5052		-24.3164		-4.8112		2.58498
		19000		1.9e-11		308.055		19.9096		-24.7208		-4.8112		2.69115
		19200		1.92e-11		293.34		18.9586		-23.7697		-4.81114		2.65546
		19400		1.94e-11		303.901		19.6411		-24.4523		-4.81121		2.62273
		19600		1.96e-11		304.442		19.6761		-24.4873		-4.8112		2.61559
		19800		1.98e-11		307.878		19.8982		-24.7094		-4.81121		2.59244
		20000		2e-11		303.793		19.6342		-24.4453		-4.81115		2.6437
		20200		2.02e-11		309.608		20.0099		-24.8212		-4.81123		2.67213
		20400		2.04e-11		301.056		19.4572		-24.2684		-4.81118		2.79515
		20600		2.06e-11		294.398		19.027		-23.8382		-4.81121		2.90868
		20800		2.08e-11		304.534		19.682		-24.4932		-4.81113		3.01674
		21000		2.1e-11		311.936		20.1604		-24.9716		-4.81122		3.03913
		21200		2.12e-11		314.174		20.3051		-25.1162		-4.81118		2.98393
		21400		2.14e-11		307.446		19.8702		-24.6814		-4.81122		3.09196
		21600		2.16e-11		299.618		19.3643		-24.1755		-4.81116		3.1055
		21800		2.18e-11		299.381		19.349		-24.1601		-4.81114		3.1072
		22000		2.2e-11		300.921		19.4485		-24.2597		-4.81116		3.13299
		22200		2.22e-11		306.985		19.8404		-24.6516		-4.81119		3.08111
		22400		2.24e-11		302.459		19.5479		-24.3591		-4.81116		3.15185
		22600		2.26e-11		308.447		19.9349		-24.7461		-4.81115		3.2834
		22800		2.28e-11		295.546		19.1011		-23.9122		-4.81112		3.49898
		23000		2.3e-11		295.025		19.0675		-23.8786		-4.81114		3.68192
		23200		2.32e-11		287.82		18.6018		-23.4129		-4.81112		3.69814
		23400		2.34e-11		311.744		20.148		-24.9592		-4.81117		3.65267
		23600		2.36e-11		302.355		19.5412		-24.3524		-4.81113		3.72427
		23800		2.38e-11		302.973		19.5811		-24.3923		-4.81113		3.78794
		24000		2.4e-11		302.106		19.5251		-24.3364		-4.81125		3.82179
		24200		2.42e-11		300.617		19.4289		-24.24		-4.81118		3.78893
		24400		2.44e-11		300.176		19.4004		-24.2116		-4.81121		3.75228
		24600		2.46e-11		299.573		19.3614		-24.1726		-4.81123		3.87845
		24800		2.48e-11		308.715		19.9522		-24.7634		-4.8112		3.86295
		25000		2.5e-11		310.709		20.0811		-24.8923		-4.81124		3.91499
		25200		2.52e-11		303.82		19.6359		-24.447		-4.81113		3.94917
		25400		2.54e-11		303.931		19.6431		-24.4543		-4.81122		4.03814
		25600		2.56e-11		291.82		18.8603		-23.6716		-4.81123		4.15951
		25800		2.58e-11		299.114		19.3317		-24.1429		-4.81119		4.22382
		26000		2.6e-11		285.589		18.4576		-23.2687		-4.81114		4.26604
		26200		2.62e-11		299.891		19.3819		-24.1931		-4.81118		4.2982
		26400		2.64e-11		306.906		19.8353		-24.6465		-4.81115		4.19023
		26600		2.66e-11		305.282		19.7304		-24.5416		-4.81122		4.2399
		26800		2.68e-11		292.748		18.9203		-23.7315		-4.81115		4.38204
		27000		2.7e-11		293.948		18.9978		-23.8091		-4.81123		4.44103
		27200		2.72e-11		288.249		18.6295		-23.4406		-4.81111		4.61359
		27400		2.74e-11		300.176		19.4004		-24.2116		-4.81122		4.76803
		27600		2.76e-11		277.827		17.956		-22.7671		-4.81114		4.6929
		27800		2.78e-11		281.76		18.2101		-23.0213		-4.81119		4.80688
		28000		2.8e-11		294.249		19.0173		-23.8285		-4.81116		4.99341
		28200		2.82e-11		289.758		18.7271		-23.5383		-4.8112		5.11589
		28400		2.84e-11		288.11		18.6205		-23.4317		-4.81114		5.07564
		28600		2.86e-11		290.637		18.7839		-23.5951		-4.81124		5.16839
		28800		2.88e-11		285.817		18.4724		-23.2835		-4.81119		5.14495
		29000		2.9e-11		289.349		18.7006		-23.5117		-4.81112		5.07047
		29200		2.92e-11		289.122		18.6859		-23.4972		-4.81121		5.12636
		29400		2.94e-11		290.212		18.7564		-23.5676		-4.81123		5.27331
		29600		2.96e-11		283.914		18.3494		-23.1605		-4.81115		5.3105
		29800		2.98e-11		289.267		18.6953		-23.5065		-4.81114		5.29506
		30000		3e-11		296.351		19.1532		-23.9644		-4.81118		5.40982
		30200		3.02e-11		282.943		18.2866		-23.0977		-4.81107		5.52461
		30400		3.04e-11		284.256		18.3714		-23.1826		-4.8112		5.60649
		30600		3.06e-11		278.807		18.0193		-22.8304		-4.81114		5.68992
		30800		3.08e-11		280.004		18.0967		-22.9078		-4.81119		5.82527
		31000		3.1e-11		292.504		18.9046		-23.7158		-4.81126		5.81542
		31200		3.12e-11		285.443		18.4482		-23.2593		-4.81117		6.0552
		31400		3.14e-11		278.136		17.9759		-22.7872		-4.8112		6.24203
		31600		3.16e-11		279.837		18.0859		-22.897		-4.81117		6.38019
		31800		3.18e-11		283.504		18.3229		-23.134		-4.81112		6.36564
		32000		3.2e-11		282.053		18.2291		-23.0402		-4.81115		6.39455
		32200		3.22e-11		280.616		18.1362		-22.9475		-4.81122		6.57808
		32400		3.24e-11		271.272		17.5323		-22.3434		-4.81115		6.74172
		32600		3.26e-11		290.051		18.746		-23.5572		-4.81122		6.9731
		32800		3.28e-11		271.035		17.517		-22.3281		-4.8111		7.0528
		33000		3.3e-11		281.155		18.171		-22.9822		-4.81115		7.11183
		33200		3.32e-11		283.472		18.3208		-23.132		-4.81121		7.11727
		33400		3.34e-11		285.621		18.4597		-23.2709		-4.81119		7.16012
		33600		3.36e-11		299.34		19.3463		-24.1575		-4.81118		7.24292
		33800		3.38e-11		273.157		17.6541		-22.4652		-4.81111		7.45112
		34000		3.4e-11		289.645		18.7197		-23.5309		-4.81116		7.76164
		34200		3.42e-11		279.774		18.0818		-22.8929		-4.81109		8.05646
		34400		3.44e-11		289.313		18.6983		-23.5094		-4.81118		8.28028
		34600		3.46e-11		267.653		17.2984		-22.1096		-4.81117		8.53225
		34800		3.48e-11		271.054		17.5182		-22.3294		-4.81114		8.62238
		35000		3.5e-11		264.778		17.1126		-21.9238		-4.81112		8.91982
		35200		3.52e-11		280.466		18.1265		-22.9377		-4.81114		9.24365
		35400		3.54e-11		274.637		17.7498		-22.561		-4.81114		9.44555
		35600		3.56e-11		285.128		18.4278		-23.239		-4.81117		9.64649
		35800		3.58e-11		273.565		17.6805		-22.4917		-4.81113		9.97521
		36000		3.6e-11		269.625		17.4258		-22.237		-4.81116		10.117
		36200		3.62e-11		272.329		17.6006		-22.4118		-4.81118		10.3753
		36400		3.64e-11		273.748		17.6923		-22.5034		-4.81108		10.6418
		36600		3.66e-11		268.256		17.3374		-22.1485		-4.81115		10.7112
		36800		3.68e-11		267.868		17.3123		-22.1234		-4.81111		10.7634
		37000		3.7e-11		273.557		17.68		-22.4912		-4.81119		11.02
		37200		3.72e-11		271.316		17.5352		-22.3463		-4.81115		11.2515
		37400		3.74e-11		279.09		18.0376		-22.8488		-4.81121		11.6459
		37600		3.76e-11		272.01		17.58		-22.3911		-4.81112		11.7639
		37800		3.78e-11		268.723		17.3676		-22.1787		-4.81114		12.1345
		38000		3.8e-11		269.23		17.4004		-22.2115		-4.81118		12.2705
		38200		3.82e-11		273.752		17.6926		-22.5037		-4.81112		12.449
		38400		3.84e-11		271.672		17.5582		-22.3693		-4.81118		12.7136
		38600		3.86e-11		272.136		17.5881		-22.3993		-4.81116		13.1706
		38800		3.88e-11		258.683		16.7187		-21.5298		-4.81113		13.4448
		39000		3.9e-11		271.912		17.5737		-22.3849		-4.81121		13.692
		39200		3.92e-11		264.671		17.1057		-21.9168		-4.81113		13.8199
		39400		3.94e-11		269.107		17.3924		-22.2035		-4.81114		13.8793
		39600		3.96e-11		278.164		17.9778		-22.789		-4.81124		13.9024
		39800		3.98e-11		280.298		18.1156		-22.9268		-4.81119		14.2068
		40000		4e-11		282.254		18.2421		-23.0533		-4.81118		14.5734
		40200		4.02e-11		267.956		17.318		-22.1291		-4.81114		14.8504
		40400		4.04e-11		275.5		17.8056		-22.6168		-4.81118		15.0738
		40600		4.06e-11		276.615		17.8776		-22.6888		-4.8112		15.3238
		40800		4.08e-11		273.663		17.6868		-22.498		-4.8112		15.5594
		41000		4.1e-11		258.17		16.6856		-21.4966		-4.81104		15.8481
		41200		4.12e-11		268.726		17.3678		-22.1789		-4.81117		16.1624
		41400		4.14e-11		269.142		17.3947		-22.2058		-4.81112		16.2292
		41600		4.16e-11		267.901		17.3145		-22.1256		-4.81117		16.6394
		41800		4.18e-11		270.339		17.472		-22.2832		-4.81114		16.891
		42000		4.2e-11		259.265		16.7563		-21.5674		-4.81109		17.0693
		42200		4.22e-11		271.854		17.57		-22.3812		-4.81121		17.2994
		42400		4.24e-11		275.248		17.7892		-22.6004		-4.81113		17.5659
		42600		4.26e-11		274.115		17.7161		-22.5272		-4.81118		17.9488
		42800		4.28e-11		269.765		17.4349		-22.2461		-4.81114		18.476
		43000		4.3e-11		259.422		16.7665		-21.5776		-4.8111		18.9215
		43200		4.32e-11		279.352		18.0545		-22.8657		-4.81116		19.4667
		43400		4.34e-11		267.779		17.3065		-22.1177		-4.81115		19.5997
		43600		4.36e-11		263.001		16.9978		-21.8088		-4.81107		20.0338
		43800		4.38e-11		278.878		18.0239		-22.835		-4.81119		20.3189
		44000		4.4e-11		279.225		18.0463		-22.8575		-4.81116		20.7224
		44200		4.42e-11		267.421		17.2834		-22.0946		-4.81119		21.0659
		44400		4.44e-11		272.84		17.6337		-22.4448		-4.81114		21.2434
		44600		4.46e-11		264.686		17.1066		-21.9178		-4.81114		21.7197
		44800		4.48e-11		261.591		16.9066		-21.7178		-4.81118		21.8633
		45000		4.5e-11		269.949		17.4468		-22.2579		-4.81109		21.8963
		45200		4.52e-11		258.186		16.6866		-21.4976		-4.81107		21.9121
		45400		4.54e-11		270.137		17.459		-22.2702		-4.81119		22.504
		45600		4.56e-11		263.244		17.0135		-21.8247		-4.8112		22.9755
		45800		4.58e-11		274.807		17.7608		-22.572		-4.81119		23.1862
		46000		4.6e-11		263.542		17.0327		-21.8439		-4.81117		23.2594
		46200		4.62e-11		265.155		17.1369		-21.9481		-4.81116		23.5549
		46400		4.64e-11		273.216		17.658		-22.4692		-4.81125		23.8897
		46600		4.66e-11		267.942		17.3171		-22.1282		-4.81111		24.3362
		46800		4.68e-11		268.191		17.3332		-22.1444		-4.81118		24.8425
		47000		4.7e-11		267.052		17.2596		-22.0707		-4.81113		25.2398
		47200		4.72e-11		267.911		17.3151		-22.1262		-4.81112		25.6236
		47400		4.74e-11		271.497		17.5469		-22.358		-4.81117		25.7556
		47600		4.76e-11		274.427		17.7362		-22.5474		-4.81112		25.9817
		47800		4.78e-11		269.484		17.4167		-22.2279		-4.81116		26.2296
		48000		4.8e-11		271.038		17.5172		-22.3284		-4.81116		26.2491
		48200		4.82e-11		270.786		17.5009		-22.3121		-4.8112		26.4113
		48400		4.84e-11		259.871		16.7955		-21.6066		-4.81109		27.0534
		48600		4.86e-11		269.889		17.4429		-22.2541		-4.81118		27.2791
		48800		4.88e-11		266.417		17.2185		-22.0297		-4.81118		27.6164
		49000		4.9e-11		279.176		18.0432		-22.8544		-4.8112		28.0572
		49200		4.92e-11		278.248		17.9832		-22.7943		-4.81119		28.6284
		49400		4.94e-11		272.083		17.5847		-22.3959		-4.8112		28.5198
		49600		4.96e-11		276.975		17.9009		-22.712		-4.81115		28.7356
		49800		4.98e-11		264.42		17.0895		-21.9006		-4.81113		29.1074
		50000		5e-11		266.506		17.2243		-22.0353		-4.81109		29.3303
		50200		5.02e-11		258.727		16.7215		-21.5326		-4.81111		29.4378
		50400		5.04e-11		269.487		17.4169		-22.2281		-4.81114		29.5594
		50600		5.06e-11		266.688		17.236		-22.0472		-4.81112		30.0987
		50800		5.08e-11		263.605		17.0368		-21.8479		-4.81111		30.4136
		51000		5.1e-11		269.308		17.4054		-22.2165		-4.81109		30.6183
		51200		5.12e-11		270.051		17.4534		-22.2645		-4.81115		30.8431
		51400		5.14e-11		270.621		17.4902		-22.3014		-4.81114		31.3529
		51600		5.16e-11		275.054		17.7768		-22.588		-4.8112		31.384
		51800		5.18e-11		274.241		17.7242		-22.5354		-4.81121		31.5286
		52000		5.2e-11		263.338		17.0195		-21.8307		-4.81115		31.7626
		52200		5.22e-11		259.025		16.7408		-21.5518		-4.81108		31.8389
		52400		5.24e-11		263.744		17.0458		-21.8569		-4.8111		32.1961
		52600		5.26e-11		258.837		16.7286		-21.5398		-4.81119		32.2636
		52800		5.28e-11		271.006		17.5151		-22.3262		-4.8111		32.8917
		53000		5.3e-11		266.996		17.256		-22.0671		-4.81115		33.4019
		53200		5.32e-11		264.743		17.1103		-21.9214		-4.81111		33.6842
		53400		5.34e-11		270.684		17.4943		-22.3055		-4.81115		34.0654
		53600		5.36e-11		262.735		16.9805		-21.7916		-4.81105		34.4054
		53800		5.38e-11		281.282		18.1792		-22.9904		-4.81116		34.9336
		54000		5.4e-11		276.711		17.8839		-22.6951		-4.81121		35.5158
		54200		5.42e-11		281.006		18.1614		-22.9726		-4.8112		35.7612
		54400		5.44e-11		269.422		17.4128		-22.2239		-4.81111		36.1098
		54600		5.46e-11		273.188		17.6561		-22.4673		-4.81115		36.1106
		54800		5.48e-11		276.693		17.8827		-22.6938		-4.81112		36.0935
		55000		5.5e-11		276.801		17.8897		-22.7008		-4.81117		36.2216
		55200		5.52e-11		272.475		17.61		-22.4212		-4.81118		36.3807
		55400		5.54e-11		267.597		17.2948		-22.1059		-4.81117		36.6538
		55600		5.56e-11		272.371		17.6033		-22.4145		-4.81116		37.3269
		55800		5.58e-11		258.787		16.7254		-21.5365		-4.81114		37.8393
		56000		5.6e-11		265.334		17.1485		-21.9597		-4.81116		37.9376
		56200		5.62e-11		277.239		17.9179		-22.7291		-4.81118		38.2938
		56400		5.64e-11		274.44		17.7371		-22.5483		-4.81123		38.6294
		56600		5.66e-11		264.631		17.1031		-21.9142		-4.81113		38.7984
		56800		5.68e-11		271.786		17.5655		-22.3768		-4.81126		38.9455
		57000		5.7e-11		271.582		17.5524		-22.3636		-4.81121		39.1617
		57200		5.72e-11		270.739		17.4979		-22.309		-4.81116		39.2255
		57400		5.74e-11		265.41		17.1535		-21.9646		-4.81117		39.6535
		57600		5.76e-11		271.677		17.5585		-22.3697		-4.81118		39.6799
		57800		5.78e-11		262.686		16.9774		-21.7884		-4.81107		39.9857
		58000		5.8e-11		266.854		17.2468		-22.058		-4.81116		40.4214
		58200		5.82e-11		254.792		16.4672		-21.2783		-4.81112		40.97
		58400		5.84e-11		273.65		17.686		-22.4972		-4.81119		41.4647
		58600		5.86e-11		268.659		17.3634		-22.1746		-4.81118		41.8896
		58800		5.88e-11		260.022		16.8052		-21.6163		-4.8111		42.3814
		59000		5.9e-11		277.499		17.9347		-22.7459		-4.81117		42.9051
		59200		5.92e-11		265.304		17.1466		-21.9577		-4.81108		43.5611
		59400		5.94e-11		281.414		18.1878		-22.999		-4.81117		43.5858
		59600		5.96e-11		272.424		17.6068		-22.418		-4.81116		44.323
		59800		5.98e-11		257.189		16.6221		-21.4333		-4.81115		44.979
		60000		6e-11		256.759		16.5943		-21.4055		-4.81115		45.4957
		60200		6.02e-11		265.044		17.1298		-21.9409		-4.81114		45.7365
		60400		6.04e-11		274.499		17.7408		-22.552		-4.81116		45.2489
		60600		6.06e-11		265.311		17.147		-21.9582		-4.81117		45.3864
		60800		6.08e-11		260.992		16.8679		-21.6791		-4.81113		45.5749
		61000		6.1e-11		274.318		17.7291		-22.5403		-4.81118		45.6138
		61200		6.12e-11		266.61		17.231		-22.0421		-4.81114		46.0706
		61400		6.14e-11		276.53		17.8721		-22.6833		-4.81116		46.3995
		61600		6.16e-11		269.789		17.4365		-22.2476		-4.81114		47.0836
		61800		6.18e-11		271.402		17.5407		-22.3519		-4.81121		47.4255
		62000		6.2e-11		270.833		17.5039		-22.315		-4.81109		47.6386
		62200		6.22e-11		277.94		17.9633		-22.7745		-4.81124		47.9236
		62400		6.24e-11		284.582		18.3925		-23.2038		-4.81123		48.539
		62600		6.26e-11		273.877		17.7007		-22.5118		-4.81116		48.8183
		62800		6.28e-11		263.316		17.0181		-21.8293		-4.81115		49.2122
		63000		6.3e-11		262.602		16.972		-21.7832		-4.81118		49.9473
		63200		6.32e-11		269.939		17.4461		-22.2573		-4.81111		50.1714
		63400		6.34e-11		266.626		17.2321		-22.0432		-4.81115		50.479
		63600		6.36e-11		263.648		17.0396		-21.8507		-4.81115		50.7678
		63800		6.38e-11		273.287		17.6626		-22.4737		-4.81113		51.1532
		64000		6.4e-11		267.249		17.2723		-22.0835		-4.81115		51.461
		64200		6.42e-11		272.957		17.6412		-22.4524		-4.81121		51.2756
		64400		6.44e-11		282.586		18.2635		-23.0747		-4.81116		51.0616
		64600		6.46e-11		262.12		16.9408		-21.7519		-4.81113		51.2088
		64800		6.48e-11		276.313		17.8581		-22.6692		-4.81114		51.8633
		65000		6.5e-11		267.307		17.276		-22.0871		-4.81108		52.1952
		65200		6.52e-11		277.995		17.9668		-22.778		-4.81116		52.8062
		65400		6.54e-11		269.311		17.4056		-22.2167		-4.81119		52.805
		65600		6.56e-11		283.34		18.3122		-23.1234		-4.81118		53.3121
		65800		6.58e-11		266.66		17.2343		-22.0454		-4.81119		53.9749
		66000		6.6e-11		272.316		17.5998		-22.411		-4.81119		54.3316
		66200		6.62e-11		275.626		17.8137		-22.6249		-4.81121		54.4887
		66400		6.64e-11		262.984		16.9967		-21.8078		-4.81116		54.7334
		66600		6.66e-11		278.281		17.9853		-22.7965		-4.81121		54.9393
		66800		6.68e-11		268.98		17.3842		-22.1953		-4.81119		55.4753
		67000		6.7e-11		278.595		18.0056		-22.8167		-4.81117		55.8458
		67200		6.72e-11		273.898		17.702		-22.5132		-4.81116		55.7705
		67400		6.74e-11		281.693		18.2058		-23.017		-4.81115		56.1919
		67600		6.76e-11		264.942		17.1232		-21.9343		-4.81111		56.7117
		67800		6.78e-11		258.922		16.7341		-21.5452		-4.8111		56.9933
		68000		6.8e-11		266.681		17.2356		-22.0467		-4.81114		57.7095
		68200		6.82e-11		269.231		17.4004		-22.2116		-4.81115		58.0775
		68400		6.84e-11		268.885		17.378		-22.1893		-4.81121		58.2911
		68600		6.86e-11		258.719		16.721		-21.5322		-4.81114		58.6202
		68800		6.88e-11		265.347		17.1494		-21.9605		-4.81113		59.0275
		69000		6.9e-11		277.058		17.9063		-22.7175		-4.81117		59.5034
		69200		6.92e-11		271.476		17.5455		-22.3567		-4.8112		60.0205
		69400		6.94e-11		272.515		17.6127		-22.4239		-4.81122		59.8265
		69600		6.96e-11		263.268		17.015		-21.8261		-4.81115		59.6866
		69800		6.98e-11		255.193		16.4931		-21.3042		-4.81113		59.7623
		70000		7e-11		273.012		17.6447		-22.4559		-4.81117		59.4905
		70200		7.02e-11		270.984		17.5137		-22.3248		-4.81112		60.1165
		70400		7.04e-11		265.861		17.1826		-21.9937		-4.81113		59.7859
		70600		7.06e-11		276.098		17.8442		-22.6553		-4.81113		60.0238
		70800		7.08e-11		260.734		16.8512		-21.6623		-4.81111		59.9201
		71000		7.1e-11		275.355		17.7962		-22.6073		-4.81116		60.162
		71200		7.12e-11		265.873		17.1834		-21.9944		-4.81108		60.7968
		71400		7.14e-11		267.478		17.2871		-22.0982		-4.8111		60.9089
		71600		7.16e-11		270.372		17.4741		-22.2853		-4.81119		61.541
		71800		7.18e-11		272.275		17.5972		-22.4083		-4.81113		61.6987
		72000		7.2e-11		277.263		17.9195		-22.7307		-4.81114		61.8949
		72200		7.22e-11		267.964		17.3185		-22.1297		-4.81121		62.2127
		72400		7.24e-11		271.735		17.5622		-22.3734		-4.81118		62.2106
		72600		7.26e-11		258.044		16.6774		-21.4885		-4.81108		62.2437
		72800		7.28e-11		266.936		17.2521		-22.0632		-4.81111		62.2643
		73000		7.3e-11		246.201		15.912		-20.7231		-4.81111		62.3998
		73200		7.32e-11		270.52		17.4837		-22.2949		-4.81116		62.775
		73400		7.34e-11		262.437		16.9613		-21.7725		-4.81119		63.4291
		73600		7.36e-11		256.452		16.5745		-21.3855		-4.81102		63.5405
		73800		7.38e-11		268.55		17.3564		-22.1676		-4.81119		63.5662
		74000		7.4e-11		253.308		16.3713		-21.1823		-4.81103		63.3988
		74200		7.42e-11		278.459		17.9968		-22.808		-4.81118		62.9854
		74400		7.44e-11		263.47		17.0281		-21.8392		-4.81111		63.5612
		74600		7.46e-11		274.186		17.7206		-22.5318		-4.81115		64.1404
		74800		7.48e-11		279.987		18.0955		-22.9067		-4.81118		64.0263
		75000		7.5e-11		273.845		17.6986		-22.5097		-4.81115		64.1853
		75200		7.52e-11		272.82		17.6323		-22.4435		-4.81117		64.2178
		75400		7.54e-11		281.407		18.1874		-22.9985		-4.81117		63.9476
		75600		7.56e-11		273.351		17.6667		-22.4779		-4.81118		64.355
		75800		7.58e-11		272.196		17.592		-22.4033		-4.81123		64.4917
		76000		7.6e-11		273.154		17.6539		-22.4651		-4.81113		65.0587
		76200		7.62e-11		262.617		16.9729		-21.784		-4.81109		65.1971
		76400		7.64e-11		261.231		16.8833		-21.6945		-4.81112		66.0587
		76600		7.66e-11		274.546		17.7439		-22.5552		-4.81123		66.8519
		76800		7.68e-11		283.302		18.3098		-23.121		-4.81118		67.1547
		77000		7.7e-11		272.589		17.6174		-22.4285		-4.81113		67.0845
		77200		7.72e-11		274.549		17.7441		-22.5552		-4.81113		67.4224
		77400		7.74e-11		275.758		17.8223		-22.6334		-4.81115		67.6348
		77600		7.76e-11		256.065		16.5495		-21.3606		-4.81105		67.7797
		77800		7.78e-11		262.708		16.9788		-21.7899		-4.81109		68.2819
		78000		7.8e-11		267.142		17.2654		-22.0766		-4.81119		68.2208
		78200		7.82e-11		275.022		17.7746		-22.5858		-4.81121		68.3442
		78400		7.84e-11		260.633		16.8447		-21.6558		-4.81114		68.7886
		78600		7.86e-11		277.306		17.9223		-22.7335		-4.81123		69.0022
		78800		7.88e-11		276.449		17.8669		-22.6781		-4.81119		69.1526
		79000		7.9e-11		265.544		17.1621		-21.9732		-4.81115		69.3521
		79200		7.92e-11		266.324		17.2125		-22.0237		-4.81117		69.4348
		79400		7.94e-11		275.619		17.8133		-22.6244		-4.81112		69.6404
		79600		7.96e-11		269.109		17.3925		-22.2037		-4.81119		69.9545
		79800		7.98e-11		270.683		17.4942		-22.3053		-4.8111		70.7702
		80000		8e-11		270.943		17.511		-22.3222		-4.81112		71.4747
		80200		8.02e-11		272.216		17.5933		-22.4045		-4.81118		72.0038
		80400		8.04e-11		268.134		17.3295		-22.1407		-4.81115		72.5778
		80600		8.06e-11		256.025		16.5469		-21.358		-4.8111		72.6634
		80800		8.08e-11		278.364		17.9907		-22.8019		-4.81117		73.3532
		81000		8.1e-11		272.874		17.6359		-22.4469		-4.81109		73.6567
		81200		8.12e-11		279.307		18.0516		-22.8628		-4.81114		73.9242
		81400		8.14e-11		285.557		18.4555		-23.2667		-4.81115		73.9879
		81600		8.16e-11		270.241		17.4657		-22.2768		-4.81113		74.1968
		81800		8.18e-11		270.004		17.4503		-22.2615		-4.81116		74.319
		82000		8.2e-11		269.153		17.3954		-22.2065		-4.81108		74.302
		82200		8.22e-11		265.695		17.1719		-21.983		-4.81111		75.0513
		82400		8.24e-11		291.991		18.8714		-23.6826		-4.81121		75.4387
		82600		8.26e-11		278.275		17.9849		-22.7961		-4.81113		75.553
		82800		8.28e-11		266.584		17.2293		-22.0404		-4.81111		75.7846
		83000		8.3e-11		266.09		17.1974		-22.0085		-4.81111		75.7776
		83200		8.32e-11		266.491		17.2233		-22.0345		-4.81115		75.9157
		83400		8.34e-11		278.639		18.0084		-22.8195		-4.81113		76.3606
		83600		8.36e-11		277.614		17.9422		-22.7534		-4.8112		77.0544
		83800		8.38e-11		274.627		17.7492		-22.5604		-4.81122		77.4833
		84000		8.4e-11		261.23		16.8833		-21.6945		-4.81118		77.6509
		84200		8.42e-11		279.465		18.0618		-22.873		-4.81116		77.95
		84400		8.44e-11		265.396		17.1525		-21.9637		-4.81116		77.8444
		84600		8.46e-11		274.751		17.7572		-22.5683		-4.81116		77.8147
		84800		8.48e-11		265.95		17.1884		-21.9995		-4.81118		77.6845
		85000		8.5e-11		276.837		17.892		-22.7031		-4.81113		77.6771
		85200		8.52e-11		256.448		16.5743		-21.3853		-4.81108		78.3354
		85400		8.54e-11		278.097		17.9734		-22.7846		-4.81125		79.0938
		85600		8.56e-11		267.866		17.3122		-22.1233		-4.81112		79.4748
		85800		8.58e-11		268.43		17.3486		-22.1598		-4.81121		79.9361
		86000		8.6e-11		273.525		17.6779		-22.4891		-4.81118		80.2032
		86200		8.62e-11		265.592		17.1652		-21.9763		-4.81117		80.6516
		86400		8.64e-11		272.189		17.5916		-22.4027		-4.81115		81.0082
		86600		8.66e-11		278.715		18.0134		-22.8245		-4.81118		81.3182
		86800		8.68e-11		269.012		17.3862		-22.1974		-4.81119		81.5756
		87000		8.7e-11		266.599		17.2303		-22.0414		-4.81109		81.677
		87200		8.72e-11		276.854		17.893		-22.7042		-4.81116		81.8646
		87400		8.74e-11		265.261		17.1438		-21.9549		-4.81114		82.3183
		87600		8.76e-11		278.139		17.9761		-22.7873		-4.81121		82.2769
		87800		8.78e-11		281.281		18.1792		-22.9904		-4.81117		82.6712
		88000		8.8e-11		275.154		17.7832		-22.5944		-4.81118		83.3943
		88200		8.82e-11		262.892		16.9907		-21.8018		-4.81108		83.5564
		88400		8.84e-11		267.125		17.2643		-22.0754		-4.81113		83.6101
		88600		8.86e-11		274.067		17.7129		-22.5241		-4.81114		83.7755
		88800		8.88e-11		261.608		16.9078		-21.7188		-4.81103		84.5268
		89000		8.9e-11		265.305		17.1467		-21.9578		-4.8111		84.7851
		89200		8.92e-11		261.797		16.92		-21.7311		-4.81116		85.0909
		89400		8.94e-11		272.349		17.6019		-22.4131		-4.81113		85.2039
		89600		8.96e-11		278.567		18.0038		-22.8149		-4.81114		85.3674
		89800		8.98e-11		270.751		17.4986		-22.3098		-4.81111		85.4268
		90000		9e-11		267.974		17.3191		-22.1303		-4.81117		85.7704
		90200		9.02e-11		269.394		17.4109		-22.2221		-4.81113		85.7115
		90400		9.04e-11		289.882		18.7351		-23.5463		-4.8112		85.9571
		90600		9.06e-11		270.52		17.4837		-22.2948		-4.81108		86.5874
		90800		9.08e-11		266.547		17.2269		-22.0381		-4.81114		86.3363
		91000		9.1e-11		281.396		18.1866		-22.9978		-4.81122		86.2072
		91200		9.12e-11		266.411		17.2181		-22.0293		-4.81117		86.6881
		91400		9.14e-11		261.209		16.882		-21.6931		-4.81113		86.7806
		91600		9.16e-11		267.783		17.3068		-22.1181		-4.81121		87.2515
		91800		9.18e-11		277.603		17.9415		-22.7527		-4.81119		87.873
		92000		9.2e-11		266.489		17.2232		-22.0343		-4.81114		87.9935
		92200		9.22e-11		272.746		17.6276		-22.4387		-4.81113		88.6475
		92400		9.24e-11		265.147		17.1365		-21.9476		-4.81111		89.5757
		92600		9.26e-11		269.475		17.4161		-22.2273		-4.81113		89.9953
		92800		9.28e-11		272.09		17.5852		-22.3963		-4.81117		89.8707
		93000		9.3e-11		272.43		17.6071		-22.4183		-4.81113		90.4193
		93200		9.32e-11		265.188		17.1391		-21.9502		-4.81111		90.4874
		93400		9.34e-11		263.574		17.0348		-21.8459		-4.81113		90.5846
		93600		9.36e-11		261.624		16.9088		-21.72		-4.8112		91.0184
		93800		9.38e-11		263.475		17.0284		-21.8395		-4.81117		90.3867
		94000		9.4e-11		266.39		17.2168		-22.0279		-4.81113		90.7933
		94200		9.42e-11		275.53		17.8075		-22.6187		-4.81116		90.6632
		94400		9.44e-11		275.275		17.791		-22.6022		-4.81116		90.6307
		94600		9.46e-11		274.33		17.73		-22.5411		-4.81111		91.2135
		94800		9.48e-11		272.007		17.5798		-22.3911		-4.81124		91.7432
		95000		9.5e-11		265.162		17.1374		-21.9486		-4.81113		92.2081
		95200		9.52e-11		274.136		17.7174		-22.5285		-4.81114		92.2167
		95400		9.54e-11		273.84		17.6983		-22.5094		-4.81116		92.3253
		95600		9.56e-11		275.197		17.786		-22.5972		-4.81124		92.094
		95800		9.58e-11		280.102		18.103		-22.9142		-4.81121		91.8349
		96000		9.6e-11		274.876		17.7653		-22.5764		-4.81119		92.9563
		96200		9.62e-11		272.251		17.5956		-22.4067		-4.81111		93.3463
		96400		9.64e-11		280.982		18.1599		-22.971		-4.81112		94.0618
		96600		9.66e-11		260.169		16.8147		-21.6259		-4.81116		94.0286
		96800		9.68e-11		261.921		16.928		-21.739		-4.81107		94.0849
		97000		9.7e-11		275.551		17.8088		-22.62		-4.81115		94.2891
		97200		9.72e-11		268.167		17.3316		-22.1428		-4.81115		94.1299
		97400		9.74e-11		266.026		17.1933		-22.0045		-4.81118		93.78
		97600		9.76e-11		267.284		17.2746		-22.0857		-4.81115		94.6145
		97800		9.78e-11		271.73		17.5619		-22.3731		-4.81112		95.1985
		98000		9.8e-11		273.166		17.6547		-22.4658		-4.81115		95.1979
		98200		9.82e-11		270.709		17.4959		-22.3071		-4.81121		95.2963
		98400		9.84e-11		283.269		18.3077		-23.1189		-4.81123		95.9257
		98600		9.86e-11		275.225		17.7878		-22.599		-4.81121		96.3761
		98800		9.88e-11		270.901		17.5083		-22.3195		-4.81115		96.6656
		99000		9.9e-11		262.861		16.9887		-21.7999		-4.81118		96.7241
		99200		9.92e-11		267.839		17.3104		-22.1215		-4.81111		96.8592
		99400		9.94e-11		271.179		17.5263		-22.3374		-4.81114		96.7592
		99600		9.96e-11		274.718		17.755		-22.5662		-4.81114		96.9051
		99800		9.98e-11		274.908		17.7673		-22.5784		-4.81112		96.2052
		100000		1e-10		272.174		17.5906		-22.4018		-4.81119		97.0649
		100200		1.002e-10		273.144		17.6533		-22.4644		-4.81116		97.7161
		100400		1.004e-10		270.078		17.4552		-22.2663		-4.81115		97.9963
		100600		1.006e-10		260.966		16.8662		-21.6773		-4.81111		98.049
		100800		1.008e-10		265.219		17.1411		-21.9523		-4.81116		98.6218
		101000		1.01e-10		266.978		17.2548		-22.0659		-4.81112		99.6403
		101200		1.012e-10		275.13		17.7817		-22.5929		-4.81118		100.752
		101400		1.014e-10		272.945		17.6404		-22.4516		-4.81118		101.682
		101600		1.016e-10		272.209		17.5929		-22.4041		-4.8112		102.759
		101800		1.018e-10		269.714		17.4316		-22.2428		-4.81121		103.487
		102000		1.02e-10		276.236		17.8532		-22.6643		-4.81117		103.533
		102200		1.022e-10		265.843		17.1814		-21.9925		-4.81108		103.52
		102400		1.024e-10		266.789		17.2426		-22.0537		-4.81112		103.98
		102600		1.026e-10		279.58		18.0692		-22.8804		-4.81117		103.862
		102800		1.028e-10		261.941		16.9292		-21.7404		-4.8112		104.514
		103000		1.03e-10		260.02		16.8051		-21.6162		-4.81107		104.652
		103200		1.032e-10		279.975		18.0948		-22.906		-4.81118		104.62
		103400		1.034e-10		269.981		17.4488		-22.26		-4.81116		104.583
		103600		1.036e-10		263.95		17.0591		-21.8702		-4.81112		104.577
		103800		1.038e-10		260.155		16.8138		-21.625		-4.81116		105.159
		104000		1.04e-10		272.865		17.6352		-22.4464		-4.81116		105.844
		104200		1.042e-10		262.424		16.9605		-21.7716		-4.81118		106.403
		104400		1.044e-10		268.563		17.3572		-22.1684		-4.81118		106.553
		104600		1.046e-10		255.943		16.5416		-21.3527		-4.81108		107.115
		104800		1.048e-10		270.331		17.4715		-22.2826		-4.81115		107.328
		105000		1.05e-10		271.399		17.5405		-22.3517		-4.81117		108.024
		105200		1.052e-10		268.25		17.337		-22.1482		-4.81118		108.155
		105400		1.054e-10		273.756		17.6929		-22.504		-4.81113		108.052
		105600		1.056e-10		269.814		17.4381		-22.2492		-4.81114		109.275
		105800		1.058e-10		274.446		17.7375		-22.5486		-4.81111		109.597
		106000		1.06e-10		286.237		18.4995		-23.3106		-4.81114		110.702
		106200		1.062e-10		277.466		17.9326		-22.7437		-4.8111		110.906
		106400		1.064e-10		281.164		18.1716		-22.9828		-4.81119		111.471
		106600		1.066e-10		271.876		17.5714		-22.3825		-4.81113		112.072
		106800		1.068e-10		275.739		17.821		-22.6321		-4.81113		112.059
		107000		1.07e-10		262.894		16.9909		-21.802		-4.81111		112.254
		107200		1.072e-10		268.858		17.3763		-22.1874		-4.81112		112.388
		107400		1.074e-10		265.387		17.152		-21.9631		-4.81116		112.303
		107600		1.076e-10		266.355		17.2145		-22.0256		-4.8111		112.216
		107800		1.078e-10		272.22		17.5935		-22.4047		-4.81116		111.909
		108000		1.08e-10		273.812		17.6965		-22.5077		-4.81118		112.242
		108200		1.082e-10		274.356		17.7317		-22.5428		-4.81116		112.267
		108400		1.084e-10		274.438		17.7369		-22.548		-4.81112		112.819
		108600		1.086e-10		275.275		17.791		-22.6022		-4.81119		113.447
		108800		1.088e-10		282.65		18.2677		-23.0789		-4.8112		113.478
		109000		1.09e-10		277.071		17.9071		-22.7183		-4.81118		113.594
		109200		1.092e-10		272.482		17.6105		-22.4217		-4.81121		113.746
		109400		1.094e-10		275.204		17.7865		-22.5976		-4.81118		114.661
		109600		1.096e-10		273.471		17.6744		-22.4856		-4.81123		114.945
		109800		1.098e-10		263.102		17.0043		-21.8154		-4.81113		115.085
		110000		1.1e-10		264.679		17.1062		-21.9173		-4.81111		114.681
		110200		1.102e-10		267.904		17.3146		-22.1258		-4.81115		115.314
		110400		1.104e-10		275.769		17.8229		-22.634		-4.81109		115.543
		110600		1.106e-10		278.897		18.0251		-22.8363		-4.81123		116.226
		110800		1.108e-10		274.418		17.7357		-22.5468		-4.81112		116.542
		111000		1.11e-10		271.814		17.5673		-22.3785		-4.81118		117.057
		111200		1.112e-10		273.248		17.66		-22.4712		-4.8112		118.065
		111400		1.114e-10		268.544		17.356		-22.1671		-4.81113		117.926
		111600		1.116e-10		276.036		17.8402		-22.6513		-4.81113		118.267
		111800		1.118e-10		266.522		17.2253		-22.0364		-4.81114		118.6
		112000		1.12e-10		281.159		18.1713		-22.9824		-4.81115		119.509
		112200		1.122e-10		275.26		17.79		-22.6012		-4.81117		120.232
		112400		1.124e-10		281.834		18.2149		-23.0261		-4.81115		120.129
		112600		1.126e-10		259.237		16.7545		-21.5655		-4.81104		119.629
		112800		1.128e-10		259.741		16.787		-21.5982		-4.81116		118.978
		113000		1.13e-10		270.29		17.4688		-22.28		-4.81114		119.578
		113200		1.132e-10		275.911		17.8321		-22.6433		-4.81117		120.37
		113400		1.134e-10		273.797		17.6955		-22.5067		-4.81115		120.584
		113600		1.136e-10		260.402		16.8298		-21.6409		-4.81111		121.417
		113800		1.138e-10		269.006		17.3859		-22.197		-4.81112		122.121
		114000		1.14e-10		274.296		17.7277		-22.5388		-4.81107		123.061
		114200		1.142e-10		268.284		17.3392		-22.1503		-4.81111		123.488
		114400		1.144e-10		261.864		16.9243		-21.7354		-4.81115		123.836
		114600		1.146e-10		267.553		17.2919		-22.1031		-4.81116		124.343
		114800		1.148e-10		268.196		17.3335		-22.1447		-4.81115		124.19
		115000		1.15e-10		278.377		17.9915		-22.8026		-4.81116		124.663
		115200		1.152e-10		273.737		17.6916		-22.5028		-4.81116		125.032
		115400		1.154e-10		278.005		17.9675		-22.7787		-4.81117		125.214
		115600		1.156e-10		267.443		17.2849		-22.096		-4.81111		125.59
		115800		1.158e-10		262.291		16.9519		-21.763		-4.81111		126.717
		116000		1.16e-10		268.345		17.3431		-22.1543		-4.81116		127.368
		116200		1.162e-10		281.454		18.1904		-23.0015		-4.81119		127.321
		116400		1.164e-10		269.1		17.3919		-22.2031		-4.81114		127.528
		116600		1.166e-10		274.373		17.7327		-22.5439		-4.81121		127.83
		116800		1.168e-10		266.237		17.2069		-22.0181		-4.81113		128.006
		117000		1.17e-10		265.201		17.1399		-21.9511		-4.81116		128.216
		117200		1.172e-10		257.327		16.631		-21.4421		-4.81109		128.128
		117400		1.174e-10		278.402		17.9931		-22.8043		-4.81124		128.207
		117600		1.176e-10		265.062		17.1309		-21.942		-4.8111		128.379
		117800		1.178e-10		255.952		16.5422		-21.3533		-4.81107		129.222
		118000		1.18e-10		258.195		16.6871		-21.4983		-4.81113		129.03
		118200		1.182e-10		275.062		17.7772		-22.5884		-4.81112		128.65
		118400		1.184e-10		268.853		17.3759		-22.1871		-4.81115		128.702
		118600		1.186e-10		257.043		16.6127		-21.4238		-4.81106		128.359
		118800		1.188e-10		271.37		17.5386		-22.3497		-4.8111		128.548
		119000		1.19e-10		282.606		18.2648		-23.076		-4.81123		128.726
		119200		1.192e-10		267.87		17.3124		-22.1236		-4.81119		129.214
		119400		1.194e-10		266.888		17.249		-22.06		-4.81107		129.359
		119600		1.196e-10		274.573		17.7457		-22.5568		-4.81113		129.289
		119800		1.198e-10		253.911		16.4103		-21.2214		-4.81109		130.345
		120000		1.2e-10		266.229		17.2064		-22.0175		-4.81112		130.801
		120200		1.202e-10		269.763		17.4348		-22.2459		-4.81113		130.705
		120400		1.204e-10		266.732		17.2389		-22.05		-4.81113		130.81
		120600		1.206e-10		261.037		16.8708		-21.6819		-4.81113		131.155
		120800		1.208e-10		273.354		17.6669		-22.478		-4.81115		131.827
		121000		1.21e-10		282.463		18.2556		-23.0667		-4.81114		131.834
		121200		1.212e-10		273.154		17.6539		-22.4651		-4.81121		131.914
		121400		1.214e-10		273.15		17.6537		-22.4648		-4.81109		132.033
		121600		1.216e-10		271.244		17.5305		-22.3417		-4.81119		131.883
		121800		1.218e-10		273.339		17.6659		-22.477		-4.81114		132.408
		122000		1.22e-10		264.847		17.117		-21.9282		-4.81117		132.797
		122200		1.222e-10		260.155		16.8138		-21.6249		-4.81112		132.62
		122400		1.224e-10		282.165		18.2363		-23.0475		-4.81119		132.988
		122600		1.226e-10		270.702		17.4955		-22.3067		-4.81119		132.803
		122800		1.228e-10		272.839		17.6336		-22.4448		-4.81114		132.842
		123000		1.23e-10		272.092		17.5853		-22.3964		-4.81111		133.037
		123200		1.232e-10		265.736		17.1745		-21.9856		-4.81113		133.472
		123400		1.234e-10		264.334		17.0839		-21.8951		-4.81112		133.78
		123600		1.236e-10		273.539		17.6788		-22.49		-4.81115		134.358
		123800		1.238e-10		261.572		16.9054		-21.7165		-4.81113		134.869
		124000		1.24e-10		274.42		17.7358		-22.547		-4.81116		134.903
		124200		1.242e-10		270.795		17.5015		-22.3127		-4.81118		134.921
		124400		1.244e-10		275.851		17.8283		-22.6394		-4.81118		135.07
		124600		1.246e-10		272.657		17.6218		-22.433		-4.81116		135.127
		124800		1.248e-10		271.683		17.5589		-22.37		-4.81112		135.253
		125000		1.25e-10		286.648		18.5261		-23.3372		-4.81114		135.232
		125200		1.252e-10		272.304		17.599		-22.4101		-4.81108		135.8
		125400		1.254e-10		261.523		16.9022		-21.7133		-4.81106		135.56
		125600		1.256e-10		276.658		17.8804		-22.6916		-4.81117		135.526
		125800		1.258e-10		263.822		17.0508		-21.862		-4.81115		135.225
		126000		1.26e-10		269.135		17.3942		-22.2053		-4.81112		135.15
		126200		1.262e-10		259.654		16.7814		-21.5926		-4.81117		135.378
		126400		1.264e-10		275.472		17.8038		-22.6149		-4.81116		135.595
		126600		1.266e-10		270.859		17.5056		-22.3168		-4.81121		135.611
		126800		1.268e-10		260.046		16.8068		-21.6179		-4.81115		135.994
		127000		1.27e-10		277.058		17.9062		-22.7174		-4.81118		136.061
		127200		1.272e-10		274.509		17.7415		-22.5527		-4.81116		136.349
		127400		1.274e-10		256.85		16.6002		-21.4113		-4.81109		137.506
		127600		1.276e-10		267.767		17.3058		-22.1169		-4.81117		138.402
		127800		1.278e-10		279.647		18.0736		-22.8848		-4.8112		138.949
		128000		1.28e-10		278.315		17.9875		-22.7987		-4.81117		138.822
		128200		1.282e-10		264.943		17.1233		-21.9344		-4.81118		138.466
		128400		1.284e-10		269.723		17.4322		-22.2433		-4.8111		139.073
		128600		1.286e-10		279.907		18.0904		-22.9016		-4.81121		139.764
		128800		1.288e-10		275.797		17.8247		-22.6359		-4.81116		139.552
		129000		1.29e-10		275.631		17.8141		-22.6252		-4.81119		140.125
		129200		1.292e-10		266.361		17.2149		-22.026		-4.81116		140.072
		129400		1.294e-10		264.806		17.1144		-21.9256		-4.81116		140.117
		129600		1.296e-10		278.042		17.9699		-22.7811		-4.81119		140.912
		129800		1.298e-10		283.006		18.2907		-23.102		-4.81125		140.604
		130000		1.3e-10		267.263		17.2732		-22.0844		-4.81116		140.641
		130200		1.302e-10		269.643		17.427		-22.2382		-4.8112		141.11
		130400		1.304e-10		262.591		16.9712		-21.7824		-4.81111		141.805
		130600		1.306e-10		270.213		17.4638		-22.275		-4.81117		142.458
		130800		1.308e-10		282.481		18.2568		-23.068		-4.8112		142.93
		131000		1.31e-10		276.182		17.8496		-22.6608		-4.81114		143.701
		131200		1.312e-10		262.845		16.9877		-21.7989		-4.81121		143.844
		131400		1.314e-10		272.676		17.6231		-22.4343		-4.81122		143.868
		131600		1.316e-10		270.871		17.5064		-22.3176		-4.8112		143.938
		131800		1.318e-10		264.716		17.1086		-21.9197		-4.81112		144.537
		132000		1.32e-10		275.21		17.7868		-22.598		-4.81115		144.935
		132200		1.322e-10		263.824		17.0509		-21.8621		-4.81119		144.131
		132400		1.324e-10		267.475		17.2869		-22.0981		-4.81115		144.233
		132600		1.326e-10		276.829		17.8914		-22.7026		-4.81114		145.133
		132800		1.328e-10		280.024		18.098		-22.9091		-4.81117		144.691
		133000		1.33e-10		271.291		17.5335		-22.3447		-4.81115		144.994
		133200		1.332e-10		271.708		17.5605		-22.3716		-4.81115		144.668
		133400		1.334e-10		265.908		17.1856		-21.9968		-4.81117		145.617
		133600		1.336e-10		260.307		16.8236		-21.6348		-4.81112		145.988
		133800		1.338e-10		267.551		17.2918		-22.1029		-4.81115		146.314
		134000		1.34e-10		273.62		17.684		-22.4952		-4.81118		146.197
		134200		1.342e-10		280.24		18.1119		-22.923		-4.81109		146.832
		134400		1.344e-10		260.669		16.847		-21.6581		-4.81111		147.162
		134600		1.346e-10		256.071		16.5499		-21.3609		-4.81106		147.779
		134800		1.348e-10		273.211		17.6576		-22.4688		-4.81117		148.155
		135000		1.35e-10		271.624		17.555		-22.3662		-4.81112		148.127
		135200		1.352e-10		280.913		18.1554		-22.9666		-4.81117		147.489
		135400		1.354e-10		270.618		17.4901		-22.3012		-4.81113		147.215
		135600		1.356e-10		275.281		17.7914		-22.6026		-4.81117		147.6
		135800		1.358e-10		269.035		17.3877		-22.1989		-4.81117		147.564
		136000		1.36e-10		272.283		17.5977		-22.4089		-4.8112		148.061
		136200		1.362e-10		270.234		17.4652		-22.2764		-4.81113		147.917
		136400		1.364e-10		273.935		17.7044		-22.5156		-4.81117		148.296
		136600		1.366e-10		265.407		17.1533		-21.9644		-4.81116		147.704
		136800		1.368e-10		265.956		17.1887		-21.9999		-4.81113		148.46
		137000		1.37e-10		281.311		18.1811		-22.9922		-4.81113		148.949
		137200		1.372e-10		269.544		17.4206		-22.2318		-4.81121		149.471
		137400		1.374e-10		275.852		17.8283		-22.6395		-4.81119		149.31
		137600		1.376e-10		268.018		17.322		-22.1331		-4.8111		149.417
		137800		1.378e-10		261.774		16.9184		-21.7296		-4.81118		149.328
		138000		1.38e-10		270.086		17.4556		-22.2668		-4.81112		149.826
		138200		1.382e-10		255.313		16.5009		-21.312		-4.81113		150.953
		138400		1.384e-10		268.235		17.336		-22.1472		-4.81114		150.382
		138600		1.386e-10		277.538		17.9373		-22.7485		-4.8112		151.001
		138800		1.388e-10		272.379		17.6039		-22.4151		-4.8112		151.164
		139000		1.39e-10		266.43		17.2194		-22.0305		-4.81113		151.473
		139200		1.392e-10		264.409		17.0888		-21.8999		-4.81111		152.597
		139400		1.394e-10		278.74		18.015		-22.8261		-4.81117		152.809
		139600		1.396e-10		281.247		18.177		-22.9882		-4.8112		152.901
		139800		1.398e-10		260.27		16.8213		-21.6323		-4.81107		153.662
		140000		1.4e-10		261.214		16.8822		-21.6934		-4.81118		154.332
		140200		1.402e-10		270.012		17.4509		-22.262		-4.81111		154.364
		140400		1.404e-10		272.628		17.62		-22.4311		-4.81113		154.48
		140600		1.406e-10		282.134		18.2343		-23.0455		-4.81118		154.572
		140800		1.408e-10		277.403		17.9285		-22.7397		-4.81119		155.345
		141000		1.41e-10		284.488		18.3865		-23.1976		-4.81118		156.265
		141200		1.412e-10		265.883		17.184		-21.9951		-4.81112		156.73
		141400		1.414e-10		271.932		17.5749		-22.3861		-4.81118		156.576
		141600		1.416e-10		271.965		17.5771		-22.3882		-4.81118		156.975
		141800		1.418e-10		273.433		17.672		-22.4831		-4.81112		157.165
		142000		1.42e-10		270.055		17.4536		-22.2648		-4.81114		156.985
		142200		1.422e-10		269.827		17.4389		-22.2501		-4.8112		157.335
		142400		1.424e-10		262.212		16.9467		-21.7578		-4.81109		157.183
		142600		1.426e-10		276.168		17.8487		-22.6599		-4.81117		156.951
		142800		1.428e-10		270.525		17.484		-22.2952		-4.81118		157.196
		143000		1.43e-10		273.942		17.7049		-22.516		-4.81116		157.247
		143200		1.432e-10		266.635		17.2326		-22.0438		-4.81117		157.817
		143400		1.434e-10		269.773		17.4354		-22.2466		-4.8112		158.296
		143600		1.436e-10		269.144		17.3948		-22.2059		-4.81109		158.246
		143800		1.438e-10		282.912		18.2846		-23.0958		-4.81121		158.946
		144000		1.44e-10		261.124		16.8764		-21.6875		-4.8111		159.66
		144200		1.442e-10		273.384		17.6688		-22.48		-4.81119		160.333
		144400		1.444e-10		252.104		16.2935		-21.1046		-4.81112		160.423
		144600		1.446e-10		268.047		17.3239		-22.135		-4.81113		160.163
		144800		1.448e-10		268.77		17.3706		-22.1818		-4.81116		160.357
		145000		1.45e-10		277.104		17.9093		-22.7204		-4.81112		160.901
		145200		1.452e-10		270.837		17.5042		-22.3154		-4.81118		161.172
		145400		1.454e-10		267.872		17.3125		-22.1236		-4.81111		161.918
		145600		1.456e-10		279.223		18.0462		-22.8573		-4.81119		162.093
		145800		1.458e-10		268.936		17.3813		-22.1925		-4.81117		162.393
		146000		1.46e-10		263.457		17.0273		-21.8384		-4.81114		162.466
		146200		1.462e-10		273.454		17.6734		-22.4844		-4.81109		162.859
		146400		1.464e-10		276.139		17.8468		-22.658		-4.81115		163.319
		146600		1.466e-10		267.964		17.3185		-22.1297		-4.81115		163.802
		146800		1.468e-10		273.229		17.6588		-22.4699		-4.81118		163.312
		147000		1.47e-10		265.666		17.17		-21.9811		-4.81116		163.954
		147200		1.472e-10		270.993		17.5143		-22.3254		-4.81112		165.319
		147400		1.474e-10		275.907		17.8319		-22.643		-4.81114		166.053
		147600		1.476e-10		278.115		17.9746		-22.7857		-4.81115		166.096
		147800		1.478e-10		269.403		17.4115		-22.2227		-4.81112		166.488
		148000		1.48e-10		279.551		18.0674		-22.8785		-4.81116		167.048
		148200		1.482e-10		268.979		17.3841		-22.1953		-4.81118		168.455
		148400		1.484e-10		253.414		16.3782		-21.1893		-4.81111		168.584
		148600		1.486e-10		261.427		16.896		-21.7071		-4.81108		168.578
		148800		1.488e-10		275.562		17.8096		-22.6207		-4.81118		168.435
		149000		1.49e-10		273.202		17.657		-22.4682		-4.81116		168.3
		149200		1.492e-10		264.092		17.0683		-21.8793		-4.81107		168.698
		149400		1.494e-10		269.576		17.4227		-22.2338		-4.81116		168.403
		149600		1.496e-10		265.808		17.1792		-21.9903		-4.81114		168.999
		149800		1.498e-10		280.816		18.1491		-22.9603		-4.81119		169.793
		150000		1.5e-10		269.143		17.3947		-22.2059		-4.81118		170.491
		150200		1.502e-10		279.634		18.0727		-22.8839		-4.81117		170.998
		150400		1.504e-10		266.093		17.1976		-22.0087		-4.8111		171.516
		150600		1.506e-10		268.882		17.3779		-22.189		-4.8111		171.737
		150800		1.508e-10		281.603		18.2		-23.0112		-4.81118		172.607
		151000		1.51e-10		264.894		17.1201		-21.9312		-4.81111		172.977
		151200		1.512e-10		270.731		17.4973		-22.3084		-4.81112		173.749
		151400		1.514e-10		266.218		17.2056		-22.0168		-4.81117		174.022
		151600		1.516e-10		263.145		17.0071		-21.8182		-4.81114		174.579
		151800		1.518e-10		263.239		17.0131		-21.8243		-4.81115		174.712
		152000		1.52e-10		270.354		17.473		-22.2841		-4.81117		175.155
		152200		1.522e-10		277.705		17.9481		-22.7592		-4.81115		175.265
		152400		1.524e-10		263.651		17.0397		-21.8509		-4.81115		175.134
		152600		1.526e-10		275.714		17.8194		-22.6306		-4.81119		174.782
		152800		1.528e-10		269.755		17.4342		-22.2454		-4.81114		175.212
		153000		1.53e-10		274.27		17.7261		-22.5372		-4.81115		176.495
		153200		1.532e-10		267.237		17.2715		-22.0827		-4.81116		176.589
		153400		1.534e-10		271.305		17.5344		-22.3456		-4.8112		177.151
		153600		1.536e-10		272.383		17.6041		-22.4152		-4.81112		176.942
		153800		1.538e-10		260.448		16.8328		-21.6439		-4.81114		176.765
		154000		1.54e-10		269.932		17.4457		-22.2569		-4.8112		177.479
		154200		1.542e-10		256.161		16.5557		-21.3668		-4.8111		177.322
		154400		1.544e-10		255.967		16.5431		-21.3543		-4.81111		177.36
		154600		1.546e-10		271.489		17.5463		-22.3575		-4.81114		177.916
		154800		1.548e-10		266.921		17.2511		-22.0623		-4.81113		178.863
		155000		1.55e-10		267.966		17.3187		-22.1298		-4.81116		179.834
		155200		1.552e-10		265.949		17.1883		-21.9994		-4.81115		179.848
		155400		1.554e-10		272.383		17.6041		-22.4152		-4.81114		180.207
		155600		1.556e-10		275.131		17.7817		-22.5929		-4.81112		180.166
		155800		1.558e-10		282.163		18.2362		-23.0474		-4.81119		181.274
		156000		1.56e-10		270.314		17.4704		-22.2815		-4.81116		181.394
		156200		1.562e-10		266.491		17.2233		-22.0345		-4.81116		181.869
		156400		1.564e-10		266.341		17.2136		-22.0248		-4.81119		182.273
		156600		1.566e-10		261.988		16.9323		-21.7434		-4.81109		181.828
		156800		1.568e-10		261.927		16.9283		-21.7394		-4.81114		182.4
		157000		1.57e-10		264.887		17.1196		-21.9308		-4.81119		183.449
		157200		1.572e-10		270.445		17.4789		-22.29		-4.81117		183.728
		157400		1.574e-10		267.032		17.2583		-22.0694		-4.81111		183.765
		157600		1.576e-10		273.725		17.6909		-22.502		-4.81111		183.754
		157800		1.578e-10		263.106		17.0046		-21.8157		-4.81116		183.61
		158000		1.58e-10		260.38		16.8284		-21.6395		-4.81113		183.707
		158200		1.582e-10		266.633		17.2325		-22.0437		-4.8112		184.171
		158400		1.584e-10		266.926		17.2514		-22.0625		-4.8111		184.068
		158600		1.586e-10		264.767		17.1119		-21.923		-4.81113		184.674
		158800		1.588e-10		266.119		17.1993		-22.0104		-4.81114		185.117
		159000		1.59e-10		271.819		17.5676		-22.3788		-4.8112		185.916
		159200		1.592e-10		265.903		17.1853		-21.9965		-4.81117		185.113
		159400		1.594e-10		271.483		17.5459		-22.357		-4.81109		185.787
		159600		1.596e-10		261.674		16.912		-21.7231		-4.81107		186.411
		159800		1.598e-10		267.807		17.3083		-22.1195		-4.81118		186.288
		160000		1.6e-10		263.201		17.0107		-21.8218		-4.81112		186.692
		160200		1.602e-10		262.413		16.9598		-21.7709		-4.81112		187.268
		160400		1.604e-10		276.712		17.8839		-22.6951		-4.81121		186.885
		160600		1.606e-10		270.718		17.4965		-22.3077		-4.81117		187.576
		160800		1.608e-10		269.703		17.4309		-22.2421		-4.81122		187.273
		161000		1.61e-10		271.996		17.5791		-22.3903		-4.8112		188.03
		161200		1.612e-10		264.016		17.0633		-21.8744		-4.8111		187.516
		161400		1.614e-10		271.495		17.5467		-22.3578		-4.81114		187.856
		161600		1.616e-10		264.699		17.1075		-21.9186		-4.81111		188.463
		161800		1.618e-10		278.308		17.9871		-22.7983		-4.81124		189.116
		162000		1.62e-10		277.686		17.9468		-22.758		-4.81117		188.598
		162200		1.622e-10		268.453		17.3501		-22.1613		-4.81114		188.395
		162400		1.624e-10		260.011		16.8045		-21.6156		-4.81113		188.209
		162600		1.626e-10		269.347		17.4079		-22.219		-4.81112		188.649
		162800		1.628e-10		273.702		17.6894		-22.5005		-4.81117		189.626
		163000		1.63e-10		273.003		17.6442		-22.4553		-4.8111		189.754
		163200		1.632e-10		260.235		16.819		-21.6301		-4.81117		190.103
		163400		1.634e-10		264.445		17.0911		-21.9022		-4.81112		190.247
		163600		1.636e-10		276.937		17.8984		-22.7096		-4.81117		190.822
		163800		1.638e-10		273.89		17.7015		-22.5127		-4.81119		191.288
		164000		1.64e-10		272.99		17.6433		-22.4545		-4.81119		192.01
		164200		1.642e-10		261.073		16.8731		-21.6843		-4.81113		192.391
		164400		1.644e-10		280.878		18.1531		-22.9643		-4.81122		192.783
		164600		1.646e-10		269.621		17.4256		-22.2368		-4.81121		192.818
		164800		1.648e-10		274.554		17.7444		-22.5556		-4.81119		193.237
		165000		1.65e-10		270.585		17.4879		-22.2991		-4.81115		194.18
		165200		1.652e-10		278.778		18.0174		-22.8286		-4.81121		194.989
		165400		1.654e-10		271.467		17.5449		-22.356		-4.81114		195.739
		165600		1.656e-10		277.404		17.9286		-22.7397		-4.81112		196.306
		165800		1.658e-10		270.071		17.4547		-22.2658		-4.81111		196.864
		166000		1.66e-10		263.319		17.0183		-21.8294		-4.81108		197.235
		166200		1.662e-10		267.287		17.2748		-22.0859		-4.81116		197.764
		166400		1.664e-10		269.212		17.3992		-22.2103		-4.81118		198.295
		166600		1.666e-10		287.264		18.5659		-23.3771		-4.81119		198.554
		166800		1.668e-10		279.954		18.0934		-22.9046		-4.8112		199.177
		167000		1.67e-10		269.679		17.4293		-22.2404		-4.81111		199.402
		167200		1.672e-10		277.624		17.9428		-22.754		-4.81121		199.34
		167400		1.674e-10		277.257		17.9191		-22.7302		-4.81116		198.779
		167600		1.676e-10		267.553		17.292		-22.1031		-4.81114		198.323
		167800		1.678e-10		259.764		16.7885		-21.5997		-4.81116		197.774
		168000		1.68e-10		272.261		17.5962		-22.4074		-4.81112		197.952
		168200		1.682e-10		271.761		17.5639		-22.375		-4.81113		198.202
		168400		1.684e-10		269.586		17.4234		-22.2345		-4.81111		198.907
		168600		1.686e-10		262.98		16.9964		-21.8075		-4.81111		199.374
		168800		1.688e-10		265.258		17.1436		-21.9547		-4.81114		199.383
		169000		1.69e-10		257.579		16.6473		-21.4584		-4.8111		199.029
		169200		1.692e-10		266.245		17.2074		-22.0186		-4.81124		199.78
		169400		1.694e-10		271.968		17.5773		-22.3884		-4.81113		200.4
		169600		1.696e-10		268.068		17.3252		-22.1363		-4.81109		200.809
		169800		1.698e-10		274.436		17.7368		-22.548		-4.81119		201.594
		170000		1.7e-10		261.435		16.8965		-21.7076		-4.81109		202.034
		170200		1.702e-10		275.608		17.8125		-22.6236		-4.81112		202.724
		170400		1.704e-10		270.79		17.5012		-22.3123		-4.81114		203.848
		170600		1.706e-10		262.102		16.9396		-21.7508		-4.81119		204.398
		170800		1.708e-10		273.87		17.7002		-22.5114		-4.81121		204.491
		171000		1.71e-10		265.254		17.1434		-21.9546		-4.81118		204.948
		171200		1.712e-10		279.916		18.091		-22.9022		-4.81122		205.457
		171400		1.714e-10		275.473		17.8038		-22.615		-4.81116		206.188
		171600		1.716e-10		280.129		18.1048		-22.916		-4.81122		206.377
		171800		1.718e-10		286.66		18.5268		-23.338		-4.81121		206.868
		172000		1.72e-10		268.671		17.3642		-22.1753		-4.81112		206.764
		172200		1.722e-10		275.739		17.821		-22.6322		-4.81115		207.275
		172400		1.724e-10		264.456		17.0918		-21.9029		-4.81111		207.847
		172600		1.726e-10		267.631		17.297		-22.1082		-4.81118		207.742
		172800		1.728e-10		274.399		17.7344		-22.5456		-4.81118		207.95
		173000		1.73e-10		279.321		18.0525		-22.8637		-4.81123		207.174
		173200		1.732e-10		262.693		16.9779		-21.7889		-4.81108		206.834
		173400		1.734e-10		285.259		18.4363		-23.2475		-4.81118		206.147
		173600		1.736e-10		277.16		17.9129		-22.724		-4.81117		205.621
		173800		1.738e-10		269.493		17.4173		-22.2285		-4.81117		205.642
		174000		1.74e-10		278.281		17.9853		-22.7965		-4.81118		206.333
		174200		1.742e-10		275.78		17.8236		-22.6348		-4.81115		206.03
		174400		1.744e-10		281.614		18.2007		-23.0119		-4.81114		204.975
		174600		1.746e-10		279.343		18.054		-22.8651		-4.81116		205.3
		174800		1.748e-10		273.394		17.6695		-22.4806		-4.81112		206.284
		175000		1.75e-10		259.546		16.7744		-21.5855		-4.81108		207.28
		175200		1.752e-10		273.723		17.6907		-22.5019		-4.81117		208.223
		175400		1.754e-10		267.551		17.2918		-22.1029		-4.81111		208.375
		175600		1.756e-10		271.276		17.5325		-22.3437		-4.81114		208.826
		175800		1.758e-10		271.396		17.5403		-22.3515		-4.81114		209.22
		176000		1.76e-10		271.247		17.5307		-22.3419		-4.81117		209.684
		176200		1.762e-10		271.774		17.5648		-22.376		-4.8112		208.83
		176400		1.764e-10		279.066		18.036		-22.8473		-4.81129		208.847
		176600		1.766e-10		273.555		17.6799		-22.491		-4.81116		210.146
		176800		1.768e-10		273.389		17.6691		-22.4803		-4.8112		210.667
		177000		1.77e-10		268.672		17.3643		-22.1754		-4.81115		210.72
		177200		1.772e-10		271.445		17.5435		-22.3546		-4.81114		210.281
		177400		1.774e-10		273.437		17.6722		-22.4834		-4.81114		210.259
		177600		1.776e-10		274.237		17.7239		-22.5351		-4.81115		209.729
		177800		1.778e-10		266.55		17.2271		-22.0383		-4.81115		210.81
		178000		1.78e-10		266.569		17.2284		-22.0395		-4.81115		210.831
		178200		1.782e-10		274.71		17.7545		-22.5656		-4.81111		210.339
		178400		1.784e-10		276.039		17.8404		-22.6516		-4.81118		210.804
		178600		1.786e-10		268.491		17.3526		-22.1637		-4.81114		212.036
		178800		1.788e-10		271.434		17.5428		-22.3539		-4.81115		212.637
		179000		1.79e-10		267.101		17.2628		-22.0738		-4.81108		212.738
		179200		1.792e-10		283.346		18.3127		-23.1239		-4.8112		213.095
		179400		1.794e-10		265.546		17.1623		-21.9733		-4.81108		213.198
		179600		1.796e-10		275.403		17.7993		-22.6105		-4.81121		213.625
		179800		1.798e-10		279.652		18.0739		-22.8851		-4.8112		213.543
		180000		1.8e-10		269.235		17.4007		-22.2118		-4.81115		214.122
		180200		1.802e-10		273.543		17.6791		-22.4903		-4.81116		214.896
		180400		1.804e-10		278.535		18.0017		-22.8129		-4.81119		215.532
		180600		1.806e-10		270.298		17.4694		-22.2805		-4.81116		215.27
		180800		1.808e-10		270.491		17.4818		-22.2929		-4.81106		215.898
		181000		1.81e-10		262.413		16.9597		-21.7709		-4.81111		215.855
		181200		1.812e-10		270.496		17.4822		-22.2933		-4.8111		216.284
		181400		1.814e-10		268.273		17.3385		-22.1496		-4.81113		216.428
		181600		1.816e-10		270.434		17.4781		-22.2893		-4.8112		216.299
		181800		1.818e-10		287.826		18.6022		-23.4134		-4.8112		215.849
		182000		1.82e-10		267.539		17.291		-22.1022		-4.81117		217.163
		182200		1.822e-10		275.551		17.8089		-22.62		-4.81116		218.22
		182400		1.824e-10		267.002		17.2563		-22.0675		-4.81117		218.614
		182600		1.826e-10		254.748		16.4644		-21.2755		-4.81115		218.624
		182800		1.828e-10		280.53		18.1307		-22.9418		-4.81118		218.095
		183000		1.83e-10		277.566		17.9391		-22.7503		-4.81121		218.43
		183200		1.832e-10		268.914		17.3799		-22.1911		-4.81119		218.455
		183400		1.834e-10		270.566		17.4867		-22.2978		-4.81113		219.155
		183600		1.836e-10		267.016		17.2573		-22.0684		-4.81113		218.233
		183800		1.838e-10		268.117		17.3284		-22.1395		-4.81115		218.178
		184000		1.84e-10		269.239		17.4009		-22.2121		-4.81118		218.401
		184200		1.842e-10		281.917		18.2203		-23.0315		-4.81117		218.249
		184400		1.844e-10		271.169		17.5256		-22.3368		-4.81115		218.473
		184600		1.846e-10		272.761		17.6285		-22.4397		-4.81114		217.861
		184800		1.848e-10		277.338		17.9244		-22.7355		-4.81112		218.408
		185000		1.85e-10		267.961		17.3183		-22.1294		-4.8111		218.455
		185200		1.852e-10		270.829		17.5037		-22.3149		-4.81116		218.884
		185400		1.854e-10		261.894		16.9262		-21.7374		-4.8112		218.735
		185600		1.856e-10		264.926		17.1222		-21.9334		-4.81117		219.493
		185800		1.858e-10		271.865		17.5706		-22.3817		-4.81111		220.18
		186000		1.86e-10		269.132		17.394		-22.2052		-4.81119		220.732
		186200		1.862e-10		260.881		16.8607		-21.6719		-4.81113		220.594
		186400		1.864e-10		272.8		17.6311		-22.4422		-4.81115		219.797
		186600		1.866e-10		267.537		17.2909		-22.102		-4.81112		220.191
		186800		1.868e-10		260.161		16.8142		-21.6253		-4.81111		220.539
		187000		1.87e-10		271.923		17.5744		-22.3856		-4.81118		220.672
		187200		1.872e-10		257.364		16.6334		-21.4445		-4.8111		220.763
		187400		1.874e-10		263.936		17.0582		-21.8693		-4.81111		221.258
		187600		1.876e-10		253.402		16.3774		-21.1885		-4.81108		221.533
		187800		1.878e-10		259.792		16.7903		-21.6015		-4.81112		222.18
		188000		1.88e-10		269.066		17.3897		-22.2009		-4.81121		221.975
		188200		1.882e-10		253.283		16.3697		-21.1807		-4.81109		222.103
		188400		1.884e-10		278.697		18.0122		-22.8234		-4.81119		221.544
		188600		1.886e-10		261.355		16.8913		-21.7025		-4.81115		220.971
		188800		1.888e-10		262.435		16.9612		-21.7724		-4.81119		221.347
		189000		1.89e-10		277.534		17.937		-22.7482		-4.81116		221.708
		189200		1.892e-10		276.024		17.8394		-22.6506		-4.81121		221.916
		189400		1.894e-10		267.886		17.3134		-22.1246		-4.81115		221.513
		189600		1.896e-10		278.802		18.019		-22.8301		-4.81113		222.166
		189800		1.898e-10		268.216		17.3348		-22.1459		-4.81112		222.875
		190000		1.9e-10		263.416		17.0246		-21.8356		-4.81105		223.134
		190200		1.902e-10		265.051		17.1303		-21.9415		-4.81119		223.128
		190400		1.904e-10		276.816		17.8906		-22.7018		-4.81119		223.211
		190600		1.906e-10		271.881		17.5716		-22.3828		-4.81116		223.201
		190800		1.908e-10		254.465		16.4461		-21.2571		-4.81106		223.92
		191000		1.91e-10		274.862		17.7644		-22.5756		-4.81122		224.271
		191200		1.912e-10		276.069		17.8424		-22.6536		-4.81121		224.69
		191400		1.914e-10		268.734		17.3683		-22.1794		-4.8111		225.1
		191600		1.916e-10		271.453		17.544		-22.3552		-4.81113		226.069
		191800		1.918e-10		268.205		17.3341		-22.1453		-4.81119		226.778
		192000		1.92e-10		263.144		17.007		-21.8181		-4.81114		226.476
		192200		1.922e-10		273.271		17.6615		-22.4727		-4.81119		227.863
		192400		1.924e-10		270.093		17.4561		-22.2672		-4.81117		228.036
		192600		1.926e-10		276.647		17.8797		-22.6908		-4.81111		227.045
		192800		1.928e-10		265.689		17.1715		-21.9826		-4.81115		226.966
		193000		1.93e-10		267.239		17.2717		-22.0828		-4.81117		226.548
		193200		1.932e-10		275.489		17.8048		-22.6159		-4.81108		225.889
		193400		1.934e-10		278.232		17.9821		-22.7933		-4.81116		226.682
		193600		1.936e-10		263.712		17.0437		-21.8548		-4.81117		226.799
		193800		1.938e-10		261.79		16.9195		-21.7306		-4.81113		227.176
		194000		1.94e-10		269.804		17.4374		-22.2486		-4.81112		228.146
		194200		1.942e-10		272.356		17.6024		-22.4135		-4.81113		227.82
		194400		1.944e-10		274.814		17.7613		-22.5724		-4.81119		227.533
		194600		1.946e-10		259.335		16.7608		-21.5719		-4.81108		228.068
		194800		1.948e-10		267.522		17.2899		-22.101		-4.8111		228.485
		195000		1.95e-10		267.78		17.3066		-22.1178		-4.81113		229.051
		195200		1.952e-10		273.838		17.6981		-22.5093		-4.81119		229.02
		195400		1.954e-10		275.99		17.8372		-22.6484		-4.81121		229.337
		195600		1.956e-10		261.358		16.8916		-21.7028		-4.81118		228.861
		195800		1.958e-10		278.941		18.028		-22.8392		-4.81122		229.016
		196000		1.96e-10		277.625		17.9429		-22.7541		-4.81119		230.352
		196200		1.962e-10		275.185		17.7852		-22.5963		-4.81112		231.248
		196400		1.964e-10		270.021		17.4515		-22.2626		-4.81113		231.029
		196600		1.966e-10		264.195		17.0749		-21.886		-4.81108		231.015
		196800		1.968e-10		285.548		18.455		-23.2662		-4.81121		231.223
		197000		1.97e-10		276.868		17.894		-22.7051		-4.81114		231.379
		197200		1.972e-10		271.365		17.5383		-22.3495		-4.81117		232.064
		197400		1.974e-10		277.461		17.9323		-22.7435		-4.81123		232.116
		197600		1.976e-10		277.472		17.933		-22.7441		-4.81115		232.342
		197800		1.978e-10		275.2		17.7862		-22.5974		-4.81117		233.012
		198000		1.98e-10		268.309		17.3408		-22.152		-4.81112		233.687
		198200		1.982e-10		276.163		17.8484		-22.6596		-4.81118		235.039
		198400		1.984e-10		266.507		17.2243		-22.0355		-4.81115		235.075
		198600		1.986e-10		274.318		17.7292		-22.5403		-4.81114		235.032
		198800		1.988e-10		266.76		17.2407		-22.0519		-4.81118		234.693
		199000		1.99e-10		280.375		18.1206		-22.9318		-4.8112		234.317
		199200		1.992e-10		262.144		16.9424		-21.7535		-4.81114		234.718
		199400		1.994e-10		256.687		16.5897		-21.4008		-4.81114		235.917
		199600		1.996e-10		277.258		17.9192		-22.7304		-4.81119		236.75
		199800		1.998e-10		263.931		17.0579		-21.869		-4.81116		236.818
