		timesteps		t		Temperature		Kin		Pot		TotalE		MSD
		0		0		597.263		38.6011		-43.9281		-5.32704		0.00743876
		200		2e-13		287.488		18.5804		-23.9073		-5.32694		0.441898
		400		4e-13		295.1		19.0723		-24.3992		-5.32693		0.603286
		600		6e-13		290.637		18.7839		-24.1109		-5.32704		0.675309
		800		8e-13		312.635		20.2056		-25.5326		-5.32702		0.624421
		1000		1e-12		317.622		20.5279		-25.8549		-5.32696		0.549916
		1200		1.2e-12		317.494		20.5196		-25.8466		-5.32695		0.527772
		1400		1.4e-12		307.309		19.8614		-25.1883		-5.32695		0.543678
		1600		1.6e-12		317.33		20.509		-25.836		-5.32695		0.541736
		1800		1.8e-12		310.053		20.0387		-25.3657		-5.32696		0.553146
		2000		2e-12		319.943		20.6779		-26.0049		-5.32699		0.541949
		2200		2.2e-12		314.791		20.3449		-25.6719		-5.32697		0.509957
		2400		2.4e-12		308.429		19.9338		-25.2607		-5.32696		0.498556
		2600		2.6e-12		319.848		20.6718		-25.9987		-5.3269		0.460559
		2800		2.8e-12		315.519		20.392		-25.719		-5.32697		0.452807
		3000		3e-12		315.387		20.3835		-25.7105		-5.32698		0.467611
		3200		3.2e-12		320.296		20.7007		-26.0277		-5.32705		0.473287
		3400		3.4e-12		313.283		20.2475		-25.5744		-5.32692		0.453627
		3600		3.6e-12		308.269		19.9234		-25.2503		-5.32688		0.449063
		3800		3.8e-12		304.999		19.7121		-25.039		-5.32691		0.458798
		4000		4e-12		320.829		20.7352		-26.0621		-5.32692		0.426565
		4200		4.2e-12		344.366		22.2564		-27.5834		-5.32706		0.432056
		4400		4.4e-12		310.661		20.078		-25.405		-5.32696		0.515551
		4600		4.6e-12		310.287		20.0539		-25.3808		-5.32696		0.562498
		4800		4.8e-12		311.215		20.1138		-25.4407		-5.32695		0.568854
		5000		5e-12		309.571		20.0076		-25.3346		-5.32697		0.5338
		5200		5.2e-12		312.795		20.2159		-25.5429		-5.327		0.49947
		5400		5.4e-12		314.383		20.3186		-25.6456		-5.32701		0.498707
		5600		5.6e-12		300.301		19.4084		-24.7354		-5.32695		0.543423
		5800		5.8e-12		307.733		19.8888		-25.2158		-5.32698		0.566597
		6000		6e-12		297.32		19.2158		-24.5427		-5.32692		0.598713
		6200		6.2e-12		305.99		19.7761		-25.1031		-5.32693		0.607046
		6400		6.4e-12		312.118		20.1722		-25.4992		-5.32701		0.618342
		6600		6.6e-12		311.343		20.1221		-25.4491		-5.32697		0.597306
		6800		6.8e-12		313.012		20.2299		-25.5569		-5.32698		0.579604
		7000		7e-12		319.202		20.63		-25.9571		-5.32707		0.584856
		7200		7.2e-12		310.725		20.0822		-25.4091		-5.32697		0.582918
		7400		7.4e-12		322.573		20.8479		-26.1749		-5.32699		0.572504
		7600		7.6e-12		316.646		20.4648		-25.7918		-5.32698		0.594375
		7800		7.8e-12		311.357		20.123		-25.4499		-5.32692		0.590044
		8000		8e-12		331.449		21.4215		-26.7486		-5.32701		0.585197
		8200		8.2e-12		302.16		19.5286		-24.8556		-5.32694		0.638854
		8400		8.4e-12		302.368		19.542		-24.869		-5.32698		0.621162
		8600		8.6e-12		317.397		20.5133		-25.8403		-5.32694		0.545577
		8800		8.8e-12		324.188		20.9523		-26.2793		-5.32706		0.489748
		9000		9e-12		320.458		20.7112		-26.0382		-5.32698		0.461177
		9200		9.2e-12		317.953		20.5493		-25.8763		-5.32698		0.472631
		9400		9.4e-12		308.779		19.9564		-25.2833		-5.32691		0.500219
		9600		9.6e-12		310.824		20.0885		-25.4155		-5.32701		0.491913
		9800		9.8e-12		322.825		20.8642		-26.1912		-5.32697		0.445224
		10000		1e-11		319.727		20.664		-25.9909		-5.32697		0.434422
		10200		1.02e-11		308.848		19.9609		-25.2878		-5.32696		0.445684
		10400		1.04e-11		309.445		19.9994		-25.3263		-5.3269		0.436271
		10600		1.06e-11		325.883		21.0618		-26.3888		-5.327		0.421368
		10800		1.08e-11		325.484		21.036		-26.363		-5.327		0.42972
		11000		1.1e-11		316.083		20.4285		-25.7555		-5.32706		0.459861
		11200		1.12e-11		320.809		20.7339		-26.0609		-5.32699		0.466466
		11400		1.14e-11		301.054		19.4571		-24.784		-5.32695		0.491183
		11600		1.16e-11		321.646		20.788		-26.115		-5.327		0.483401
		11800		1.18e-11		310.101		20.0419		-25.3688		-5.32697		0.547582
		12000		1.2e-11		292.324		18.8929		-24.2198		-5.32695		0.596931
		12200		1.22e-11		312.122		20.1724		-25.4994		-5.32695		0.58392
		12400		1.24e-11		323.332		20.897		-26.224		-5.32704		0.595584
		12600		1.26e-11		296.188		19.1426		-24.4695		-5.32694		0.635193
		12800		1.28e-11		304.388		19.6726		-24.9996		-5.327		0.636257
		13000		1.3e-11		296.328		19.1517		-24.4786		-5.32692		0.619956
		13200		1.32e-11		305.98		19.7755		-25.1025		-5.32698		0.593546
		13400		1.34e-11		305.951		19.7736		-25.1006		-5.32695		0.579082
		13600		1.36e-11		313.65		20.2712		-25.5982		-5.327		0.53695
		13800		1.38e-11		316.518		20.4566		-25.7835		-5.32697		0.478208
		14000		1.4e-11		321.334		20.7678		-26.0948		-5.32693		0.458509
		14200		1.42e-11		323.702		20.9209		-26.2479		-5.32707		0.468852
		14400		1.44e-11		318.067		20.5566		-25.8836		-5.32697		0.476558
		14600		1.46e-11		312.859		20.2201		-25.5471		-5.327		0.489423
		14800		1.48e-11		305.124		19.7201		-25.0471		-5.32698		0.494574
		15000		1.5e-11		325.909		21.0635		-26.3905		-5.32697		0.444786
		15200		1.52e-11		315.306		20.3782		-25.7052		-5.32697		0.454476
		15400		1.54e-11		317.053		20.4911		-25.818		-5.32688		0.467792
		15600		1.56e-11		315.524		20.3923		-25.7193		-5.32697		0.486347
		15800		1.58e-11		310.46		20.065		-25.392		-5.32701		0.515111
		16000		1.6e-11		319.809		20.6693		-25.9963		-5.32701		0.507001
		16200		1.62e-11		314.798		20.3454		-25.6724		-5.32697		0.50192
		16400		1.64e-11		313.238		20.2446		-25.5715		-5.32693		0.51189
		16600		1.66e-11		305.859		19.7677		-25.0947		-5.32696		0.565451
		16800		1.68e-11		297.619		19.2351		-24.562		-5.3269		0.615604
		17000		1.7e-11		311.04		20.1025		-25.4295		-5.32702		0.626184
		17200		1.72e-11		306.473		19.8073		-25.1342		-5.3269		0.597575
		17400		1.74e-11		302.86		19.5738		-24.9007		-5.32693		0.576636
		17600		1.76e-11		319.825		20.6703		-25.9973		-5.32698		0.521808
		17800		1.78e-11		314.711		20.3398		-25.6667		-5.32696		0.496246
		18000		1.8e-11		319.421		20.6442		-25.9712		-5.32697		0.471955
		18200		1.82e-11		309.28		19.9887		-25.3157		-5.32692		0.446066
		18400		1.84e-11		307.666		19.8844		-25.2114		-5.32691		0.40868
		18600		1.86e-11		331.683		21.4367		-26.7636		-5.32698		0.364556
		18800		1.88e-11		321.784		20.7969		-26.1239		-5.32697		0.405544
		19000		1.9e-11		317.184		20.4996		-25.8266		-5.327		0.466092
		19200		1.92e-11		320.236		20.6969		-26.0238		-5.32696		0.50762
		19400		1.94e-11		304.456		19.677		-25.0039		-5.32692		0.551923
		19600		1.96e-11		316.63		20.4638		-25.7908		-5.327		0.523912
		19800		1.98e-11		328.485		21.23		-26.5569		-5.32699		0.469781
		20000		2e-11		308.507		19.9388		-25.2657		-5.3269		0.491104
		20200		2.02e-11		316.701		20.4684		-25.7953		-5.32695		0.512698
		20400		2.04e-11		303.241		19.5984		-24.9254		-5.32698		0.529706
		20600		2.06e-11		325.361		21.028		-26.355		-5.327		0.473883
		20800		2.08e-11		304.474		19.6781		-25.0051		-5.32691		0.479076
		21000		2.1e-11		315.853		20.4135		-25.7405		-5.32694		0.488739
		21200		2.12e-11		306.92		19.8362		-25.1631		-5.32691		0.503069
		21400		2.14e-11		305.799		19.7638		-25.0906		-5.32686		0.503715
		21600		2.16e-11		309.468		20.0009		-25.3279		-5.32693		0.517383
		21800		2.18e-11		315.407		20.3848		-25.7117		-5.32693		0.516487
		22000		2.2e-11		305.882		19.7692		-25.0961		-5.32693		0.518725
		22200		2.22e-11		315.8		20.4101		-25.7372		-5.32702		0.492482
		22400		2.24e-11		318.4		20.5782		-25.9052		-5.32701		0.472258
		22600		2.26e-11		322.68		20.8548		-26.1818		-5.32697		0.472375
		22800		2.28e-11		321.294		20.7652		-26.0922		-5.32697		0.505611
		23000		2.3e-11		327.06		21.1379		-26.4649		-5.32704		0.528523
		23200		2.32e-11		318.23		20.5672		-25.8942		-5.32699		0.543383
		23400		2.34e-11		311.259		20.1167		-25.4436		-5.32693		0.529963
		23600		2.36e-11		324.224		20.9546		-26.2815		-5.32693		0.478229
		23800		2.38e-11		308.577		19.9433		-25.2702		-5.3269		0.471808
		24000		2.4e-11		320.147		20.6911		-26.0181		-5.32694		0.452258
		24200		2.42e-11		323.538		20.9103		-26.2373		-5.32699		0.45723
		24400		2.44e-11		311.547		20.1353		-25.4622		-5.32694		0.488868
		24600		2.46e-11		311.736		20.1475		-25.4745		-5.32698		0.506911
		24800		2.48e-11		305.606		19.7513		-25.0782		-5.3269		0.511069
		25000		2.5e-11		314.943		20.3548		-25.6818		-5.32705		0.486894
		25200		2.52e-11		322.703		20.8563		-26.1832		-5.32698		0.448336
		25400		2.54e-11		330.394		21.3534		-26.6804		-5.32701