		timesteps		t		Temperature		Kin		Pot		TotalE		MSD
		0		0		621.738		40.1829		-43.9281		-3.74524		0.00743876
		60		6e-14		405.942		26.236		-29.9812		-3.74515		0.123195
		120		1.2e-13		271.761		17.5639		-21.3091		-3.74521		0.305889
		180		1.8e-13		295.934		19.1262		-22.8714		-3.74519		0.422185
		240		2.4e-13		295.026		19.0675		-22.8127		-3.74518		0.502359
		300		3e-13		296.301		19.1499		-22.8951		-3.74515		0.552299
		360		3.6e-13		296.502		19.1629		-22.9081		-3.74517		0.579034
		420		4.2e-13		309.977		20.0338		-23.779		-3.74517		0.580554
		480		4.8e-13		338.081		21.8502		-25.5954		-3.74524		0.568402
		540		5.4e-13		333.265		21.5389		-25.2841		-3.74518		0.567779
		600		6e-13		318.178		20.5638		-24.3089		-3.74508		0.576045
		660		6.6e-13		326.905		21.1278		-24.873		-3.74519		0.582003
		720		7.2e-13		317.163		20.4982		-24.2434		-3.74516		0.59192
		780		7.8e-13		316.172		20.4342		-24.1794		-3.74519		0.596068
		840		8.4e-13		327.5		21.1663		-24.9115		-3.74518		0.589298
		900		9e-13		323.812		20.928		-24.6731		-3.74512		0.585241
		960		9.6e-13		322.4		20.8367		-24.5818		-3.74514		0.585632
		1020		1.02e-12		328.01		21.1993		-24.9445		-3.74519		0.588108
		1080		1.08e-12		319.654		20.6592		-24.4043		-3.7451		0.595213
		1140		1.14e-12		326.637		21.1105		-24.8557		-3.7452		0.604005
		1200		1.2e-12		310.803		20.0872		-23.8324		-3.74516		0.616251
		1260		1.26e-12		311.317		20.1204		-23.8656		-3.74519		0.618295
		1320		1.32e-12		314.776		20.3439		-24.0891		-3.74516		0.610074
		1380		1.38e-12		327.246		21.1499		-24.8951		-3.74516		0.596343
		1440		1.44e-12		323.043		20.8783		-24.6234		-3.74511		0.589421
		1500		1.5e-12		328.934		21.259		-25.0042		-3.7452		0.589198
		1560		1.56e-12		323.829		20.9291		-24.6742		-3.74512		0.59679
		1620		1.62e-12		312.638		20.2058		-23.9509		-3.74513		0.60697
		1680		1.68e-12		304.587		19.6854		-23.4306		-3.74519		0.610706
		1740		1.74e-12		316.694		20.4679		-24.2131		-3.7452		0.599732
		1800		1.8e-12		331.779		21.4429		-25.188		-3.74518		0.583802
		1860		1.86e-12		332.796		21.5086		-25.2537		-3.74515		0.578388
		1920		1.92e-12		321.27		20.7637		-24.5088		-3.74514		0.583962
		1980		1.98e-12		320.543		20.7167		-24.4619		-3.74517		0.587341
		2040		2.04e-12		328.531		21.2329		-24.9781		-3.74513		0.585841
		2100		2.1e-12		350.095		22.6267		-26.3719		-3.74527		0.589177
		2160		2.16e-12		322.379		20.8354		-24.5804		-3.74504		0.610575
		2220		2.22e-12		326.149		21.079		-24.8242		-3.74516		0.632061
		2280		2.28e-12		320.582		20.7192		-24.4643		-3.74513		0.654356
		2340		2.34e-12		321.068		20.7506		-24.4958		-3.74516		0.67566
		2400		2.4e-12		320.506		20.7143		-24.4595		-3.74524		0.697753
		2460		2.46e-12		310.734		20.0827		-23.8278		-3.74507		0.71411
		2520		2.52e-12		326.9		21.1275		-24.8727		-3.74521		0.722266
		2580		2.58e-12		316.898		20.4811		-24.2263		-3.74518		0.736849
		2640		2.64e-12		320.156		20.6917		-24.4368		-3.74513		0.751773
		2700		2.7e-12		333.087		21.5274		-25.2726		-3.74519		0.766702
		2760		2.76e-12		309.001		19.9707		-23.7158		-3.7451		0.791634
		2820		2.82e-12		307.348		19.8639		-23.609		-3.74515		0.806312
		2880		2.88e-12		321.716		20.7925		-24.5377		-3.74518		0.807269
		2940		2.94e-12		312.067		20.1689		-23.914		-3.74511		0.811023
		3000		3e-12		327.337		21.1558		-24.9011		-3.74524		0.813229
		3060		3.06e-12		311.175		20.1113		-23.8564		-3.7451		0.816599
		3120		3.12e-12		315.857		20.4138		-24.159		-3.74514		0.8044
		3180		3.18e-12		332.737		21.5048		-25.25		-3.74519		0.787182
		3240		3.24e-12		328.578		21.236		-24.9811		-3.74512		0.78256
		3300		3.3e-12		315.68		20.4024		-24.1476		-3.74518		0.786974
		3360		3.36e-12		314.184		20.3057		-24.0509		-3.74517		0.786453
		3420		3.42e-12		330.096		21.3341		-25.0793		-3.74524		0.776942
		3480		3.48e-12		328.298		21.2179		-24.9631		-3.7452		0.771411
		3540		3.54e-12		318.881		20.6093		-24.3543		-3.74507		0.771246
		3600		3.6e-12		335.382		21.6757		-25.4209		-3.74516		0.772379
		3660		3.66e-12		326.46		21.0991		-24.8442		-3.74511		0.783956
		3720		3.72e-12		342.617		22.1434		-25.8886		-3.74523		0.798612
		3780		3.78e-12		325.215		21.0187		-24.7638		-3.74516		0.824609
		3840		3.84e-12		311.078		20.105		-23.8501		-3.74514		0.851268
		3900		3.9e-12		326.468		21.0996		-24.8449		-3.74525		0.869314
		3960		3.96e-12		312.392		20.1899		-23.935		-3.7451		0.889594
		4020		4.02e-12		325.156		21.0148		-24.76		-3.74523		0.904185
		4080		4.08e-12		315.188		20.3706		-24.1158		-3.74518		0.915985
		4140		4.14e-12		312.437		20.1928		-23.938		-3.74515		0.923608
		4200		4.2e-12		309.552		20.0064		-23.7515		-3.74512		0.927273
		4260		4.26e-12		329.674		21.3069		-25.0521		-3.74521		0.923987
		4320		4.32e-12		320.633		20.7225		-24.4677		-3.74515		0.924143
		4380		4.38e-12		311.329		20.1212		-23.8664		-3.74522		0.921764
		4440		4.44e-12		316.154		20.433		-24.1782		-3.74514		0.912444
		4500		4.5e-12		325.521		21.0384		-24.7836		-3.74517		0.905221
		4560		4.56e-12		319.344		20.6392		-24.3844		-3.74522		0.899272
		4620		4.62e-12		318.206		20.5656		-24.3108		-3.7452		0.889241
		4680		4.68e-12		323.443		20.9041		-24.6493		-3.74514		0.874403
		4740		4.74e-12		321.927		20.8061		-24.5513		-3.74515		0.857055
		4800		4.8e-12		318.21		20.5659		-24.311		-3.74512		0.834884
		4860		4.86e-12		329.688		21.3078		-25.0529		-3.74515		0.807738
		4920		4.92e-12		341.982		22.1023		-25.8475		-3.74525		0.787065
		4980		4.98e-12		322.415		20.8377		-24.5828		-3.74512		0.781232
		5040		5.04e-12		316.624		20.4634		-24.2086		-3.74517		0.781774
		5100		5.1e-12		324.296		20.9593		-24.7044		-3.74519		0.776692
		5160		5.16e-12		333.214		21.5356		-25.2808		-3.74519		0.769703
		5220		5.22e-12		332.967		21.5196		-25.2648		-3.74517		0.767481
		5280		5.28e-12		324.914		20.9992		-24.7443		-3.74511		0.770012
		5340		5.34e-12		332.75		21.5056		-25.2508		-3.74521		0.769395
		5400		5.4e-12		331.354		21.4154		-25.1606		-3.74517		0.770813
		5460		5.46e-12		330.562		21.3642		-25.1094		-3.74518		0.78101
		5520		5.52e-12		325.152		21.0146		-24.7597		-3.74513		0.790181
		5580		5.58e-12		332.718		21.5035		-25.2488		-3.74522		0.797313
		5640		5.64e-12		321.336		20.7679		-24.5131		-3.74516		0.808279
		5700		5.7e-12		302.624		19.5586		-23.3037		-3.74509		0.811859
		5760		5.76e-12		331.408		21.4189		-25.1641		-3.74522		0.795693
		5820		5.82e-12		338.618		21.8849		-25.63		-3.74513		0.780301
		5880		5.88e-12		341.025		22.0404		-25.7856		-3.7452		0.780806
		5940		5.94e-12		329.48		21.2943		-25.0394		-3.74516		0.790897
		6000		6e-12		326.148		21.0789		-24.824		-3.74507		0.802208
		6060		6.06e-12		343.46		22.1978		-25.943		-3.74522		0.8153
		6120		6.12e-12		316.093		20.4291		-24.1742		-3.74512		0.838008
		6180		6.18e-12		328.959		21.2606		-25.0059		-3.74525		0.852101
		6240		6.24e-12		320.821		20.7347		-24.4798		-3.74512		0.862214
		6300		6.3e-12		319.63		20.6577		-24.4029		-3.74515		0.870238
		6360		6.36e-12		327.326		21.1551		-24.9003		-3.74522		0.8722
		6420		6.42e-12		324.077		20.9451		-24.6903		-3.74515		0.873551
		6480		6.48e-12		323.789		20.9265		-24.6717		-3.74516		0.875275
		6540		6.54e-12		328.743		21.2467		-24.9918		-3.74515		0.870071
		6600		6.6e-12		333.336		21.5435		-25.2887		-3.74518		0.861267
		6660		6.66e-12		331.111		21.3997		-25.1449		-3.74519		0.857079
		6720		6.72e-12		327.194		21.1465		-24.8917		-3.74517		0.8609
		6780		6.78e-12		317.477		20.5185		-24.2637		-3.74515		0.87509
		6840		6.84e-12		316.846		20.4778		-24.2229		-3.74513		0.887382
		6900		6.9e-12		333.143		21.531		-25.2762		-3.7452		0.88922
		6960		6.96e-12		330.573		21.365		-25.1101		-3.74516		0.890783
		7020		7.02e-12		324.285		20.9585		-24.7037		-3.74517		0.900314
		7080		7.08e-12		311.917		20.1592		-23.9043		-3.74511		0.912519
		7140		7.14e-12		323.993		20.9396		-24.6849		-3.74522		0.911207
		7200		7.2e-12		327.602		21.1729		-24.9181		-3.7452		0.910418
		7260		7.26e-12		321.528		20.7804		-24.5255		-3.7451		0.919069
		7320		7.32e-12		315.762		20.4077		-24.1529		-3.74513		0.932503
		7380		7.38e-12		312.862		20.2202		-23.9654		-3.74514		0.943078
		7440		7.44e-12		325.195		21.0174		-24.7626		-3.74521		0.940475
		7500		7.5e-12		322.277		20.8287		-24.5739		-3.74518		0.935085
		7560		7.56e-12		319.831		20.6707		-24.4159		-3.74521		0.934702
		7620		7.62e-12		324.889		20.9976		-24.7427		-3.74514		0.9393
		7680		7.68e-12		334.066		21.5907		-25.3359		-3.74524		0.948124
		7740		7.74e-12		317.382		20.5124		-24.2576		-3.74516		0.955681
		7800		7.8e-12		332.497		21.4893		-25.2345		-3.7452		0.947998
		7860		7.86e-12		329.231		21.2782		-25.0234		-3.74518		0.944093
		7920		7.92e-12		310.798		20.0869		-23.832		-3.74514		0.942964
		7980		7.98e-12		308.542		19.941		-23.6861		-3.74508		0.925475
		8040		8.04e-12		338.883		21.902		-25.6472		-3.74522		0.888238
		8100		8.1e-12		330.77		21.3776		-25.1228		-3.74513		0.861739
		8160		8.16e-12		327.734		21.1814		-24.9266		-3.74517		0.848459
		8220		8.22e-12		322.156		20.8209		-24.5661		-3.74515		0.843881
		8280		8.28e-12		334.921		21.646		-25.3912		-3.74521		0.848928
		8340		8.34e-12		324.464		20.9701		-24.7152		-3.74511		0.869589
		8400		8.4e-12		317.74		20.5356		-24.2807		-3.74514		0.894109
		8460		8.46e-12		318.134		20.561		-24.3061		-3.74514		0.909855
		8520		8.52e-12		331.769		21.4422		-25.1874		-3.74517		0.914876
		8580		8.58e-12		338.599		21.8837		-25.6289		-3.74519		0.919986
		8640		8.64e-12		324.281		20.9583		-24.7034		-3.74517		0.937263
		8700		8.7e-12		318.559		20.5885		-24.3336		-3.74518		0.954652
		8760		8.76e-12		330.778		21.3782		-25.1234		-3.7452		0.964791
		8820		8.82e-12		323.247		20.8915		-24.6366		-3.74516		0.982942
		8880		8.88e-12		319.696		20.6619		-24.407		-3.74511		1.00035
		8940		8.94e-12		332.676		21.5009		-25.2461		-3.7452		1.01555
		9000		9e-12		321.001		20.7463		-24.4914		-3.74516		1.03292
		9060		9.06e-12		316.748		20.4714		-24.2166		-3.74519		1.04356
		9120		9.12e-12		314.914		20.3529		-24.0981		-3.74518		1.04474
		9180		9.18e-12		318.244		20.5681		-24.3132		-3.74517		1.03623
		9240		9.24e-12		313.499		20.2614		-24.0065		-3.74509		1.02473
		9300		9.3e-12		320.474		20.7122		-24.4574		-3.74515		1.01398
		9360		9.36e-12		323.971		20.9383		-24.6834		-3.74514		1.00819
		9420		9.42e-12		321.622		20.7865		-24.5316		-3.74517		1.01035
		9480		9.48e-12		322.462		20.8407		-24.5859		-3.74518		1.01016
		9540		9.54e-12		313.7		20.2744		-24.0195		-3.74511		1.01327
		9600		9.6e-12		318.096		20.5585		-24.3036		-3.7451		1.01708
		9660		9.66e-12		326.34		21.0913		-24.8364		-3.74512		1.01261
		9720		9.72e-12		335.067		21.6554		-25.4006		-3.74522		1.00798
		9780		9.78e-12		328.744		21.2467		-24.9919		-3.74524		1.01813
		9840		9.84e-12		331.202		21.4056		-25.1508		-3.74526		1.03192
		9900		9.9e-12		326.759		21.1185		-24.8636		-3.74519		1.05063
		9960		9.96e-12		307.091		19.8473		-23.5924		-3.74508		1.08176
		10020		1.002e-11		325.881		21.0617		-24.8069		-3.74521		1.11446
		10080		1.008e-11		321.232		20.7612		-24.5064		-3.74517		1.16596
		10140		1.014e-11		311.094		20.106		-23.8512		-3.74516		1.22924
		10200		1.02e-11		312.312		20.1847		-23.9298		-3.74511		1.27974
		10260		1.026e-11		313.561		20.2655		-24.0107		-3.7452		1.30646
		10320		1.032e-11		290.87		18.7989		-22.5441		-3.74513		1.32267
		10380		1.038e-11		306.573		19.8138		-23.559		-3.74519		1.32303
		10440		1.044e-11		313.903		20.2875		-24.0327		-3.74514		1.32643
		10500		1.05e-11		323.558		20.9115		-24.6567		-3.7452		1.34319
		10560		1.056e-11		314.571		20.3307		-24.0758		-3.74507		1.36714
		10620		1.062e-11		329.301		21.2827		-25.0279		-3.74519		1.38802
		10680		1.068e-11		318.973		20.6152		-24.3604		-3.74519		1.40888
		10740		1.074e-11		303.596		19.6214		-23.3666		-3.74518		1.42735
		10800		1.08e-11		303.519		19.6164		-23.3616		-3.74515		1.44107
		10860		1.086e-11		309.708		20.0164		-23.7616		-3.74518		1.45322
		10920		1.092e-11		305.332		19.7336		-23.4787		-3.74511		1.4598
		10980		1.098e-11		307.45		19.8705		-23.6157		-3.74515		1.4556
		11040		1.104e-11		309.417		19.9976		-23.7428		-3.74516		1.44884
		11100		1.11e-11		318.301		20.5718		-24.317		-3.74514		1.4444
		11160		1.116e-11		321.38		20.7708		-24.516		-3.74519		1.44511
		11220		1.122e-11		307.375		19.8656		-23.6108		-3.74514		1.4586
		11280		1.128e-11		313.692		20.2739		-24.0191		-3.74518		1.48126
		11340		1.134e-11		309.021		19.972		-23.7172		-3.74514		1.5014
		11400		1.14e-11		311.63		20.1406		-23.8858		-3.74517		1.51159
		11460		1.146e-11		307.185		19.8533		-23.5984		-3.7451		1.52466
		11520		1.152e-11		316.506		20.4558		-24.201		-3.74519		1.5576
		11580		1.158e-11		307.65		19.8834		-23.6285		-3.74511		1.61073
		11640		1.164e-11		310.218		20.0494		-23.7946		-3.74519		1.65994
		11700		1.17e-11		304.436		19.6757		-23.4209		-3.7452		1.6959
		11760		1.176e-11		292.208		18.8854		-22.6305		-3.74508		1.72252
		11820		1.182e-11		308.238		19.9214		-23.6666		-3.7452		1.74268
		11880		1.188e-11		294.335		19.0229		-22.7679		-3.74503		1.76813
		11940		1.194e-11		302.94		19.579		-23.3243		-3.74525		1.80038
		12000		1.2e-11		279.067		18.0361		-21.7812		-3.74503		1.8376
		12060		1.206e-11		303.185		19.5949		-23.34		-3.74516		1.86308
		12120		1.212e-11		300.352		19.4117		-23.1568		-3.74508		1.8853
		12180		1.218e-11		302.452		19.5475		-23.2927		-3.74523		1.91549
		12240		1.224e-11		286.618		18.5241		-22.2693		-3.74516		1.95271
		12300		1.23e-11		289.534		18.7126		-22.4578		-3.74519		1.98276
		12360		1.236e-11		286.385		18.5091		-22.2542		-3.74513		2.00296
		12420		1.242e-11		299.481		19.3555		-23.1007		-3.74519		2.0165
		12480		1.248e-11		295.597		19.1045		-22.8495		-3.74507		2.0285
		12540		1.254e-11		306.997		19.8412		-23.5864		-3.7452		2.03635
		12600		1.26e-11		285.662		18.4623		-22.2074		-3.74513		2.04186
		12660		1.266e-11		298.149		19.2693		-23.0145		-3.74516		2.0288
		12720		1.272e-11		309.761		20.0198		-23.765		-3.74517		2.01747
		12780		1.278e-11		306.286		19.7953		-23.5405		-3.74517		2.02273
		12840		1.284e-11		303.22		19.5971		-23.3423		-3.74518		2.04783
		12900		1.29e-11		304.17		19.6585		-23.4037		-3.74519		2.08837
		12960		1.296e-11		297.587		19.233		-22.9782		-3.74516		2.14389
		13020		1.302e-11		302.012		19.519		-23.2642		-3.74518		2.20839
		13080		1.308e-11		297.841		19.2494		-22.9946		-3.74512		2.27727
		13140		1.314e-11		297.636		19.2362		-22.9813		-3.74516		2.33879
		13200		1.32e-11		292.741		18.9198		-22.665		-3.74515		2.37663
		13260		1.326e-11		298.318		19.2803		-23.0255		-3.7452		2.38842
		13320		1.332e-11		296.026		19.1321		-22.8772		-3.7451		2.39563
		13380		1.338e-11		292.561		18.9082		-22.6534		-3.74513		2.42356
		13440		1.344e-11		301.005		19.4539		-23.1992		-3.74523		2.47408
		13500		1.35e-11		288.531		18.6477		-22.3928		-3.74512		2.51855
		13560		1.356e-11		285.109		18.4266		-22.1717		-3.7451		2.545
		13620		1.362e-11		298.736		19.3073		-23.0525		-3.74521		2.56128
		13680		1.368e-11		304.519		19.681		-23.4263		-3.74523		2.58796
		13740		1.374e-11		283.63		18.331		-22.076		-3.745		2.62379
		13800		1.38e-11		286.583		18.5219		-22.267		-3.7451		2.65521
		13860		1.386e-11		296.654		19.1727		-22.918		-3.74522		2.70354
		13920		1.392e-11		285.076		18.4245		-22.1695		-3.74505		2.7642
		13980		1.398e-11		296.624		19.1708		-22.916		-3.74521		2.81017
		14040		1.404e-11		277.858		17.9579		-21.703		-3.74506		2.84808
		14100		1.41e-11		285.928		18.4795		-22.2247		-3.74515		2.88348
		14160		1.416e-11		285.371		18.4435		-22.1886		-3.74514		2.92759
		14220		1.422e-11		290.756		18.7916		-22.5367		-3.74516		2.97743
		14280		1.428e-11		276.661		17.8806		-21.6257		-3.74512		3.02007
		14340		1.434e-11		284.717		18.4013		-22.1464		-3.74516		3.05854
		14400		1.44e-11		293.318		18.9571		-22.7023		-3.74519		3.10292
		14460		1.446e-11		281.801		18.2128		-21.958		-3.74517		3.14149
		14520		1.452e-11		283.504		18.3229		-22.068		-3.74515		3.17334
		14580		1.458e-11		287.625		18.5892		-22.3343		-3.74508		3.20362
		14640		1.464e-11		293.987		19.0004		-22.7455		-3.74515		3.22923
		14700		1.47e-11		284.701		18.4002		-22.1453		-3.74511		3.25039
		14760		1.476e-11		286.091		18.4901		-22.2352		-3.74512		3.2581
		14820		1.482e-11		302.488		19.5498		-23.295		-3.74519		3.25707
		14880		1.488e-11		289.572		18.715		-22.4601		-3.74508		3.27171
		14940		1.494e-11		293.091		18.9425		-22.6877		-3.74517		3.29239
		15000		1.5e-11		279.994		18.096		-21.8411		-3.74511		3.31984
		15060		1.506e-11		275.802		17.8251		-21.5702		-3.74509		3.33772
		15120		1.512e-11		297.989		19.259		-23.0042		-3.74521		3.33282
		15180		1.518e-11		293.631		18.9774		-22.7225		-3.74514		3.32495
		15240		1.524e-11		303.46		19.6126		-23.3578		-3.74519		3.33892
		15300		1.53e-11		300.228		19.4038		-23.149		-3.74519		3.37975
		15360		1.536e-11		286.025		18.4858		-22.231		-3.74514		3.42692
		15420		1.542e-11		294.337		19.023		-22.7682		-3.74514		3.46309
		15480		1.548e-11		294.028		19.003		-22.7481		-3.74513		3.50989
		15540		1.554e-11		282.419		18.2528		-21.9979		-3.74515		3.58809
		15600		1.56e-11		271.515		17.548		-21.2931		-3.74514		3.67449
		15660		1.566e-11		278.437		17.9954		-21.7405		-3.74511		3.76169
		15720		1.572e-11		284.353		18.3777		-22.1229		-3.74515		3.8634
		15780		1.578e-11		278.981		18.0306		-21.7757		-3.74514		3.95821
		15840		1.584e-11		279.944		18.0928		-21.8379		-3.74517		4.02803
		15900		1.59e-11		285.398		18.4452		-22.1904		-3.74517		4.08567
		15960		1.596e-11		275.726		17.8201		-21.5653		-3.74513		4.14687
		16020		1.602e-11		282.852		18.2807		-22.0259		-3.74516		4.20811
		16080		1.608e-11		290.136		18.7515		-22.4967		-3.74522		4.26229
		16140		1.614e-11		270.074		17.4549		-21.2		-3.74511		4.32149
		16200		1.62e-11		289.948		18.7394		-22.4846		-3.74521		4.38508
		16260		1.626e-11		283.547		18.3257		-22.0708		-3.74511		4.46711
		16320		1.632e-11		283.856		18.3456		-22.0908		-3.74517		4.55793
		16380		1.638e-11		281.163		18.1716		-21.9168		-3.74521		4.64394
		16440		1.644e-11		269.126		17.3936		-21.1387		-3.74507		4.7324
		16500		1.65e-11		274.114		17.716		-21.4611		-3.7451		4.80021
		16560		1.656e-11		274.709		17.7544		-21.4995		-3.74512		4.86329
		16620		1.662e-11		273.152		17.6538		-21.399		-3.74517		4.94148
		16680		1.668e-11		268.883		17.3779		-21.1231		-3.74513		5.00873
		16740		1.674e-11		274.18		17.7203		-21.4654		-3.74517		5.05656
		16800		1.68e-11		281.334		18.1826		-21.9278		-3.74522		5.11307
		16860		1.686e-11		265.461		17.1568		-20.9018		-3.74504		5.17392
		16920		1.692e-11		277.905		17.961		-21.7062		-3.74517		5.24186
		16980		1.698e-11		277.591		17.9407		-21.6858		-3.7451		5.3374
		17040		1.704e-11		284.05		18.3582		-22.1033		-3.7451		5.4372
		17100		1.71e-11		276.221		17.8522		-21.5973		-3.74512		5.54918
		17160		1.716e-11		273.206		17.6573		-21.4025		-3.74517		5.66272
		17220		1.722e-11		282.195		18.2383		-21.9835		-3.74518		5.76744
		17280		1.728e-11		280.6		18.1352		-21.8803		-3.74515		5.85971
		17340		1.734e-11		277.001		17.9026		-21.6477		-3.74514		5.94842
		17400		1.74e-11		278.674		18.0107		-21.7558		-3.74515		6.03712
		17460		1.746e-11		288.671		18.6568		-22.4019		-3.74515		6.13513
		17520		1.752e-11		286.738		18.5319		-22.277		-3.7451		6.21276
		17580		1.758e-11		278.763		18.0164		-21.7615		-3.7451		6.28751
		17640		1.764e-11		285.799		18.4712		-22.2164		-3.74516		6.37999
		17700		1.77e-11		267.543		17.2913		-21.0364		-3.74505		6.48759
		17760		1.776e-11		270.555		17.486		-21.2311		-3.74516		6.58784
		17820		1.782e-11		266.647		17.2334		-20.9784		-3.74508		6.67609
		17880		1.788e-11		280.401		18.1223		-21.8675		-3.74516		6.76605
		17940		1.794e-11		275.159		17.7836		-21.5287		-3.74513		6.85345
		18000		1.8e-11		283.397		18.3159		-22.0611		-3.74514		6.9289
		18060		1.806e-11		278.99		18.0311		-21.7762		-3.7451		6.97839
		18120		1.812e-11		273.285		17.6624		-21.4076		-3.74519		7.00164
		18180		1.818e-11		270.19		17.4624		-21.2075		-3.74512		7.0412
		18240		1.824e-11		284.116		18.3624		-22.1075		-3.74513		7.11474
		18300		1.83e-11		284.397		18.3806		-22.1257		-3.74511		7.22619
		18360		1.836e-11		285.142		18.4287		-22.1739		-3.74519		7.36611
		18420		1.842e-11		274.908		17.7673		-21.5124		-3.74514		7.50595
		18480		1.848e-11		269.707		17.4311		-21.1762		-3.74511		7.63659
		18540		1.854e-11		276.779		17.8882		-21.6334		-3.74523		7.7146
		18600		1.86e-11		270.405		17.4763		-21.2215		-3.74516		7.76679
		18660		1.866e-11		279.362		18.0552		-21.8003		-3.74515		7.83804
		18720		1.872e-11		270.893		17.5078		-21.253		-3.74514		7.92998
		18780		1.878e-11		276.21		17.8514		-21.5966		-3.74518		8.01622
		18840		1.884e-11		286.314		18.5045		-22.2497		-3.74519		8.08457
		18900		1.89e-11		278.09		17.9729		-21.7181		-3.74517		8.13769
		18960		1.896e-11		275.105		17.78		-21.5251		-3.74507		8.18113
		19020		1.902e-11		277.521		17.9362		-21.6813		-3.74515		8.22587
		19080		1.908e-11		273.417		17.6709		-21.4161		-3.74517		8.27419
		19140		1.914e-11		277.544		17.9377		-21.6828		-3.74514		8.33866
		19200		1.92e-11		277.649		17.9445		-21.6896		-3.74511		8.41637
		19260		1.926e-11		272.173		17.5905		-21.3357		-3.74514		8.49179
		19320		1.932e-11		273.201		17.657		-21.4022		-3.74523		8.54078
		19380		1.938e-11		272.261		17.5962		-21.3413		-3.74509		8.59253
		19440		1.944e-11		295.849		19.1207		-22.8659		-3.7452		8.66632
		19500		1.95e-11		284.638		18.3961		-22.1413		-3.74517		8.74676
		19560		1.956e-11		278.29		17.9859		-21.731		-3.74515		8.80756
		19620		1.962e-11		272.63		17.6201		-21.3652		-3.74512		8.89085
		19680		1.968e-11		273.038		17.6464		-21.3916		-3.74514		9.02573
		19740		1.974e-11		277.876		17.9591		-21.7043		-3.74517		9.16068
		19800		1.98e-11		281.536		18.1957		-21.9409		-3.74521		9.26643
		19860		1.986e-11		266.95		17.253		-20.998		-3.74503		9.34578
		19920		1.992e-11		278.75		18.0156		-21.7608		-3.7452		9.36787
		19980		1.998e-11		260.731		16.8511		-20.5962		-3.7451		9.39341
		20040		2.004e-11		269.672		17.4289		-21.174		-3.74511		9.4523
		20100		2.01e-11		274.572		17.7456		-21.4908		-3.74516		9.52612
		20160		2.016e-11		282.413		18.2524		-21.9976		-3.74522		9.57791
		20220		2.022e-11		283.138		18.2992		-22.0443		-3.7451		9.5982
		20280		2.028e-11		277.24		17.918		-21.6631		-3.74507		9.60921
		20340		2.034e-11		284.029		18.3568		-22.1021		-3.74524		9.65817
		20400		2.04e-11		269.418		17.4125		-21.1576		-3.74512		9.75289
		20460		2.046e-11		273.988		17.7078		-21.453		-3.74522		9.84914
		20520		2.052e-11		270.788		17.501		-21.2462		-3.74515		9.92189
		20580		2.058e-11		276.903		17.8963		-21.6414		-3.74512		9.94391
		20640		2.064e-11		278.537		18.0018		-21.747		-3.74516		9.99773
		20700		2.07e-11		263.666		17.0407		-20.7858		-3.74507		10.0907
		20760		2.076e-11		275.489		17.8049		-21.5501		-3.7452		10.1822
		20820		2.082e-11		268.541		17.3558		-21.1009		-3.74514		10.3028
		20880		2.088e-11		278.343		17.9893		-21.7345		-3.74515		10.4193
		20940		2.094e-11		282.946		18.2868		-22.032		-3.74517		10.5122
		21000		2.1e-11		272.01		17.58		-21.3251		-3.7451		10.5765
		21060		2.106e-11		284.041		18.3576		-22.1027		-3.74514		10.6113
		21120		2.112e-11		277.152		17.9123		-21.6574		-3.74509		10.6527
		21180		2.118e-11		288.984		18.6771		-22.4223		-3.7452		10.7233
		21240		2.124e-11		280.717		18.1427		-21.8878		-3.74508		10.8337
		21300		2.13e-11		278.135		17.9759		-21.721		-3.74515		10.9875
		21360		2.136e-11		275.481		17.8044		-21.5495		-3.74514		11.1703
		21420		2.142e-11		275.838		17.8274		-21.5725		-3.74512		11.3149
		21480		2.148e-11		284.895		18.4128		-22.158		-3.74523		11.4151
		21540		2.154e-11		273.942		17.7049		-21.45		-3.74511		11.5042
		21600		2.16e-11		276.469		17.8682		-21.6134		-3.74521		11.6036
		21660		2.166e-11		263.468		17.028		-20.773		-3.74509		11.6854
		21720		2.172e-11		286.49		18.5159		-22.2611		-3.74519		11.7452
		21780		2.178e-11		276.831		17.8916		-21.6367		-3.7451		11.8166
		21840		2.184e-11		274.011		17.7093		-21.4545		-3.74515		11.9045
		21900		2.19e-11		272.691		17.624		-21.3691		-3.74512		12.0182
		21960		2.196e-11		273.068		17.6484		-21.3935		-3.74509		12.1338
		22020		2.202e-11		283.111		18.2975		-22.0426		-3.74518		12.2359
		22080		2.208e-11		268.925		17.3806		-21.1258		-3.74511		12.3384
		22140		2.214e-11		273.728		17.6911		-21.4362		-3.74517		12.442
		22200		2.22e-11		277.976		17.9656		-21.7108		-3.74517		12.5369
		22260		2.226e-11		269.327		17.4066		-21.1517		-3.74512		12.6262
		22320		2.232e-11		283.157		18.3004		-22.0456		-3.74519		12.7177
		22380		2.238e-11		275.761		17.8224		-21.5675		-3.74505		12.8173
		22440		2.244e-11		284.202		18.368		-22.1132		-3.7452		12.9343
		22500		2.25e-11		275.867		17.8293		-21.5744		-3.74514		13.073
		22560		2.256e-11		270.343		17.4723		-21.2174		-3.74512		13.2103
		22620		2.262e-11		275.087		17.7789		-21.5241		-3.74518		13.2961
		22680		2.268e-11		275.137		17.7821		-21.5272		-3.74514		13.3333
		22740		2.274e-11		270.928		17.5101		-21.2551		-3.74506		13.3689
		22800		2.28e-11		289.477		18.7089		-22.454		-3.74514		13.4538
		22860		2.286e-11		282.635		18.2667		-22.0118		-3.74507		13.5874
		22920		2.292e-11		279.788		18.0827		-21.8279		-3.74517		13.7251
		22980		2.298e-11		281.541		18.196		-21.9412		-3.74519		13.87
		23040		2.304e-11		280.913		18.1554		-21.9006		-3.74521		14.0448
		23100		2.31e-11		274.86		17.7642		-21.5093		-3.74508		14.1731
		23160		2.316e-11		293.486		18.968		-22.7132		-3.7452		14.2327
		23220		2.322e-11		274.432		17.7366		-21.4817		-3.74511		14.2896
		23280		2.328e-11		281.643		18.2026		-21.9477		-3.74515		14.3419
		23340		2.334e-11		282.794		18.277		-22.0221		-3.74516		14.3731
		23400		2.34e-11		266.661		17.2343		-20.9794		-3.7451		14.3824
		23460		2.346e-11		286.008		18.4847		-22.2299		-3.74523		14.4193
		23520		2.352e-11		281.432		18.189		-21.9341		-3.7451		14.5284
		23580		2.358e-11		277.124		17.9105		-21.6557		-3.74517		14.6593
		23640		2.364e-11		264.868		17.1184		-20.8636		-3.74511		14.7558
		23700		2.37e-11		273.188		17.6562		-21.4013		-3.74514		14.8523
		23760		2.376e-11		286.941		18.545		-22.2902		-3.74519		15.0102
		23820		2.382e-11		278.125		17.9752		-21.7204		-3.74515		15.2179
		23880		2.388e-11		272.955		17.6411		-21.3862		-3.74509		15.4145
		23940		2.394e-11		283.859		18.3458		-22.091		-3.74516		15.5595
		24000		2.4e-11		280.406		18.1227		-21.8679		-3.74521		15.6446
		24060		2.406e-11		279.571		18.0687		-21.8139		-3.7452		15.6953
		24120		2.412e-11		276.835		17.8919		-21.637		-3.74513		15.7016
		24180		2.418e-11		279.617		18.0716		-21.8168		-3.74514		15.7056
		24240		2.424e-11		271.551		17.5503		-21.2954		-3.74506		15.736
		24300		2.43e-11		285.961		18.4817		-22.2269		-3.74519		15.7702
		24360		2.436e-11		269.443		17.4141		-21.1592		-3.7451		15.8274
		24420		2.442e-11		271.824		17.568		-21.3131		-3.74514		15.8381
		24480		2.448e-11		281.495		18.193		-21.9382		-3.74515		15.8121
		24540		2.454e-11		278.127		17.9753		-21.7204		-3.74511		15.8122
		24600		2.46e-11		281.702		18.2064		-21.9515		-3.74514		15.8669
		24660		2.466e-11		284.838		18.4091		-22.1543		-3.74515		15.9606
		24720		2.472e-11		285.028		18.4213		-22.1665		-3.74515		16.0835
		24780		2.478e-11		273.304		17.6636		-21.4087		-3.74509		16.194
		24840		2.484e-11		268.925		17.3806		-21.1257		-3.7451		16.2637
		24900		2.49e-11		277.838		17.9567		-21.7018		-3.74516		16.31
		24960		2.496e-11		282.468		18.2559		-22.0011		-3.74519		16.3509
		25020		2.502e-11		274.012		17.7094		-21.4545		-3.74508		16.3929
		25080		2.508e-11		284.175		18.3663		-22.1114		-3.74517		16.4607
		25140		2.514e-11		288.267		18.6307		-22.3759		-3.74516		16.5109
		25200		2.52e-11		273.622		17.6842		-21.4293		-3.74504		16.4888
		25260		2.526e-11		285.311		18.4396		-22.1848		-3.7452		16.4652
		25320		2.532e-11		273.947		17.7052		-21.4503		-3.74506		16.5162
		25380		2.538e-11		272.832		17.6331		-21.3783		-3.74517		16.6268
		25440		2.544e-11		278.32		17.9878		-21.733		-3.74519		16.7219
		25500		2.55e-11		286.3		18.5036		-22.2487		-3.74514		16.7812
		25560		2.556e-11		283.052		18.2936		-22.0388		-3.74516		16.799
		25620		2.562e-11		280.76		18.1455		-21.8907		-3.74517		16.7881
		25680		2.568e-11		278.801		18.0189		-21.764		-3.74515		16.8213
		25740		2.574e-11		286.763		18.5335		-22.2787		-3.7452		16.9703
		25800		2.58e-11		280.201		18.1094		-21.8545		-3.74512		17.1707
		25860		2.586e-11		283.23		18.3052		-22.0503		-3.74515		17.3184
		25920		2.592e-11		272.706		17.625		-21.3701		-3.74509		17.3633
		25980		2.598e-11		277.189		17.9147		-21.6598		-3.74511		17.3492
		26040		2.604e-11		282.569		18.2624		-22.0076		-3.74516		17.3455
		26100		2.61e-11		261.868		16.9245		-20.6696		-3.74506		17.3428
		26160		2.616e-11		282.389		18.2508		-21.996		-3.74515		17.3519
		26220		2.622e-11		287.176		18.5602		-22.3053		-3.74513		17.3782
		26280		2.628e-11		281.85		18.2159		-21.9611		-3.74518		17.4672
		26340		2.634e-11		279.195		18.0444		-21.7895		-3.74517		17.5717
		26400		2.64e-11		275.629		17.8139		-21.5591		-3.74514		17.6587
		26460		2.646e-11		283.885		18.3475		-22.0927		-3.74517		17.7438
		26520		2.652e-11		274.43		17.7364		-21.4815		-3.74515		17.824
		26580		2.658e-11		277.366		17.9262		-21.6713		-3.74513		17.8668
		26640		2.664e-11		279.27		18.0492		-21.7943		-3.74515		17.9088
		26700		2.67e-11		278.007		17.9676		-21.7128		-3.7452		17.9912
		26760		2.676e-11		267.923		17.3159		-21.0609		-3.74505		18.0512
		26820		2.682e-11		292.962		18.9341		-22.6794		-3.74525		18.0585
		26880		2.688e-11		270.138		17.459		-21.2041		-3.74507		18.076
		26940		2.694e-11		277.222		17.9168		-21.662		-3.74513		18.1081
		27000		2.7e-11		286.212		18.4979		-22.243		-3.74515		18.1379
		27060		2.706e-11		277.8		17.9542		-21.6993		-3.74508		18.1543
		27120		2.712e-11		285.852		18.4746		-22.2198		-3.74517		18.1929
		27180		2.718e-11		287.008		18.5494		-22.2945		-3.74518		18.285
		27240		2.724e-11		284.267		18.3722		-22.1173		-3.74515		18.4408
		27300		2.73e-11		278.434		17.9952		-21.7403		-3.74512		18.6251
		27360		2.736e-11		275.354		17.7961		-21.5413		-3.74513		18.7714
		27420		2.742e-11		275.529		17.8075		-21.5526		-3.74512		18.8599
		27480		2.748e-11		276.009		17.8384		-21.5836		-3.74517		18.92
		27540		2.754e-11		264.536		17.097		-20.842		-3.74508		18.9674
		27600		2.76e-11		280.162		18.1069		-21.8521		-3.74517		19.0093
		27660		2.766e-11		273.703		17.6894		-21.4346		-3.74513		19.0751
		27720		2.772e-11		272.867		17.6354		-21.3805		-3.74512		19.1891
		27780		2.778e-11		284.659		18.3975		-22.1427		-3.7452		19.3106
		27840		2.784e-11		266.782		17.2421		-20.9872		-3.7451		19.4285
		27900		2.79e-11		262.079		16.9382		-20.6833		-3.74509		19.5378
		27960		2.796e-11		265.558		17.163		-20.9081		-3.7451		19.6378
		28020		2.802e-11		277.293		17.9215		-21.6666		-3.74514		19.7461
		28080		2.808e-11		288.13		18.6219		-22.367		-3.74518		19.8526
		28140		2.814e-11		283.168		18.3011		-22.0463		-3.74518		19.9832
		28200		2.82e-11		272.219		17.5935		-21.3386		-3.74506		20.1726
		28260		2.826e-11		279.627		18.0723		-21.8175		-3.74518		20.3837
		28320		2.832e-11		259.961		16.8012		-20.5463		-3.74509		20.5376
		28380		2.838e-11		285.473		18.4501		-22.1953		-3.74523		20.6058
		28440		2.844e-11		280.198		18.1092		-21.8543		-3.74514		20.6279
		28500		2.85e-11		284.3		18.3743		-22.1195		-3.7452		20.6811
		28560		2.856e-11		268.97		17.3835		-21.1286		-3.74511		20.7688
		28620		2.862e-11		279.661		18.0745		-21.8196		-3.74514		20.8194
		28680		2.868e-11		280.138		18.1053		-21.8505		-3.74512		20.8904
		28740		2.874e-11		269.595		17.4239		-21.169		-3.7451		20.9939
		28800		2.88e-11		289.04		18.6807		-22.4259		-3.7452		21.0843
		28860		2.886e-11		281.257		18.1777		-21.9228		-3.74514		21.1688
		28920		2.892e-11		267.682		17.3003		-21.0454		-3.74507		21.2551
		28980		2.898e-11		280.27		18.1139		-21.859		-3.74517		21.3709
		29040		2.904e-11		276.858		17.8933		-21.6385		-3.74519		21.5181
		29100		2.91e-11		267.705		17.3018		-21.0469		-3.74511		21.6186
		29160		2.916e-11		288.13		18.6218		-22.367		-3.74515		21.6311
		29220		2.922e-11		271.999		17.5793		-21.3244		-3.74511		21.6052
		29280		2.928e-11		274.87		17.7648		-21.51		-3.74519		21.6067
		29340		2.934e-11		281.826		18.2144		-21.9596		-3.74516		21.6957
		29400		2.94e-11		293.511		18.9696		-22.7148		-3.7452		21.8146
		29460		2.946e-11		281.253		18.1774		-21.9225		-3.74505		21.9171
		29520		2.952e-11		279.305		18.0515		-21.7966		-3.74512		21.973
		29580		2.958e-11		277.884		17.9596		-21.7048		-3.74521		21.9909
		29640		2.964e-11		274.36		17.7319		-21.4771		-3.74521		22.0057
		29700		2.97e-11		276.335		17.8595		-21.6046		-3.74512		22.0778
		29760		2.976e-11		286.047		18.4872		-22.2324		-3.74512		22.1499
		29820		2.982e-11		285.222		18.4339		-22.179		-3.74513		22.1904
		29880		2.988e-11		273.661		17.6867		-21.4318		-3.74509		22.2591
		29940		2.994e-11		275.231		17.7882		-21.5334		-3.7452		22.3803
		30000		3e-11		263.207		17.0111		-20.7562		-3.74511		22.4567
		30060		3.006e-11		274.339		17.7305		-21.4757		-3.74514		22.4447
		30120		3.012e-11		276.249		17.854		-21.5991		-3.74515		22.413
		30180		3.018e-11		277.527		17.9366		-21.6817		-3.74512		22.4115
		30240		3.024e-11		282.84		18.2799		-22.0251		-3.74518		22.447
		30300		3.03e-11		276.925		17.8977		-21.6428		-3.74515		22.5075
		30360		3.036e-11		281.15		18.1707		-21.9159		-3.74521		22.586
		30420		3.042e-11		278.422		17.9944		-21.7395		-3.74511		22.6249
		30480		3.048e-11		285.486		18.451		-22.1962		-3.7452		22.6217
		30540		3.054e-11		278.559		18.0033		-21.7484		-3.74512		22.6285
		30600		3.06e-11		274.932		17.7688		-21.5139		-3.7451		22.6847
		30660		3.066e-11		276.139		17.8468		-21.5919		-3.74511		22.7762
		30720		3.072e-11		289.461		18.7079		-22.453		-3.74512		22.8486
		30780		3.078e-11		284.621		18.395		-22.1402		-3.74518		22.9444
		30840		3.084e-11		270.898		17.5081		-21.2533		-3.74511		23.1282
		30900		3.09e-11		278.101		17.9737		-21.7188		-3.74512		23.3477
		30960		3.096e-11		281.356		18.1841		-21.9292		-3.74514		23.5195
		31020		3.102e-11		275.682		17.8173		-21.5625		-3.74517		23.5986
		31080		3.108e-11		272.494		17.6113		-21.3565		-3.74516		23.6328
		31140		3.114e-11		274.211		17.7222		-21.4674		-3.74521		23.6816
		31200		3.12e-11		276.186		17.8499		-21.5951		-3.7452		23.7833
		31260		3.126e-11		264.35		17.0849		-20.83		-3.74504		23.909
		31320		3.132e-11		281.16		18.1714		-21.9166		-3.74518		24.0399
		31380		3.138e-11		281.507		18.1938		-21.9389		-3.74515		24.2078
		31440		3.144e-11		286.883		18.5412		-22.2864		-3.74522		24.396
		31500		3.15e-11		270.421		17.4773		-21.2224		-3.74508		24.5571
		31560		3.156e-11		283.872		18.3466		-22.0918		-3.74521		24.6782
		31620		3.162e-11		280.941		18.1572		-21.9024		-3.74516		24.7841
		31680		3.168e-11		275.704		17.8188		-21.5639		-3.74514		24.9079
		31740		3.174e-11		276.266		17.8551		-21.6002		-3.74515		25.0333
		31800		3.18e-11		283.627		18.3308		-22.0759		-3.74513		25.1121
		31860		3.186e-11		288.796		18.6649		-22.4101		-3.74519		25.143
		31920		3.192e-11		273.286		17.6625		-21.4076		-3.74513		25.1704
		31980		3.198e-11		260.194		16.8163		-20.5615		-3.74514		25.1703
		32040		3.204e-11		265.78		17.1773		-20.9225		-3.74512		25.1104
		32100		3.21e-11		286.086		18.4898		-22.2349		-3.74514		25.0687
		32160		3.216e-11		282.356		18.2487		-21.9938		-3.7451		25.1098
		32220		3.222e-11		279.748		18.0801		-21.8253		-3.74515		25.1902
		32280		3.228e-11		268.598		17.3595		-21.1046		-3.74513		25.3009
		32340		3.234e-11		280.362		18.1198		-21.865		-3.7452		25.4007
		32400		3.24e-11		272.009		17.5799		-21.325		-3.7451		25.4885
		32460		3.246e-11		277.759		17.9516		-21.6967		-3.74517		25.5607
		32520		3.252e-11		279.413		18.0585		-21.8036		-3.74515		25.6206
		32580		3.258e-11		279.434		18.0598		-21.805		-3.74516		25.6523
		32640		3.264e-11		278.581		18.0047		-21.7498		-3.74508		25.6999
		32700		3.27e-11		285.947		18.4807		-22.2259		-3.74515		25.8067
		32760		3.276e-11		277.084		17.9079		-21.6531		-3.74513		25.9429
		32820		3.282e-11		276.385		17.8628		-21.6079		-3.74513		26.0486
		32880		3.288e-11		282.614		18.2653		-22.0105		-3.74519		26.1579
		32940		3.294e-11		277.696		17.9475		-21.6926		-3.74513		26.2847
		33000		3.3e-11		279.664		18.0747		-21.8198		-3.74511		26.436
		33060		3.306e-11		283.662		18.3331		-22.0783		-3.74517		26.6355
		33120		3.312e-11		275.062		17.7773		-21.5224		-3.74509		26.7857
		33180		3.318e-11		280.955		18.1581		-21.9033		-3.74515		26.844
		33240		3.324e-11		287.72		18.5953		-22.3405		-3.74517		26.8474
		33300		3.33e-11		279.473		18.0623		-21.8075		-3.74513		26.8524
		33360		3.336e-11		279.177		18.0432		-21.7884		-3.74515		26.9235
		33420		3.342e-11		281.879		18.2178		-21.963		-3.74514		27.1022
		33480		3.348e-11		270.438		17.4784		-21.2235		-3.74512		27.3394
		33540		3.354e-11		269.279		17.4035		-21.1486		-3.74511		27.5465
		33600		3.36e-11		281.341		18.1831		-21.9283		-3.74524		27.7309
		33660		3.366e-11		260.199		16.8166		-20.5617		-3.74507		27.9488
		33720		3.372e-11		276.268		17.8552		-21.6003		-3.74514		28.1805
		33780		3.378e-11		284.029		18.3568		-22.1019		-3.74514		28.4372
		33840		3.384e-11		284.435		18.383		-22.1282		-3.74511		28.6444
		33900		3.39e-11		282.947		18.2869		-22.032		-3.74514		28.7245
		33960		3.396e-11		271.78		17.5651		-21.3102		-3.74508		28.7464
		34020		3.402e-11		281.742		18.209		-21.9542		-3.74516		28.7815
		34080		3.408e-11		273.496		17.676		-21.4211		-3.74506		28.8446
		34140		3.414e-11		293.45		18.9656		-22.7109		-3.74522		28.93
		34200		3.42e-11		290.606		18.7819		-22.527		-3.74513		29.0807
		34260		3.426e-11		271.265		17.5319		-21.277		-3.74508		29.2464
		34320		3.432e-11		272.508		17.6122		-21.3573		-3.74514		29.3537
		34380		3.438e-11		287.133		18.5574		-22.3026		-3.74519		29.3671
		34440		3.444e-11		287.953		18.6104		-22.3556		-3.74515		29.3408
		34500		3.45e-11		282.916		18.2848		-22.03		-3.74514		29.3938
		34560		3.456e-11		269.817		17.4383		-21.1833		-3.74504		29.5159
		34620		3.462e-11		283.737		18.3379		-22.0832		-3.74523		29.6776
		34680		3.468e-11		280.385		18.1213		-21.8664		-3.74515		29.7606
		34740		3.474e-11		291.263		18.8243		-22.5694		-3.74513		29.6798
		34800		3.48e-11		286.961		18.5463		-22.2915		-3.74518		29.5265
		34860		3.486e-11		276.553		17.8736		-21.6188		-3.74517		29.4275
		34920		3.492e-11		281.936		18.2215		-21.9667		-3.74521		29.4253
		34980		3.498e-11		268.501		17.3532		-21.0984		-3.74516		29.4804
		35040		3.504e-11		275.809		17.8255		-21.5707		-3.74512		29.5307
		35100		3.51e-11		279.118		18.0394		-21.7845		-3.74511		29.6403
		35160		3.516e-11		277.882		17.9595		-21.7047		-3.74515		29.7899
		35220		3.522e-11		281.669		18.2042		-21.9494		-3.7452		29.9316
		35280		3.528e-11		266.984		17.2552		-21.0003		-3.74508		30.0437
		35340		3.534e-11		285.831		18.4733		-22.2185		-3.7452		30.1225
		35400		3.54e-11		275.774		17.8233		-21.5684		-3.74509		30.1879
		35460		3.546e-11		277.461		17.9323		-21.6775		-3.74516		30.265
		35520		3.552e-11		278.611		18.0066		-21.7518		-3.7452		30.3709
		35580		3.558e-11		272.387		17.6044		-21.3495		-3.74513		30.5201
		35640		3.564e-11		267.799		17.3079		-21.053		-3.74512		30.6948
		35700		3.57e-11		274.06		17.7125		-21.4576		-3.74511		30.8439
		35760		3.576e-11		281.721		18.2076		-21.9527		-3.74513		30.9221
		35820		3.582e-11		280.765		18.1459		-21.891		-3.74517		30.9227
		35880		3.588e-11		271.806		17.5668		-21.3119		-3.74508		30.9449
		35940		3.594e-11		280.966		18.1589		-21.904		-3.74517		31.0041
		36000		3.6e-11		281.965		18.2234		-21.9686		-3.74521		31.0053
		36060		3.606e-11		274.972		17.7715		-21.5166		-3.74511		30.972
		36120		3.612e-11		286.728		18.5313		-22.2765		-3.74521		30.9928
		36180		3.618e-11		267.895		17.314		-21.0591		-3.74508		31.0716
		36240		3.624e-11		279.186		18.0438		-21.7889		-3.74518		31.1762
		36300		3.63e-11		277.577		17.9398		-21.685		-3.74518		31.3198
		36360		3.636e-11		270.387		17.4751		-21.2202		-3.74512		31.4331
		36420		3.642e-11		278.363		17.9906		-21.7357		-3.7451		31.4933
		36480		3.648e-11		266.862		17.2473		-20.9924		-3.7451		31.4892
		36540		3.654e-11		279.702		18.0771		-21.8223		-3.74519		31.4561
		36600		3.66e-11		275.86		17.8288		-21.5739		-3.74505		31.4662
		36660		3.666e-11		281.266		18.1782		-21.9234		-3.74515		31.502
		36720		3.672e-11		286.423		18.5115		-22.2566		-3.74514		31.5516
		36780		3.678e-11		290.713		18.7888		-22.5339		-3.74513		31.6119
		36840		3.684e-11		278.576		18.0044		-21.7495		-3.74513		31.6686
		36900		3.69e-11		270.089		17.4559		-21.201		-3.7451		31.7345
		36960		3.696e-11		278.14		17.9762		-21.7213		-3.7451		31.7928
		37020		3.702e-11		278.764		18.0165		-21.7617		-3.74518		31.8632
		37080		3.708e-11		262.775		16.9832		-20.7282		-3.7451		31.9978
		37140		3.714e-11		276.039		17.8404		-21.5856		-3.74516		32.2048
		37200		3.72e-11		269.718		17.4318		-21.177		-3.74511		32.4567
		37260		3.726e-11		276.852		17.8929		-21.6381		-3.74517		32.6953
		37320		3.732e-11		283.003		18.2905		-22.0357		-3.74517		32.8649
		37380		3.738e-11		281.45		18.1901		-21.9352		-3.74511		32.9595
		37440		3.744e-11		279.149		18.0414		-21.7865		-3.74512		33.0075
		37500		3.75e-11		277.284		17.9208		-21.666		-3.74511		33.0623
		37560		3.756e-11		289.737		18.7257		-22.4708		-3.74511		33.1192
		37620		3.762e-11		295.383		19.0906		-22.8358		-3.74515		33.1623
		37680		3.768e-11		273.511		17.677		-21.4221		-3.74509		33.2152
		37740		3.774e-11		270.248		17.4661		-21.2112		-3.74511		33.2357
		37800		3.78e-11		290.863		18.7984		-22.5437		-3.7452		33.2258
		37860		3.786e-11		275.661		17.816		-21.561		-3.74502		33.2488
		37920		3.792e-11		289.668		18.7213		-22.4665		-3.74522		33.2633
		37980		3.798e-11		275.793		17.8245		-21.5696		-3.74512		33.3284
		38040		3.804e-11		281.779		18.2113		-21.9565		-3.74513		33.4723
		38100		3.81e-11		284.165		18.3656		-22.1107		-3.74516		33.595
		38160		3.816e-11		274.329		17.7298		-21.475		-3.74512		33.6785
		38220		3.822e-11		279.962		18.0939		-21.8391		-3.74516		33.7578
		38280		3.828e-11		274.477		17.7395		-21.4846		-3.74508		33.8236
		38340		3.834e-11		281.552		18.1967		-21.9418		-3.74512		33.9248
		38400		3.84e-11		285.375		18.4438		-22.1889		-3.74515		34.0227
		38460		3.846e-11		283.065		18.2945		-22.0397		-3.74516		34.0873
		38520		3.852e-11		287.697		18.5938		-22.339		-3.74519		34.1416
		38580		3.858e-11		281.283		18.1793		-21.9244		-3.74514		34.2575
		38640		3.864e-11		281.776		18.2112		-21.9564		-3.7452		34.3571
		38700		3.87e-11		278.581		18.0047		-21.7499		-3.74526		34.3851
		38760		3.876e-11		273.241		17.6596		-21.4048		-3.7452		34.3966
		38820		3.882e-11		285.808		18.4718		-22.217		-3.74519		34.3601
		38880		3.888e-11		273.085		17.6495		-21.3946		-3.74509		34.3531
		38940		3.894e-11		271.427		17.5423		-21.2874		-3.74513		34.4201
		39000		3.9e-11		269.693		17.4303		-21.1753		-3.74508		34.5178
		39060		3.906e-11		285.646		18.4613		-22.2065		-3.74516		34.5771
		39120		3.912e-11		294.863		19.057		-22.8021		-3.74515		34.5872
		39180		3.918e-11		283.461		18.3201		-22.0651		-3.74507		34.5655
		39240		3.924e-11		295.843		19.1203		-22.8655		-3.7452		34.563
		39300		3.93e-11		281.383		18.1858		-21.9309		-3.74513		34.6665
		39360		3.936e-11		272.186		17.5914		-21.3366		-3.74519		34.8584
		39420		3.942e-11		268.031		17.3229		-21.068		-3.74514		35.1161
		39480		3.948e-11		277.437		17.9307		-21.6759		-3.74517		35.3229
		39540		3.954e-11		269.492		17.4173		-21.1624		-3.74509		35.4623
		39600		3.96e-11		276.967		17.9004		-21.6455		-3.74515		35.585
		39660		3.966e-11		283.54		18.3252		-22.0704		-3.74516		35.6638
		39720		3.972e-11		279.662		18.0745		-21.8197		-3.74512		35.6742
		39780		3.978e-11		279.583		18.0694		-21.8146		-3.74511		35.6572
		39840		3.984e-11		285.471		18.45		-22.1951		-3.74514		35.7007
		39900		3.99e-11		279.621		18.0719		-21.8171		-3.74515		35.8441
		39960		3.996e-11		276.987		17.9016		-21.6468		-3.74517		35.9398
		40020		4.002e-11		270.992		17.5142		-21.2593		-3.74503		35.954
		40080		4.008e-11		289.544		18.7132		-22.4584		-3.7452		35.9529
		40140		4.014e-11		274.797		17.7602		-21.5052		-3.74505		35.9791
		40200		4.02e-11		282.223		18.2401		-21.9852		-3.74515		36.0196
		40260		4.026e-11		278.392		17.9925		-21.7376		-3.74516		36.0939
		40320		4.032e-11		268.588		17.3589		-21.104		-3.74512		36.2307
		40380		4.038e-11		279.926		18.0916		-21.8367		-3.74514		36.371
		40440		4.044e-11		283.961		18.3524		-22.0975		-3.74512		36.468
		40500		4.05e-11		279.113		18.0391		-21.7842		-3.74509		36.5763
		40560		4.056e-11		282.616		18.2655		-22.0106		-3.74515		36.7147
		40620		4.062e-11		278.441		17.9956		-21.7407		-3.7451		36.846
		40680		4.068e-11		282.972		18.2884		-22.0336		-3.74518		36.9502
		40740		4.074e-11		271.418		17.5418		-21.2869		-3.7451		37.1068
		40800		4.08e-11		276.446		17.8667		-21.6119		-3.74516		37.2858
		40860		4.086e-11		272.791		17.6305		-21.3757		-3.74517		37.369
		40920		4.092e-11		261.625		16.9088		-20.6539		-3.74506		37.3484
		40980		4.098e-11		270.643		17.4917		-21.2368		-3.74513		37.3448
		41040		4.104e-11		279.737		18.0794		-21.8246		-3.74516		37.389
		41100		4.11e-11		283.9		18.3485		-22.0936		-3.74514		37.4873
		41160		4.116e-11		278.901		18.0253		-21.7705		-3.74512		37.5577
		41220		4.122e-11		271.498		17.5469		-21.292		-3.74512		37.5656
		41280		4.128e-11		287.872		18.6052		-22.3504		-3.74518		37.5916
		41340		4.134e-11		275.964		17.8356		-21.5806		-3.74507		37.6123
		41400		4.14e-11		280.701		18.1417		-21.8868		-3.74515		37.5945
		41460		4.146e-11		285.96		18.4816		-22.2267		-3.74511		37.5575
		41520		4.152e-11		271.5		17.547		-21.2921		-3.74509		37.51
		41580		4.158e-11		276.655		17.8802		-21.6254		-3.74518		37.4683
		41640		4.164e-11		273.94		17.7047		-21.4499		-3.74517		37.578
		41700		4.17e-11		262.422		16.9603		-20.7054		-3.74505		37.7888
		41760		4.176e-11		279.361		18.0551		-21.8003		-3.74516		37.8846
		41820		4.182e-11		273.303		17.6636		-21.4087		-3.7451		37.8594
		41880		4.188e-11		278.107		17.9741		-21.7192		-3.74513		37.7715
		41940		4.194e-11		274.105		17.7154		-21.4605		-3.74511		37.7624
		42000		4.2e-11		278.012		17.9679		-21.7131		-3.74517		37.8164
		42060		4.206e-11		283.735		18.3378		-22.0829		-3.74518		37.9112
		42120		4.212e-11		281.099		18.1674		-21.9125		-3.74513		38.0543
		42180		4.218e-11		278.72		18.0137		-21.7588		-3.74515		38.2806
		42240		4.224e-11		272.094		17.5854		-21.3305		-3.74508		38.5036
		42300		4.23e-11		273.209		17.6575		-21.4027		-3.7452		38.5397
		42360		4.236e-11		271.175		17.526		-21.2712		-3.74512		38.4812
		42420		4.242e-11		282.405		18.2518		-21.9969		-3.74509		38.4566
		42480		4.248e-11		283.486		18.3217		-22.0668		-3.74512		38.5003
		42540		4.254e-11		277.137		17.9114		-21.6565		-3.74516		38.5847
		42600		4.26e-11		277.667		17.9456		-21.6908		-3.74514		38.6564
		42660		4.266e-11		283.966		18.3527		-22.0979		-3.74515		38.6815
		42720		4.272e-11		278.578		18.0045		-21.7495		-3.74503		38.7339
		42780		4.278e-11		292.127		18.8802		-22.6254		-3.74525		38.8943
		42840		4.284e-11		268.506		17.3536		-21.0987		-3.74519		39.0161
		42900		4.29e-11		272.691		17.624		-21.3691		-3.74514		39.0239
		42960		4.296e-11		288.851		18.6684		-22.4136		-3.74514		39.0308
		43020		4.302e-11		286.625		18.5245		-22.2696		-3.74508		39.1215
		43080		4.308e-11		285.957		18.4814		-22.2265		-3.74512		39.29
		43140		4.314e-11		288.495		18.6454		-22.3905		-3.74512		39.504
		43200		4.32e-11		275.922		17.8328		-21.5779		-3.74513		39.6716
		43260		4.326e-11		278.367		17.9909		-21.736		-3.74512		39.7933
		43320		4.332e-11		289.491		18.7098		-22.4549		-3.74514		39.884
		43380		4.338e-11		280.971		18.1591		-21.9042		-3.74511		39.9576
		43440		4.344e-11		277.751		17.951		-21.6962		-3.74513		39.9818
		43500		4.35e-11		275.299		17.7926		-21.5377		-3.74509		39.9257
		43560		4.356e-11		282.873		18.2821		-22.0272		-3.74509		39.8291
		43620		4.362e-11		289.287		18.6966		-22.4418		-3.74517		39.797
		43680		4.368e-11		276.975		17.9009		-21.6461		-3.74514		39.8568
		43740		4.374e-11		275.158		17.7834		-21.5286		-3.74517		40.0081
		43800		4.38e-11		275.777		17.8235		-21.5686		-3.74512		40.2016
		43860		4.386e-11		272.838		17.6335		-21.3786		-3.74508		40.3226
		43920		4.392e-11		277.295		17.9215		-21.6667		-3.74512		40.3186
		43980		4.398e-11		272.947		17.6406		-21.3857		-3.74511		40.2489
		44040		4.404e-11		266.122		17.1995		-20.9446		-3.74508		40.2586
		44100		4.41e-11		272.095		17.5855		-21.3306		-3.7451		40.3979
		44160		4.416e-11		288.919		18.6728		-22.418		-3.74518		40.5943
		44220		4.422e-11		272.316		17.5998		-21.3449		-3.74511		40.8118
		44280		4.428e-11		277.261		17.9194		-21.6646		-3.74519		40.9964
		44340		4.434e-11		280.053		18.0998		-21.845		-3.74514		41.0974
		44400		4.44e-11		287.797		18.6003		-22.3455		-3.74517		41.1143
		44460		4.446e-11		281.421		18.1882		-21.9333		-3.74511		41.1137
		44520		4.452e-11		276.07		17.8424		-21.5875		-3.74512		41.1737
		44580		4.458e-11		279.395		18.0573		-21.8024		-3.7451		41.3019
		44640		4.464e-11		282.435		18.2538		-21.9989		-3.74518		41.471
		44700		4.47e-11		279.756		18.0806		-21.8258		-3.74518		41.5755
		44760		4.476e-11		283.519		18.3239		-22.069		-3.74514		41.5899
		44820		4.482e-11		284.34		18.3769		-22.122		-3.74514		41.6436
		44880		4.488e-11		287.894		18.6066		-22.3517		-3.74512		41.7557
		44940		4.494e-11		292.3		18.8913		-22.6364		-3.74512		41.8227
		45000		4.5e-11		295.181		19.0775		-22.8227		-3.74514		41.8444
		45060		4.506e-11		279.352		18.0545		-21.7996		-3.74512		41.8479
		45120		4.512e-11		274.649		17.7506		-21.4957		-3.74513		41.8309
		45180		4.518e-11		275.715		17.8194		-21.5646		-3.74512		41.8341
		45240		4.524e-11		279.671		18.0751		-21.8203		-3.7452		41.9411
		45300		4.53e-11		273.428		17.6716		-21.4167		-3.74509		42.0983
		45360		4.536e-11		281.802		18.2128		-21.958		-3.74515		42.212
		45420		4.542e-11		281.435		18.1892		-21.9343		-3.74513		42.318
		45480		4.548e-11		277.713		17.9486		-21.6937		-3.74511		42.4151
		45540		4.554e-11		267.13		17.2646		-21.0098		-3.74514		42.4859
		45600		4.56e-11		273.204		17.6572		-21.4023		-3.74516		42.5035
		45660		4.566e-11		278.65		18.0092		-21.7543		-3.74514		42.5239
		45720		4.572e-11		276.129		17.8462		-21.5913		-3.74515		42.5892
		45780		4.578e-11		270.523		17.4839		-21.229		-3.74511		42.6364
		45840		4.584e-11		273.046		17.647		-21.3921		-3.74513		42.6302
		45900		4.59e-11		269.151		17.3953		-21.1403		-3.74505		42.5839
		45960		4.596e-11		284.996		18.4193		-22.1644		-3.74519		42.5279
		46020		4.602e-11		278.109		17.9742		-21.7193		-3.74516		42.5235
		46080		4.608e-11		257.524		16.6438		-20.3889		-3.74509		42.476
		46140		4.614e-11		271.227		17.5294		-21.2745		-3.74513		42.3554
		46200		4.62e-11		288.936		18.674		-22.4191		-3.74515		42.3556
		46260		4.626e-11		273.099		17.6504		-21.3955		-3.74512		42.5015
		46320		4.632e-11		266.155		17.2016		-20.9467		-3.7451		42.6419
		46380		4.638e-11		279.191		18.0441		-21.7893		-3.74519		42.7043
		46440		4.644e-11		284.565		18.3914		-22.1366		-3.74518		42.7462
		46500		4.65e-11		285.473		18.4501		-22.1953		-3.74517		42.7537
		46560		4.656e-11		275.374		17.7974		-21.5425		-3.74513		42.731
		46620		4.662e-11		279.698		18.0769		-21.822		-3.74511		42.7669
		46680		4.668e-11		270.098		17.4564		-21.2015		-3.74508		42.9065
		46740		4.674e-11		276.49		17.8695		-21.6147		-3.74515		43.1644
		46800		4.68e-11		283.109		18.2974		-22.0425		-3.74511		43.462
		46860		4.686e-11		279.175		18.043		-21.7882		-3.74518		43.7128
		46920		4.692e-11		272.543		17.6145		-21.3596		-3.74511		43.8768
		46980		4.698e-11		282.677		18.2694		-22.0146		-3.74517		43.9474
		47040		4.704e-11		279.742		18.0797		-21.8249		-3.74516		44.0202
		47100		4.71e-11		283.143		18.2995		-22.0447		-3.74519		44.1338
		47160		4.716e-11		267.199		17.2691		-21.0141		-3.74504		44.3089
		47220		4.722e-11		285.599		18.4583		-22.2034		-3.74517		44.3917
		47280		4.728e-11		282.153		18.2355		-21.9807		-3.74517		44.3313
		47340		4.734e-11		272.855		17.6346		-21.3797		-3.74513		44.2733
		47400		4.74e-11		280.096		18.1026		-21.8478		-3.74521		44.2593
		47460		4.746e-11		269.854		17.4407		-21.1858		-3.7451		44.2556
		47520		4.752e-11		282.965		18.288		-22.0332		-3.74516		44.3105
		47580		4.758e-11		278.22		17.9813		-21.7264		-3.74506		44.414
		47640		4.764e-11		291.174		18.8186		-22.5638		-3.74516		44.5056
		47700		4.77e-11		284.576		18.3922		-22.1373		-3.74516		44.6022
		47760		4.776e-11		278.668		18.0103		-21.7555		-3.74515		44.6837
		47820		4.782e-11		278.097		17.9734		-21.7186		-3.74514		44.7046
		47880		4.788e-11		282.956		18.2875		-22.0325		-3.74507		44.7235
		47940		4.794e-11		293.403		18.9627		-22.7078		-3.74519		44.7516
		48000		4.8e-11		266.426		17.2191		-20.9642		-3.74506		44.7855
		48060		4.806e-11		277.156		17.9126		-21.6578		-3.74519		44.885
		48120		4.812e-11		275.807		17.8254		-21.5705		-3.74508		44.9728
		48180		4.818e-11		286.103		18.4908		-22.2359		-3.74512		44.9781
		48240		4.824e-11		283.362		18.3137		-22.0588		-3.74517		44.9689
		48300		4.83e-11		276.07		17.8424		-21.5875		-3.74509		45.0395
		48360		4.836e-11		286.945		18.5452		-22.2903		-3.74509		45.1579
		48420		4.842e-11		282.963		18.2879		-22.033		-3.74511		45.287
		48480		4.848e-11		283.814		18.3429		-22.088		-3.74513		45.4315
		48540		4.854e-11		286.285		18.5026		-22.2478		-3.74515		45.5443
		48600		4.86e-11		284.303		18.3745		-22.1196		-3.74511		45.7041
		48660		4.866e-11		299.09		19.3302		-23.0754		-3.7452		45.8523
		48720		4.872e-11		289.818		18.7309		-22.4761		-3.74516		45.9493
		48780		4.878e-11		285.164		18.4302		-22.1752		-3.74508		45.9843
		48840		4.884e-11		289.731		18.7253		-22.4705		-3.74513		45.9293
		48900		4.89e-11		269.087		17.3911		-21.1362		-3.7451		45.8989
		48960		4.896e-11		267.795		17.3076		-21.0527		-3.74512		46.0195
		49020		4.902e-11		285.753		18.4682		-22.2133		-3.7451		46.2652
		49080		4.908e-11		282.069		18.2301		-21.9753		-3.74516		46.454
		49140		4.914e-11		274.647		17.7505		-21.4957		-3.74523		46.5708
		49200		4.92e-11		269.829		17.4391		-21.1841		-3.74507		46.7003
		49260		4.926e-11		276.554		17.8737		-21.6189		-3.74514		46.9251
		49320		4.932e-11		278.265		17.9843		-21.7294		-3.74515		47.1965
		49380		4.938e-11		279.796		18.0832		-21.8283		-3.74513		47.5049
		49440		4.944e-11		286.581		18.5217		-22.267		-3.74521		47.8053
		49500		4.95e-11		278.134		17.9758		-21.7209		-3.7451		48.0757
		49560		4.956e-11		284.306		18.3747		-22.1198		-3.74518		48.2951
		49620		4.962e-11		287.447		18.5777		-22.3229		-3.74517		48.4763
		49680		4.968e-11		276.925		17.8977		-21.6428		-3.74514		48.6303
		49740		4.974e-11		269.324		17.4064		-21.1516		-3.74514		48.7488
		49800		4.98e-11		276.9		17.896		-21.6412		-3.74518		48.808
		49860		4.986e-11		289.259		18.6948		-22.44		-3.74516		48.8064
		49920		4.992e-11		291.443		18.836		-22.5811		-3.74515		48.8274
		49980		4.998e-11		275.937		17.8338		-21.5789		-3.74514		48.9168
		50040		5.004e-11		272.944		17.6403		-21.3854		-3.74511		49.0257
		50100		5.01e-11		283.609		18.3296		-22.0748		-3.74519		49.1245
		50160		5.016e-11		264.375		17.0865		-20.8316		-3.74509		49.2632
		50220		5.022e-11		281.486		18.1924		-21.9376		-3.74512		49.426
		50280		5.028e-11		287.811		18.6012		-22.3463		-3.74513		49.5385
		50340		5.034e-11		289.181		18.6898		-22.435		-3.7452		49.5733
		50400		5.04e-11		275.466		17.8034		-21.5485		-3.74509		49.556
		50460		5.046e-11		280.453		18.1257		-21.8709		-3.74517		49.5879
		50520		5.052e-11		271.702		17.5601		-21.3052		-3.74513		49.6327
		50580		5.058e-11		275.897		17.8312		-21.5764		-3.74517		49.661
		50640		5.064e-11		279.337		18.0535		-21.7986		-3.74509		49.6686
		50700		5.07e-11		277.638		17.9437		-21.6889		-3.74514		49.678
		50760		5.076e-11		269.374		17.4096		-21.1547		-3.74508		49.7472
		50820		5.082e-11		282.285		18.2441		-21.9892		-3.74519		49.8504
		50880		5.088e-11		267.161		17.2666		-21.0117		-3.74507		49.983
		50940		5.094e-11		272.804		17.6313		-21.3765		-3.74515		50.1098
		51000		5.1e-11		276.227		17.8525		-21.5976		-3.74511		50.2368
		51060		5.106e-11		286.775		18.5342		-22.2794		-3.74516		50.4303
		51120		5.112e-11		275.552		17.8089		-21.554		-3.74509		50.6981
		51180		5.118e-11		276.153		17.8478		-21.5929		-3.74515		50.9415
		51240		5.124e-11		264.913		17.1213		-20.8664		-3.74512		51.051
		51300		5.13e-11		276.97		17.9006		-21.6457		-3.74512		51.0325
		51360		5.136e-11		289.065		18.6823		-22.4274		-3.74514		51.0014
		51420		5.142e-11		275.846		17.8279		-21.573		-3.74508		50.9736
		51480		5.148e-11		280.451		18.1255		-21.8707		-3.74513		51.0135
		51540		5.154e-11		287.596		18.5873		-22.3324		-3.74513		51.1492
		51600		5.16e-11		274.644		17.7502		-21.4953		-3.74506		51.2725
		51660		5.166e-11		279.385		18.0566		-21.8017		-3.74512		51.2388
		51720		5.172e-11		287.919		18.6082		-22.3533		-3.74514		51.1624
		51780		5.178e-11		279.354		18.0547		-21.7998		-3.74512		51.1771
		51840		5.184e-11		274.977		17.7717		-21.5169		-3.74514		51.1908
		51900		5.19e-11		274.011		17.7093		-21.4544		-3.7451		51.1408
		51960		5.196e-11		281.671		18.2044		-21.9495		-3.74517		51.1101
		52020		5.202e-11		287.231		18.5638		-22.3089		-3.74518		51.1471
		52080		5.208e-11		281.225		18.1756		-21.9206		-3.74508		51.1735
		52140		5.214e-11		289.842		18.7325		-22.4777		-3.74518		51.1904
		52200		5.22e-11		284.653		18.3971		-22.1422		-3.74512		51.2257
		52260		5.226e-11		277.111		17.9097		-21.6548		-3.74513		51.2749
		52320		5.232e-11		273.492		17.6758		-21.421		-3.74518		51.3345
		52380		5.238e-11		281.49		18.1927		-21.9379		-3.74515		51.3799
		52440		5.244e-11		279.144		18.0411		-21.7862		-3.7451		51.4611
		52500		5.25e-11		270.898		17.5081		-21.2532		-3.74512		51.6094
		52560		5.256e-11		266.738		17.2393		-20.9844		-3.74513		51.781
		52620		5.262e-11		263.944		17.0587		-20.8037		-3.74507		51.8836
		52680		5.268e-11		279.59		18.0699		-21.815		-3.74514		51.8586
		52740		5.274e-11		288.997		18.6778		-22.423		-3.74511		51.8224
		52800		5.28e-11		285.63		18.4602		-22.2054		-3.74512		51.7848
		52860		5.286e-11		272.536		17.614		-21.3591		-3.74508		51.7399
		52920		5.292e-11		284.647		18.3967		-22.1419		-3.74514		51.746
		52980		5.298e-11		283.657		18.3327		-22.0779		-3.74514		51.8413
		53040		5.304e-11		287.385		18.5737		-22.3188		-3.74514		52.0031
		53100		5.31e-11		291.515		18.8406		-22.5857		-3.74515		52.2073
		53160		5.316e-11		277.174		17.9138		-21.6589		-3.74516		52.3549
		53220		5.322e-11		277.98		17.9658		-21.711		-3.74516		52.3615
		53280		5.328e-11		279.705		18.0773		-21.8224		-3.7451		52.3432
		53340		5.334e-11		275.757		17.8221		-21.5673		-3.7451		52.3822
		53400		5.34e-11		272.88		17.6362		-21.3814		-3.74513		52.4767
		53460		5.346e-11		271.184		17.5266		-21.2717		-3.74509		52.6639
		53520		5.352e-11		279.691		18.0764		-21.8216		-3.74518		52.804
		53580		5.358e-11		270.468		17.4804		-21.2255		-3.74511		52.8303
		53640		5.364e-11		269.04		17.3881		-21.1331		-3.74503		52.8903
		53700		5.37e-11		290.834		18.7966		-22.5418		-3.74522		53.0575
		53760		5.376e-11		289.091		18.684		-22.4292		-3.74517		53.2514
		53820		5.382e-11		277.225		17.917		-21.6621		-3.74509		53.4201
		53880		5.388e-11		283.666		18.3333		-22.0784		-3.74515		53.522
		53940		5.394e-11		282.105		18.2324		-21.9776		-3.74514		53.6163
		54000		5.4e-11		275.902		17.8315		-21.5767		-3.74515		53.7095
		54060		5.406e-11		265.864		17.1828		-20.9278		-3.74506		53.7047
		54120		5.412e-11		282.576		18.2629		-22.008		-3.74513		53.6774
		54180		5.418e-11		285.519		18.4531		-22.1983		-3.74518		53.7229
		54240		5.424e-11		272.07		17.5839		-21.329		-3.74512		53.7993
		54300		5.43e-11		272.455		17.6088		-21.3539		-3.7451		53.8172
		54360		5.436e-11		281.475		18.1918		-21.9369		-3.74518		53.7735
		54420		5.442e-11		269.522		17.4192		-21.1642		-3.74505		53.7258
		54480		5.448e-11		275.791		17.8244		-21.5695		-3.74512		53.6544
		54540		5.454e-11		280.917		18.1556		-21.9008		-3.74513		53.6512
		54600		5.46e-11		288.811		18.6659		-22.411		-3.74518		53.7142
		54660		5.466e-11		291.596		18.8458		-22.5911		-3.74524		53.7945
		54720		5.472e-11		290.534		18.7772		-22.5223		-3.74514		53.8506
		54780		5.478e-11		286.097		18.4904		-22.2356		-3.74515		53.8638
		54840		5.484e-11		280.914		18.1555		-21.9007		-3.74515		53.9341
		54900		5.49e-11		282.589		18.2637		-22.0088		-3.74512		53.9626
		54960		5.496e-11		281.906		18.2196		-21.9647		-3.74513		53.9977
		55020		5.502e-11		272.7		17.6246		-21.3697		-3.74511		54.1048
		55080		5.508e-11		278.531		18.0014		-21.7466		-3.74517		54.1071
		55140		5.514e-11		284.06		18.3588		-22.1039		-3.74511		54.0244
		55200		5.52e-11		284.332		18.3764		-22.1215		-3.74515		54.0047
		55260		5.526e-11		291.72		18.8538		-22.599		-3.74518		54.1305
		55320		5.532e-11		287.268		18.5661		-22.3112		-3.74512		54.3463
		55380		5.538e-11		287.23		18.5637		-22.3088		-3.74515		54.5047
		55440		5.544e-11		283.242		18.3059		-22.0511		-3.74514		54.5943
		55500		5.55e-11		270.388		17.4752		-21.2203		-3.74509		54.6708
		55560		5.556e-11		284.058		18.3587		-22.1039		-3.74521		54.7584
		55620		5.562e-11		276.437		17.8661		-21.6112		-3.74506		54.8238
		55680		5.568e-11		294.385		19.0261		-22.7713		-3.74517		54.9156
		55740		5.574e-11		287.973		18.6117		-22.3568		-3.74508		54.9476
		55800		5.58e-11		287.821		18.6019		-22.347		-3.74515		54.9239
		55860		5.586e-11		282.942		18.2865		-22.0317		-3.74512		54.9038
		55920		5.592e-11		291.274		18.825		-22.5702		-3.74517		54.9308
		55980		5.598e-11		274.681		17.7526		-21.4977		-3.7451		55.0335
		56040		5.604e-11		264.987		17.1261		-20.8712		-3.74506		55.1323
		56100		5.61e-11		288.53		18.6477		-22.3929		-3.74518		55.1322
		56160		5.616e-11		280.053		18.0998		-21.845		-3.74512		55.0293
		56220		5.622e-11		284.175		18.3662		-22.1114		-3.74516		54.9317
		56280		5.628e-11		271.897		17.5727		-21.3178		-3.74513		54.9827
		56340		5.634e-11		267.37		17.2801		-21.0253		-3.74518		55.2239
		56400		5.64e-11		279.289		18.0505		-21.7956		-3.74515		55.4414
		56460		5.646e-11		292.765		18.9214		-22.6665		-3.74515		55.5084
		56520		5.652e-11		285.628		18.4601		-22.2052		-3.7451		55.5534
		56580		5.658e-11		276.457		17.8674		-21.6125		-3.74512		55.618
		56640		5.664e-11		282.518		18.2591		-22.0043		-3.74518		55.705
		56700		5.67e-11		272.461		17.6092		-21.3543		-3.74509		55.8311
		56760		5.676e-11		279.502		18.0642		-21.8093		-3.74513		55.9368
		56820		5.682e-11		276.067		17.8422		-21.5873		-3.7451		56.0328
		56880		5.688e-11		283.853		18.3454		-22.0905		-3.74514		56.1249
		56940		5.694e-11		281.124		18.169		-21.9141		-3.74505		56.2078
		57000		5.7e-11		288.662		18.6562		-22.4014		-3.74517		56.3348
		57060		5.706e-11		278.416		17.994		-21.7391		-3.74507		56.4478
		57120		5.712e-11		292.343		18.8941		-22.6393		-3.74522		56.498
		57180		5.718e-11		282.256		18.2422		-21.9873		-3.74515		56.5589
		57240		5.724e-11		282.022		18.2271		-21.9722		-3.74514		56.6579
		57300		5.73e-11		268.679		17.3647		-21.1097		-3.74504		56.7592
		57360		5.736e-11		269.1		17.392		-21.1371		-3.74512		56.8113
		57420		5.742e-11		275.848		17.8281		-21.5732		-3.74516		56.795
		57480		5.748e-11		280.754		18.1452		-21.8903		-3.74514		56.7722
		57540		5.754e-11		279.374		18.056		-21.8011		-3.74509		56.8236
		57600		5.76e-11		291.69		18.8519		-22.5971		-3.74523		56.942
		57660		5.766e-11		278.929		18.0272		-21.7722		-3.74504		57.1143
		57720		5.772e-11		292.112		18.8792		-22.6244		-3.74521		57.3112
		57780		5.778e-11		282.608		18.2649		-22.01		-3.74511		57.4754
		57840		5.784e-11		284.336		18.3766		-22.1218		-3.74513		57.6358
		57900		5.79e-11		271.588		17.5527		-21.2978		-3.74509		57.906
		57960		5.796e-11		270.434		17.4781		-21.2233		-3.74517		58.1475
		58020		5.802e-11		268.779		17.3712		-21.1162		-3.74503		58.2801
		58080		5.808e-11		281.752		18.2096		-21.9548		-3.74516		58.3057
		58140		5.814e-11		268.884		17.378		-21.1231		-3.74508		58.2868
		58200		5.82e-11		280.637		18.1376		-21.8828		-3.74521		58.3374
		58260		5.826e-11		277.045		17.9054		-21.6505		-3.74514		58.5534
		58320		5.832e-11		281.15		18.1707		-21.9159		-3.74519		58.7827
		58380		5.838e-11		266.913		17.2506		-20.9957		-3.74514		58.8748
		58440		5.844e-11		268.531		17.3552		-21.1003		-3.74516		58.882
		58500		5.85e-11		267.875		17.3128		-21.0579		-3.74513		58.9605
		58560		5.856e-11		268.023		17.3223		-21.0675		-3.7451		59.0231
		58620		5.862e-11		276.835		17.8918		-21.637		-3.74518		58.9582
		58680		5.868e-11		271.617		17.5546		-21.2997		-3.7451		58.8701
		58740		5.874e-11		278.689		18.0117		-21.7568		-3.74516		58.9546
		58800		5.88e-11		279.312		18.0519		-21.7971		-3.74517		59.2255
		58860		5.886e-11		269.701		17.4307		-21.1758		-3.7451		59.566
		58920		5.892e-11		287.557		18.5848		-22.33		-3.74518		59.8481
		58980		5.898e-11		287.183		18.5606		-22.3058		-3.74513		60.06
		59040		5.904e-11		287.957		18.6107		-22.3558		-3.74517		60.2144
		59100		5.91e-11		277.851		17.9575		-21.7026		-3.74504		60.2607
		59160		5.916e-11		292.913		18.931		-22.6761		-3.74515		60.3147
		59220		5.922e-11		290.349		18.7653		-22.5104		-3.74515		60.4615
		59280		5.928e-11		275.796		17.8247		-21.5698		-3.74509		60.6296
		59340		5.934e-11		274.819		17.7615		-21.5066		-3.74512		60.749
		59400		5.94e-11		284.943		18.4159		-22.1612		-3.74526		60.796
		59460		5.946e-11		287.008		18.5493		-22.2945		-3.74521		60.7883
		59520		5.952e-11		275.278		17.7912		-21.5363		-3.74511		60.7884
		59580		5.958e-11		281.312		18.1812		-21.9264		-3.7452		60.8584
		59640		5.964e-11		281.735		18.2085		-21.9537		-3.74519		60.9586
		59700		5.97e-11		279.332		18.0533		-21.7984		-3.74516		61.0586
		59760		5.976e-11		277.252		17.9188		-21.664		-3.74513		61.1729
		59820		5.982e-11		271.231		17.5297		-21.2748		-3.74514		61.2954
		59880		5.988e-11		274.793		17.7599		-21.505		-3.74511		61.3358
		59940		5.994e-11		276.59		17.876		-21.6212		-3.74511		61.3519
